2016-05-19 22:19:13.398720 -65 -81 -85 -75 -78 
2016-05-19 22:19:13.516735 -73 -74 -76 -71 -74 
2016-05-19 22:19:13.700756 -70 -83 -74 -82 -72 
2016-05-19 22:19:13.808773 -63 -71 -87 -76 -75 
2016-05-19 22:19:13.937791 -67 -88 -79 -71 -78 
2016-05-19 22:19:14.121814 -71 -78 -80 -69 -74 
2016-05-19 22:19:14.336842 -66 -72 -79 -70 -69 
2016-05-19 22:19:14.455855 -68 -71 -77 -72 -78 
2016-05-19 22:19:14.644888 -71 -74 -82 -71 -73 
2016-05-19 22:19:14.871913 -65 -72 -81 -74 -70 
2016-05-19 22:19:14.977926 -65 -82 -78 -71 -72 
2016-05-19 22:19:15.084945 -65 -73 -77 -74 -74 
2016-05-19 22:19:15.187953 -66 -81 -86 -69 -65 
2016-05-19 22:19:15.298968 -65 -72 -77 -76 -78 
2016-05-19 22:19:15.480988 -68 -71 -83 -76 -65 
2016-05-19 22:19:15.687019 -69 -71 -79 -77 -75 
2016-05-19 22:19:15.793034 -67 -84 -79 -73 -73 
2016-05-19 22:19:15.896043 -67 -70 -81 -75 -78 
2016-05-19 22:19:16.103077 -68 -81 -80 -77 -82 
2016-05-19 22:19:16.303099 -68 -71 -79 -73 -77 
2016-05-19 22:19:16.411111 -68 -76 -79 -76 -67 
2016-05-19 22:19:16.552138 -66 -69 -84 -72 -73 
2016-05-19 22:19:16.725159 -65 -75 -86 -68 -73 
2016-05-19 22:19:16.826170 -69 -81 -75 -73 -74 
2016-05-19 22:19:16.975191 -68 -82 -77 -75 -69 
2016-05-19 22:19:17.243215 -68 -73 -78 -74 -71 
2016-05-19 22:19:17.348228 -66 -84 -86 -73 -67 
2016-05-19 22:19:17.478246 -71 -82 -76 -71 -70 
2016-05-19 22:19:17.676269 -68 -76 -80 -69 -71 
2016-05-19 22:19:17.898301 -73 -74 -82 -76 -69 
2016-05-19 22:19:18.001311 -71 -79 -76 -78 -68 
2016-05-19 22:19:18.103327 -83 -82 -79 -70 -68 
2016-05-19 22:19:18.206338 -68 -73 -83 -76 -74 
2016-05-19 22:19:18.309354 -66 -80 -77 -69 -69 
2016-05-19 22:19:18.415372 -68 -71 -83 -75 -73 
2016-05-19 22:19:18.530389 -77 -70 -76 -71 -68 
2016-05-19 22:19:18.739411 -73 -70 -81 -71 -68 
2016-05-19 22:19:18.948438 -79 -78 -75 -69 -69 
2016-05-19 22:19:19.156462 -73 -74 -77 -70 -68 
2016-05-19 22:19:19.260482 -66 -81 -81 -73 -75 
2016-05-19 22:19:19.470509 -76 -85 -78 -73 -73 
2016-05-19 22:19:19.578520 -79 -80 -78 -68 -69 
2016-05-19 22:19:19.684534 -68 -75 -77 -80 -76 
2016-05-19 22:19:19.983573 -72 -83 -81 -73 -71 
2016-05-19 22:19:20.091584 -72 -85 -80 -71 -67 
2016-05-19 22:19:20.410632 -69 -77 -77 -85 -70 
2016-05-19 22:19:20.553647 -75 -71 -73 -70 -69 
2016-05-19 22:19:20.924696 -74 -72 -80 -71 -69 
2016-05-19 22:19:21.053713 -70 -69 -79 -75 -69 
2016-05-19 22:19:21.157726 -76 -80 -77 -69 -68 
2016-05-19 22:19:21.561776 -75 -83 -81 -71 -68 
2016-05-19 22:19:21.757805 -85 -75 -76 -68 -69 
2016-05-19 22:19:21.864819 -68 -83 -74 -70 -72 
2016-05-19 22:19:22.016836 -87 -81 -74 -79 -70 
2016-05-19 22:19:22.199862 -72 -69 -79 -80 -69 
2016-05-19 22:19:22.407897 -88 -76 -78 -79 -71 
2016-05-19 22:19:22.735944 -77 -84 -79 -75 -67 
2016-05-19 22:19:23.038979 -75 -69 -78 -79 -71 
2016-05-19 22:19:23.147040 -74 -89 -74 -78 -68 
2016-05-19 22:19:23.278003 -66 -77 -74 -78 -69 
2016-05-19 22:19:23.488031 -72 -70 -74 -79 -68 
2016-05-19 22:19:23.792067 -72 -77 -79 -77 -68 
2016-05-19 22:19:23.981098 -73 -73 -78 -71 -75 
2016-05-19 22:19:24.172118 -67 -70 -77 -72 -86 
2016-05-19 22:19:24.391152 -74 -77 -83 -75 -84 
2016-05-19 22:19:24.495162 -74 -70 -77 -74 -73 
2016-05-19 22:19:24.601180 -71 -71 -84 -73 -68 
2016-05-19 22:19:24.724193 -69 -71 -74 -69 -77 
2016-05-19 22:19:24.917214 -70 -73 -70 -85 -76 
2016-05-19 22:19:25.042231 -76 -67 -78 -66 -81 
2016-05-19 22:19:25.166253 -77 -72 -81 -70 -66 
2016-05-19 22:19:25.463288 -75 -81 -70 -66 -73 
2016-05-19 22:19:25.541302 -69 -67 -71 -73 -68 
2016-05-19 22:19:25.736328 -67 -75 -69 -75 -77 
2016-05-19 22:19:25.844338 -71 -69 -71 -80 -69 
2016-05-19 22:19:26.059367 -67 -68 -68 -74 -71 
2016-05-19 22:19:26.267391 -75 -69 -71 -71 -74 
2016-05-19 22:19:26.486427 -74 -68 -73 -68 -68 
2016-05-19 22:19:26.595437 -75 -68 -68 -67 -75 
2016-05-19 22:19:26.810465 -74 -73 -69 -67 -69 
2016-05-19 22:19:27.015491 -70 -69 -69 -71 -68 
2016-05-19 22:19:27.197543 -70 -68 -70 -72 -68 
2016-05-19 22:19:27.377543 -73 -74 -69 -71 -68 
2016-05-19 22:19:27.560569 -67 -72 -69 -72 -65 
2016-05-19 22:19:27.771602 -64 -89 -74 -82 -67 
2016-05-19 22:19:27.977621 -66 -81 -79 -78 -65 
2016-05-19 22:19:28.191657 -62 -78 -70 -80 -69 
2016-05-19 22:19:28.397677 -66 -81 -72 -78 -76 
2016-05-19 22:19:28.584704 -67 -81 -79 -87 -73 
2016-05-19 22:19:28.723722 -63 -84 -80 -72 -80 
2016-05-19 22:19:28.830736 -74 -83 -75 -78 -72 
2016-05-19 22:19:28.981760 -70 -77 -69 -72 -76 
2016-05-19 22:19:29.342806 -66 -76 -77 -76 -68 
2016-05-19 22:19:29.445816 -73 -71 -74 -74 -69 
2016-05-19 22:19:29.765858 -67 -74 -74 -76 -71 
2016-05-19 22:19:29.869864 -75 -85 -74 -72 -75 
2016-05-19 22:19:30.077889 -66 -78 -79 -77 -75 
2016-05-19 22:19:30.211912 -66 -67 -70 -80 -73 
2016-05-19 22:19:30.312920 -72 -72 -79 -73 -73 
2016-05-19 22:19:30.415936 -62 -74 -77 -82 -75 
2016-05-19 22:19:30.521953 -72 -73 -88 -72 -68 
2016-05-19 22:19:30.692974 -72 -70 -72 -73 -73 
2016-05-19 22:19:30.832987 -64 -72 -83 -81 -76 
2016-05-19 22:19:31.044018 -68 -69 -78 -73 -69 
2016-05-19 22:19:31.245045 -64 -69 -67 -76 -69 
2016-05-19 22:19:31.430068 -66 -71 -70 -73 -68 
2016-05-19 22:19:31.536082 -63 -83 -68 -74 -78 
2016-05-19 22:19:31.642100 -76 -78 -69 -75 -71 
2016-05-19 22:19:31.801116 -66 -82 -73 -74 -70 
2016-05-19 22:19:31.908127 -62 -71 -81 -75 -67 
2016-05-19 22:19:32.089154 -68 -78 -82 -77 -71 
2016-05-19 22:19:32.401194 -70 -77 -79 -81 -68 
2016-05-19 22:19:32.699234 -67 -75 -72 -88 -71 
2016-05-19 22:19:32.798244 -78 -73 -76 -81 -74 
2016-05-19 22:19:33.142295 -69 -75 -71 -89 -72 
2016-05-19 22:19:33.418325 -72 -81 -76 -84 -74 
2016-05-19 22:19:33.556346 -77 -69 -71 -80 -78 
2016-05-19 22:19:33.823378 -73 -69 -71 -80 -67 
2016-05-19 22:19:33.997407 -63 -75 -72 -81 -68 
2016-05-19 22:19:34.099417 -71 -70 -78 -85 -68 
2016-05-19 22:19:34.315445 -69 -73 -73 -79 -70 
2016-05-19 22:19:34.452466 -81 -68 -69 -83 -68 
2016-05-19 22:19:34.727502 -67 -69 -74 -78 -72 
2016-05-19 22:19:34.974531 -72 -88 -73 -80 -68 
2016-05-19 22:19:35.141553 -88 -71 -79 -80 -72 
2016-05-19 22:19:35.246566 -67 -78 -69 -81 -70 
2016-05-19 22:19:35.448590 -64 -74 -71 -86 -64 
2016-05-19 22:19:35.555607 -75 -73 -67 -77 -69 
2016-05-19 22:19:35.718625 -63 -73 -72 -75 -65 
2016-05-19 22:19:35.927659 -70 -69 -68 -73 -66 
2016-05-19 22:19:36.177691 -74 -69 -71 -73 -73 
2016-05-19 22:19:36.439723 -72 -71 -74 -81 -77 
2016-05-19 22:19:36.547740 -71 -75 -74 -79 -71 
2016-05-19 22:19:36.753761 -68 -71 -70 -71 -70 
2016-05-19 22:19:37.069805 -75 -71 -69 -72 -69 
2016-05-19 22:19:37.272837 -67 -68 -68 -80 -65 
2016-05-19 22:19:37.485859 -67 -69 -70 -75 -76 
2016-05-19 22:19:37.694886 -66 -72 -72 -77 -69 
2016-05-19 22:19:37.908911 -65 -74 -73 -72 -66 
2016-05-19 22:19:38.010928 -75 -76 -72 -83 -66 
2016-05-19 22:19:38.189951 -68 -79 -75 -69 -67 
2016-05-19 22:19:38.538000 -63 -75 -75 -69 -67 
2016-05-19 22:19:38.848040 -68 -74 -73 -85 -79 
2016-05-19 22:19:38.954048 -63 -76 -73 -72 -70 
2016-05-19 22:19:39.242089 -65 -78 -78 -80 -73 
2016-05-19 22:19:39.345103 -74 -77 -75 -80 -66 
2016-05-19 22:19:39.452116 -68 -81 -71 -71 -73 
2016-05-19 22:19:39.680145 -66 -74 -71 -78 -69 
2016-05-19 22:19:39.883176 -68 -78 -75 -71 -68 
2016-05-19 22:19:40.001192 -75 -76 -72 -73 -78 
2016-05-19 22:19:40.205214 -71 -73 -76 -77 -67 
2016-05-19 22:19:40.323233 -74 -84 -71 -75 -71 
2016-05-19 22:19:40.529254 -69 -81 -74 -77 -67 
2016-05-19 22:19:40.728286 -63 -80 -73 -79 -65 
2016-05-19 22:19:41.228352 -67 -75 -75 -79 -70 
2016-05-19 22:19:41.363370 -66 -70 -83 -80 -64 
2016-05-19 22:19:41.466379 -62 -83 -74 -73 -66 
2016-05-19 22:19:41.782420 -63 -74 -75 -73 -71 
2016-05-19 22:19:41.992448 -66 -76 -89 -77 -66 
2016-05-19 22:19:42.202475 -69 -76 -80 -76 -74 
2016-05-19 22:19:42.364500 -66 -76 -71 -71 -71 
2016-05-19 22:19:42.736546 -64 -79 -72 -77 -70 
2016-05-19 22:19:42.945572 -65 -81 -72 -85 -71 
2016-05-19 22:19:43.157600 -65 -84 -80 -80 -66 
2016-05-19 22:19:43.330622 -66 -84 -78 -75 -68 
2016-05-19 22:19:43.584653 -68 -73 -76 -83 -74 
2016-05-19 22:19:43.692676 -71 -71 -82 -82 -68 
2016-05-19 22:19:43.904694 -62 -75 -74 -75 -68 
2016-05-19 22:19:44.012720 -75 -80 -74 -71 -69 
2016-05-19 22:19:44.214735 -65 -79 -82 -77 -68 
2016-05-19 22:19:44.319749 -66 -74 -85 -75 -64 
2016-05-19 22:19:44.580786 -66 -76 -90 -74 -68 
2016-05-19 22:19:44.681799 -67 -85 -82 -71 -71 
2016-05-19 22:19:44.787814 -65 -73 -76 -77 -67 
2016-05-19 22:19:44.942834 -68 -77 -88 -71 -73 
2016-05-19 22:19:45.148864 -66 -75 -80 -82 -69 
2016-05-19 22:19:45.249870 -66 -75 -76 -75 -64 
2016-05-19 22:19:45.397892 -64 -71 -75 -76 -71 
2016-05-19 22:19:45.692931 -64 -75 -77 -69 -67 
2016-05-19 22:19:45.795946 -63 -73 -76 -75 -67 
2016-05-19 22:19:46.042978 -65 -72 -76 -70 -71 
2016-05-19 22:19:46.261005 -64 -72 -80 -77 -68 
2016-05-19 22:19:46.362018 -71 -73 -80 -72 -77 
2016-05-19 22:19:46.466032 -65 -76 -77 -74 -67 
2016-05-19 22:19:46.609054 -74 -78 -78 -80 -76 
2016-05-19 22:19:46.725063 -69 -73 -78 -73 -68 
2016-05-19 22:19:46.939097 -67 -82 -79 -75 -73 
2016-05-19 22:19:47.046111 -65 -74 -83 -72 -71 
2016-05-19 22:19:47.332146 -65 -79 -75 -86 -71 
2016-05-19 22:19:47.541172 -67 -81 -79 -87 -76 
2016-05-19 22:19:47.690189 -66 -77 -78 -84 -80 
2016-05-19 22:19:47.894222 -67 -77 -78 -83 -77 
2016-05-19 22:19:48.106246 -65 -74 -83 -82 -68 
2016-05-19 22:19:48.301271 -69 -78 -75 -74 -73 
2016-05-19 22:19:48.402285 -62 -74 -75 -80 -70 
2016-05-19 22:19:48.551305 -72 -83 -78 -76 -69 
2016-05-19 22:19:48.743330 -69 -77 -81 -74 -74 
2016-05-19 22:19:48.844347 -63 -72 -79 -70 -70 
2016-05-19 22:19:49.031368 -67 -73 -76 -75 -70 
2016-05-19 22:19:49.135378 -73 -69 -77 -74 -72 
2016-05-19 22:19:49.398415 -66 -72 -85 -75 -68 
2016-05-19 22:19:49.502428 -74 -72 -76 -75 -67 
2016-05-19 22:19:49.604447 -65 -80 -78 -74 -69 
2016-05-19 22:19:49.756462 -76 -86 -91 -80 -68 
2016-05-19 22:19:49.982491 -64 -72 -89 -72 -67 
2016-05-19 22:19:50.088505 -69 -72 -78 -85 -70 
2016-05-19 22:19:50.384547 -63 -81 -82 -73 -69 
2016-05-19 22:19:50.527562 -69 -72 -73 -87 -76 
2016-05-19 22:19:50.749595 -68 -75 -76 -74 -68 
2016-05-19 22:19:50.852612 -69 -79 -81 -69 -67 
2016-05-19 22:19:50.960616 -62 -76 -74 -81 -67 
2016-05-19 22:19:51.277661 -69 -76 -79 -70 -80 
2016-05-19 22:19:51.381674 -69 -80 -89 -80 -68 
2016-05-19 22:19:51.589704 -65 -74 -75 -72 -71 
2016-05-19 22:19:51.799732 -64 -80 -79 -70 -76 
2016-05-19 22:19:51.898741 -70 -85 -78 -73 -69 
2016-05-19 22:19:52.001755 -64 -88 -83 -71 -72 
2016-05-19 22:19:52.200778 -63 -82 -76 -83 -68 
2016-05-19 22:19:52.307795 -65 -74 -84 -71 -73 
2016-05-19 22:19:52.422826 -72 -76 -76 -73 -70 
2016-05-19 22:19:52.525821 -63 -76 -81 -77 -66 
2016-05-19 22:19:52.731851 -65 -80 -76 -75 -68 
2016-05-19 22:19:52.943883 -61 -76 -80 -83 -67 
2016-05-19 22:19:53.051892 -66 -77 -78 -87 -75 
2016-05-19 22:19:53.153905 -59 -72 -91 -75 -89 
2016-05-19 22:19:53.427941 -67 -76 -81 -79 -71 
2016-05-19 22:19:53.532958 -65 -73 -84 -75 -82 
2016-05-19 22:19:53.638968 -68 -77 -82 -71 -68 
2016-05-19 22:19:53.740013 -66 -74 -80 -85 -73 
2016-05-19 22:19:53.845993 -67 -79 -82 -72 -67 
2016-05-19 22:19:53.951006 -66 -73 -79 -75 -77 
2016-05-19 22:19:54.193044 -62 -75 -79 -78 -71 
2016-05-19 22:19:54.301053 -62 -75 -76 -78 -69 
2016-05-19 22:19:54.405073 -67 -79 -81 -83 -75 
2016-05-19 22:19:54.512083 -66 -76 -79 -80 -65 
2016-05-19 22:19:54.677105 -72 -75 -82 -70 -70 
2016-05-19 22:19:54.885135 -65 -86 -83 -74 -72 
2016-05-19 22:19:55.033152 -67 -79 -73 -73 -75 
2016-05-19 22:19:55.139165 -69 -77 -80 -71 -75 
2016-05-19 22:19:55.240182 -67 -76 -76 -71 -68 
2016-05-19 22:19:55.344192 -77 -72 -72 -81 -69 
2016-05-19 22:19:55.542218 -65 -77 -77 -69 -67 
2016-05-19 22:19:55.729242 -73 -75 -77 -71 -76 
2016-05-19 22:19:56.007278 -70 -79 -81 -73 -80 
2016-05-19 22:19:56.215309 -68 -75 -79 -71 -74 
2016-05-19 22:19:56.316316 -69 -80 -79 -71 -74 
2016-05-19 22:19:56.693369 -69 -76 -78 -70 -74 
2016-05-19 22:19:56.874391 -69 -85 -79 -63 -76 
2016-05-19 22:19:57.042414 -65 -81 -77 -82 -79 
2016-05-19 22:19:57.244439 -66 -79 -79 -69 -72 
2016-05-19 22:19:57.498473 -70 -81 -77 -71 -73 
2016-05-19 22:19:57.661492 -67 -69 -82 -66 -73 
2016-05-19 22:19:57.869522 -73 -76 -78 -69 -75 
2016-05-19 22:19:57.981534 -72 -73 -74 -72 -71 
2016-05-19 22:19:58.186560 -78 -85 -75 -68 -83 
2016-05-19 22:19:58.399591 -74 -76 -81 -70 -73 
2016-05-19 22:19:58.615623 -72 -73 -81 -76 -82 
2016-05-19 22:19:58.759638 -66 -71 -85 -76 -74 
2016-05-19 22:19:58.968665 -69 -74 -80 -76 -74 
2016-05-19 22:19:59.181690 -66 -77 -84 -79 -82 
2016-05-19 22:19:59.355719 -69 -82 -83 -72 -70 
2016-05-19 22:19:59.492733 -71 -75 -78 -78 -80 
2016-05-19 22:19:59.698761 -70 -75 -74 -78 -83 
2016-05-19 22:20:00.049806 -72 -77 -80 -74 -77 
2016-05-19 22:20:00.148819 -71 -74 -77 -83 -73 
2016-05-19 22:20:00.358846 -75 -77 -79 -70 -74 
2016-05-19 22:20:00.514867 -68 -77 -72 -76 -73 
2016-05-19 22:20:00.709892 -74 -75 -76 -72 -76 
2016-05-19 22:20:00.932922 -74 -77 -76 -82 -71 
2016-05-19 22:20:01.404983 -72 -77 -77 -78 -77 
2016-05-19 22:20:01.718027 -67 -76 -86 -75 -76 
2016-05-19 22:20:01.831042 -67 -75 -78 -78 -74 
2016-05-19 22:20:01.937050 -64 -75 -80 -79 -75 
2016-05-19 22:20:02.095073 -64 -75 -76 -76 -76 
2016-05-19 22:20:02.195087 -67 -76 -87 -86 -81 
2016-05-19 22:20:02.296103 -64 -79 -75 -80 -78 
2016-05-19 22:20:02.405121 -71 -76 -81 -78 -78 
2016-05-19 22:20:02.515135 -68 -72 -75 -82 -75 
2016-05-19 22:20:02.667157 -68 -75 -75 -76 -74 
2016-05-19 22:20:02.976200 -66 -77 -73 -83 -78 
2016-05-19 22:20:03.083210 -68 -79 -76 -75 -74 
2016-05-19 22:20:03.291241 -66 -76 -73 -80 -78 
2016-05-19 22:20:03.465260 -66 -77 -77 -86 -79 
2016-05-19 22:20:03.674287 -68 -76 -84 -74 -75 
2016-05-19 22:20:03.776305 -70 -76 -81 -74 -74 
2016-05-19 22:20:03.875313 -66 -76 -80 -87 -77 
2016-05-19 22:20:04.082337 -68 -77 -75 -78 -75 
2016-05-19 22:20:04.186359 -69 -76 -79 -72 -79 
2016-05-19 22:20:04.370378 -68 -75 -75 -78 -75 
2016-05-19 22:20:04.584406 -74 -76 -79 -77 -80 
2016-05-19 22:20:04.875444 -65 -75 -80 -80 -74 
2016-05-19 22:20:04.979457 -65 -73 -74 -74 -72 
2016-05-19 22:20:05.189485 -65 -74 -74 -76 -77 
2016-05-19 22:20:05.315500 -67 -76 -81 -84 -75 
2016-05-19 22:20:05.436522 -68 -72 -77 -73 -75 
2016-05-19 22:20:05.600538 -67 -77 -76 -77 -73 
2016-05-19 22:20:05.778562 -69 -74 -85 -73 -75 
2016-05-19 22:20:06.026598 -66 -75 -75 -72 -78 
2016-05-19 22:20:06.236626 -65 -74 -75 -83 -82 
2016-05-19 22:20:06.536665 -66 -73 -75 -74 -75 
2016-05-19 22:20:06.712688 -68 -76 -76 -87 -75 
2016-05-19 22:20:06.814697 -70 -76 -75 -74 -76 
2016-05-19 22:20:06.917707 -65 -77 -76 -84 -73 
2016-05-19 22:20:07.076736 -71 -76 -77 -77 -77 
2016-05-19 22:20:07.179744 -71 -73 -86 -77 -73 
2016-05-19 22:20:07.284751 -72 -78 -76 -84 -77 
2016-05-19 22:20:07.490778 -70 -75 -75 -79 -78 
2016-05-19 22:20:07.787882 -68 -77 -76 -75 -78 
2016-05-19 22:20:08.001848 -68 -75 -76 -77 -81 
2016-05-19 22:20:08.112863 -72 -77 -73 -72 -80 
2016-05-19 22:20:08.326891 -72 -78 -78 -81 -79 
2016-05-19 22:20:08.537912 -74 -79 -78 -79 -77 
2016-05-19 22:20:08.639928 -70 -70 -76 -78 -71 
2016-05-19 22:20:08.844955 -72 -72 -84 -76 -74 
2016-05-19 22:20:09.055983 -70 -76 -78 -73 -70 
2016-05-19 22:20:09.365023 -75 -73 -78 -77 -73 
2016-05-19 22:20:09.478035 -62 -74 -84 -77 -68 
2016-05-19 22:20:09.681064 -69 -75 -82 -76 -64 
2016-05-19 22:20:09.895093 -65 -73 -83 -80 -66 
2016-05-19 22:20:10.022112 -74 -78 -79 -84 -75 
2016-05-19 22:20:10.215134 -78 -82 -81 -76 -73 
2016-05-19 22:20:10.381155 -72 -76 -80 -85 -69 
2016-05-19 22:20:10.589183 -72 -78 -79 -78 -72 
2016-05-19 22:20:10.800210 -76 -77 -78 -78 -63 
2016-05-19 22:20:10.964233 -69 -81 -82 -81 -71 
2016-05-19 22:20:11.177263 -67 -82 -82 -79 -71 
2016-05-19 22:20:11.492304 -73 -80 -80 -76 -70 
2016-05-19 22:20:11.594315 -76 -75 -84 -70 -82 
2016-05-19 22:20:11.776354 -73 -80 -84 -81 -71 
2016-05-19 22:20:11.988363 -72 -78 -77 -72 -78 
2016-05-19 22:20:12.201394 -74 -78 -75 -79 -79 
2016-05-19 22:20:12.405427 -73 -78 -79 -70 -72 
2016-05-19 22:20:12.617451 -74 -73 -77 -65 -75 
2016-05-19 22:20:12.832479 -69 -77 -78 -66 -81 
2016-05-19 22:20:13.051512 -73 -75 -77 -79 -87 
2016-05-19 22:20:13.220527 -68 -74 -78 -69 -81 
2016-05-19 22:20:13.491561 -70 -76 -80 -70 -80 
2016-05-19 22:20:13.881613 -80 -76 -75 -78 -81 
2016-05-19 22:20:14.092644 -67 -74 -81 -81 -72 
2016-05-19 22:20:14.195654 -73 -75 -83 -78 -73 
2016-05-19 22:20:14.328668 -84 -83 -73 -80 -73 
2016-05-19 22:20:14.645713 -75 -76 -80 -70 -78 
2016-05-19 22:20:14.748723 -74 -80 -81 -67 -80 
2016-05-19 22:20:14.850739 -73 -74 -77 -72 -81 
2016-05-19 22:20:14.956753 -82 -76 -80 -76 -80 
2016-05-19 22:20:15.169782 -74 -74 -75 -76 -72 
2016-05-19 22:20:15.296798 -73 -84 -73 -71 -74 
2016-05-19 22:20:15.505825 -72 -74 -76 -75 -75 
2016-05-19 22:20:15.685848 -75 -76 -75 -74 -75 
2016-05-19 22:20:15.796870 -71 -74 -74 -80 -79 
2016-05-19 22:20:16.002893 -76 -76 -77 -75 -78 
2016-05-19 22:20:16.325932 -72 -77 -73 -77 -76 
2016-05-19 22:20:16.608967 -76 -79 -73 -73 -74 
2016-05-19 22:20:16.715983 -69 -80 -73 -73 -79 
2016-05-19 22:20:16.826997 -70 -75 -73 -77 -77 
2016-05-19 22:20:16.928015 -68 -80 -77 -73 -77 
2016-05-19 22:20:17.135038 -69 -85 -73 -77 -78 
2016-05-19 22:20:17.654103 -69 -72 -71 -77 -77 
2016-05-19 22:20:17.762120 -70 -74 -72 -76 -83 
2016-05-19 22:20:17.930142 -70 -81 -74 -73 -85 
2016-05-19 22:20:18.079158 -72 -72 -74 -71 -74 
2016-05-19 22:20:18.388205 -70 -75 -76 -79 -83 
2016-05-19 22:20:18.593232 -73 -71 -77 -74 -79 
2016-05-19 22:20:18.693245 -74 -83 -78 -69 -77 
2016-05-19 22:20:18.907270 -75 -83 -75 -74 -80 
2016-05-19 22:20:19.019281 -73 -77 -72 -77 -76 
2016-05-19 22:20:19.120298 -71 -84 -76 -77 -75 
2016-05-19 22:20:19.285319 -71 -77 -72 -74 -78 
2016-05-19 22:20:19.467342 -76 -79 -73 -72 -77 
2016-05-19 22:20:19.570359 -78 -81 -71 -79 -77 
2016-05-19 22:20:19.678374 -77 -77 -75 -78 -78 
2016-05-19 22:20:19.884394 -78 -77 -75 -79 -78 
2016-05-19 22:20:20.082422 -84 -78 -72 -78 -75 
2016-05-19 22:20:20.186436 -71 -75 -73 -77 -71 
2016-05-19 22:20:20.290450 -82 -82 -82 -79 -78 
2016-05-19 22:20:20.391464 -73 -87 -72 -81 -71 
2016-05-19 22:20:20.711505 -75 -81 -78 -77 -75 
2016-05-19 22:20:21.026546 -78 -80 -74 -79 -75 
2016-05-19 22:20:21.242581 -68 -77 -75 -76 -74 
2016-05-19 22:20:21.351589 -81 -85 -76 -73 -78 
2016-05-19 22:20:21.559614 -80 -75 -72 -77 -76 
2016-05-19 22:20:21.771643 -75 -74 -72 -73 -77 
2016-05-19 22:20:21.981671 -76 -73 -72 -77 -78 
2016-05-19 22:20:22.315714 -76 -72 -75 -74 -81 
2016-05-19 22:20:22.505739 -86 -77 -75 -71 -83 
2016-05-19 22:20:22.636756 -71 -76 -77 -74 -79 
2016-05-19 22:20:22.738774 -80 -86 -81 -68 -71 
2016-05-19 22:20:22.950798 -76 -70 -78 -70 -70 
2016-05-19 22:20:23.155825 -69 -80 -80 -66 -67 
2016-05-19 22:20:23.313849 -78 -67 -82 -65 -72 
2016-05-19 22:20:23.421858 -83 -71 -75 -66 -76 
2016-05-19 22:20:23.580880 -75 -76 -83 -66 -68 
2016-05-19 22:20:23.940927 -78 -76 -84 -74 -66 
2016-05-19 22:20:24.283976 -87 -73 -77 -68 -71 
2016-05-19 22:20:24.494996 -70 -74 -77 -67 -70 
2016-05-19 22:20:24.603014 -76 -76 -75 -66 -66 
2016-05-19 22:20:24.745029 -72 -73 -75 -67 -68 
2016-05-19 22:20:25.029076 -70 -73 -78 -66 -69 
2016-05-19 22:20:25.140081 -72 -79 -84 -67 -65 
2016-05-19 22:20:25.242097 -71 -70 -76 -64 -65 
2016-05-19 22:20:25.350107 -80 -78 -79 -75 -66 
2016-05-19 22:20:25.552137 -69 -70 -75 -72 -69 
2016-05-19 22:20:25.757163 -79 -74 -73 -67 -71 
2016-05-19 22:20:25.905181 -73 -78 -87 -76 -69 
2016-05-19 22:20:26.090205 -73 -72 -83 -85 -69 
2016-05-19 22:20:26.299239 -74 -71 -76 -69 -81 
2016-05-19 22:20:26.511263 -73 -69 -81 -71 -67 
2016-05-19 22:20:26.795297 -76 -78 -79 -74 -71 
2016-05-19 22:20:26.901313 -72 -74 -75 -71 -66 
2016-05-19 22:20:27.314371 -75 -77 -85 -75 -74 
2016-05-19 22:20:27.528396 -78 -75 -74 -72 -70 
2016-05-19 22:20:27.637410 -81 -72 -80 -70 -67 
2016-05-19 22:20:27.768427 -68 -85 -73 -81 -69 
2016-05-19 22:20:27.941449 -75 -83 -71 -72 -74 
2016-05-19 22:20:28.134479 -66 -80 -88 -74 -71 
2016-05-19 22:20:28.364508 -76 -87 -76 -77 -71 
2016-05-19 22:20:28.467518 -73 -73 -76 -76 -81 
2016-05-19 22:20:28.651542 -69 -75 -74 -71 -73 
2016-05-19 22:20:28.794564 -69 -80 -86 -86 -78 
2016-05-19 22:20:29.194617 -76 -77 -77 -73 -68 
2016-05-19 22:20:29.298626 -82 -72 -77 -71 -66 
2016-05-19 22:20:29.404644 -67 -71 -79 -80 -73 
2016-05-19 22:20:29.510652 -78 -81 -81 -72 -65 
2016-05-19 22:20:29.717681 -73 -76 -81 -75 -67 
2016-05-19 22:20:29.932715 -68 -74 -80 -80 -61 
2016-05-19 22:20:30.195741 -68 -76 -83 -76 -73 
2016-05-19 22:20:30.300755 -74 -72 -82 -70 -66 
2016-05-19 22:20:30.774822 -70 -77 -87 -78 -66 
2016-05-19 22:20:30.987847 -73 -75 -84 -77 -63 
2016-05-19 22:20:31.124869 -67 -79 -83 -79 -71 
2016-05-19 22:20:31.295885 -74 -77 -84 -82 -69 
2016-05-19 22:20:31.409906 -67 -76 -83 -82 -65 
2016-05-19 22:20:31.713943 -71 -76 -81 -83 -65 
2016-05-19 22:20:31.931970 -70 -79 -77 -76 -67 
2016-05-19 22:20:32.145996 -66 -75 -77 -70 -62 
2016-05-19 22:20:32.354033 -77 -78 -73 -77 -60 
2016-05-19 22:20:32.576052 -69 -82 -79 -76 -64 
2016-05-19 22:20:33.004111 -75 -75 -77 -77 -67 
2016-05-19 22:20:33.320156 -72 -76 -75 -74 -64 
2016-05-19 22:20:33.533180 -70 -79 -71 -75 -66 
2016-05-19 22:20:33.634193 -79 -75 -77 -71 -67 
2016-05-19 22:20:33.736203 -66 -81 -74 -71 -65 
2016-05-19 22:20:33.950238 -76 -77 -72 -74 -67 
2016-05-19 22:20:34.114257 -77 -74 -74 -71 -69 
2016-05-19 22:20:34.225273 -76 -75 -70 -77 -67 
2016-05-19 22:20:34.331281 -76 -84 -70 -76 -68 
2016-05-19 22:20:34.437298 -72 -73 -77 -71 -67 
2016-05-19 22:20:34.588318 -74 -85 -71 -72 -67 
2016-05-19 22:20:34.693331 -66 -75 -72 -74 -71 
2016-05-19 22:20:34.852352 -74 -81 -72 -69 -69 
2016-05-19 22:20:35.057383 -75 -81 -74 -70 -70 
2016-05-19 22:20:35.377421 -73 -79 -81 -70 -69 
2016-05-19 22:20:35.481432 -67 -79 -74 -70 -67 
2016-05-19 22:20:35.587449 -73 -75 -80 -74 -69 
2016-05-19 22:20:35.691459 -72 -78 -72 -74 -66 
2016-05-19 22:20:35.796472 -72 -76 -81 -72 -69 
2016-05-19 22:20:35.898489 -68 -80 -74 -69 -66 
2016-05-19 22:20:36.006500 -72 -77 -73 -70 -68 
2016-05-19 22:20:36.164524 -70 -79 -74 -70 -67 
2016-05-19 22:20:36.383552 -69 -79 -75 -69 -66 
2016-05-19 22:20:36.594579 -68 -86 -81 -75 -67 
2016-05-19 22:20:36.930627 -65 -79 -77 -75 -75 
2016-05-19 22:20:37.030640 -73 -72 -76 -81 -84 
2016-05-19 22:20:37.159654 -70 -70 -78 -70 -75 
2016-05-19 22:20:37.261665 -78 -75 -87 -75 -79 
2016-05-19 22:20:37.449692 -70 -72 -71 -72 -72 
2016-05-19 22:20:37.714726 -73 -72 -73 -76 -64 
2016-05-19 22:20:37.952758 -72 -75 -84 -77 -74 
2016-05-19 22:20:38.151780 -68 -71 -79 -72 -69 
2016-05-19 22:20:38.258797 -71 -75 -86 -73 -66 
2016-05-19 22:20:38.443821 -73 -72 -87 -80 -65 
2016-05-19 22:20:38.549835 -80 -73 -76 -77 -66 
2016-05-19 22:20:38.692861 -77 -72 -81 -69 -64 
2016-05-19 22:20:38.895884 -75 -76 -80 -78 -66 
2016-05-19 22:20:39.000898 -71 -78 -85 -72 -62 
2016-05-19 22:20:39.214922 -76 -87 -77 -73 -57 
2016-05-19 22:20:39.315939 -72 -71 -77 -77 -63 
2016-05-19 22:20:39.423949 -76 -71 -78 -72 -64 
2016-05-19 22:20:39.628976 -70 -75 -77 -73 -70 
2016-05-19 22:20:39.757993 -73 -82 -74 -69 -65 
2016-05-19 22:20:40.070034 -76 -79 -81 -78 -69 
2016-05-19 22:20:40.280061 -75 -71 -81 -77 -63 
2016-05-19 22:20:40.487085 -76 -74 -85 -73 -69 
2016-05-19 22:20:40.798129 -79 -79 -78 -73 -63 
2016-05-19 22:20:40.907140 -72 -79 -83 -80 -67 
2016-05-19 22:20:41.115170 -76 -72 -86 -74 -72 
2016-05-19 22:20:41.264190 -74 -79 -76 -82 -63 
2016-05-19 22:20:41.474217 -81 -77 -86 -80 -65 
2016-05-19 22:20:41.686248 -77 -76 -76 -75 -62 
2016-05-19 22:20:41.995285 -70 -76 -77 -78 -69 
2016-05-19 22:20:42.308326 -72 -73 -77 -78 -66 
2016-05-19 22:20:42.470346 -76 -78 -75 -73 -61 
2016-05-19 22:20:42.624367 -78 -73 -79 -76 -60 
2016-05-19 22:20:42.825393 -80 -81 -82 -71 -67 
2016-05-19 22:20:43.043422 -74 -83 -81 -75 -68 
2016-05-19 22:20:43.143435 -81 -80 -83 -78 -68 
2016-05-19 22:20:43.408469 -73 -77 -79 -83 -65 
2016-05-19 22:20:43.508483 -71 -76 -81 -74 -69 
2016-05-19 22:20:43.617494 -71 -78 -76 -77 -63 
2016-05-19 22:20:43.722509 -71 -79 -84 -74 -61 
2016-05-19 22:20:43.825524 -72 -80 -85 -75 -63 
2016-05-19 22:20:43.927534 -70 -73 -89 -72 -70 
2016-05-19 22:20:44.101564 -72 -74 -78 -74 -71 
2016-05-19 22:20:44.203574 -69 -78 -84 -70 -63 
2016-05-19 22:20:44.305587 -69 -75 -79 -75 -72 
2016-05-19 22:20:44.506617 -73 -79 -79 -75 -65 
2016-05-19 22:20:44.716644 -76 -77 -81 -78 -68 
2016-05-19 22:20:44.821658 -77 -81 -85 -73 -72 
2016-05-19 22:20:44.923668 -66 -75 -76 -82 -65 
2016-05-19 22:20:45.029681 -74 -80 -87 -72 -72 
2016-05-19 22:20:45.240709 -75 -76 -89 -74 -68 
2016-05-19 22:20:45.558751 -70 -78 -82 -74 -64 
2016-05-19 22:20:45.768779 -69 -77 -84 -77 -64 
2016-05-19 22:20:45.906799 -70 -76 -86 -75 -65 
2016-05-19 22:20:46.213836 -71 -83 -86 -79 -68 
2016-05-19 22:20:46.318850 -72 -75 -83 -69 -67 
2016-05-19 22:20:46.512877 -70 -76 -82 -80 -63 
2016-05-19 22:20:46.598887 -69 -79 -89 -76 -72 
2016-05-19 22:20:46.705900 -72 -75 -77 -67 -72 
2016-05-19 22:20:46.867919 -70 -72 -76 -69 -71 
2016-05-19 22:20:46.976939 -72 -75 -85 -81 -69 
2016-05-19 22:20:47.154959 -73 -74 -84 -70 -71 
2016-05-19 22:20:47.362983 -76 -74 -83 -78 -74 
2016-05-19 22:20:47.573011 -69 -75 -79 -69 -79 
2016-05-19 22:20:47.684028 -72 -79 -78 -69 -65 
2016-05-19 22:20:47.793040 -66 -73 -83 -86 -67 
2016-05-19 22:20:47.901056 -74 -78 -81 -73 -63 
2016-05-19 22:20:48.004070 -69 -77 -81 -77 -78 
2016-05-19 22:20:48.181092 -70 -75 -81 -79 -65 
2016-05-19 22:20:48.320111 -70 -80 -78 -81 -65 
2016-05-19 22:20:48.501135 -68 -82 -78 -74 -79 
2016-05-19 22:20:48.601148 -72 -76 -78 -75 -63 
2016-05-19 22:20:48.764169 -69 -84 -79 -78 -62 
2016-05-19 22:20:48.871183 -67 -71 -80 -77 -76 
2016-05-19 22:20:48.972200 -69 -77 -79 -75 -64 
2016-05-19 22:20:49.076210 -69 -72 -81 -77 -76 
2016-05-19 22:20:49.177227 -68 -75 -80 -75 -66 
2016-05-19 22:20:49.387253 -69 -78 -78 -74 -72 
2016-05-19 22:20:49.589277 -70 -74 -77 -80 -67 
2016-05-19 22:20:49.697294 -68 -75 -78 -75 -75 
2016-05-19 22:20:49.800304 -69 -76 -80 -76 -67 
2016-05-19 22:20:49.900317 -66 -74 -76 -75 -75 
2016-05-19 22:20:50.004331 -70 -71 -82 -79 -64 
2016-05-19 22:20:50.149350 -66 -84 -79 -75 -75 
2016-05-19 22:20:50.299370 -69 -81 -83 -71 -63 
2016-05-19 22:20:50.614412 -72 -82 -80 -81 -70 
2016-05-19 22:20:50.716424 -70 -83 -81 -70 -61 
2016-05-19 22:20:50.964456 -69 -80 -82 -83 -62 
2016-05-19 22:20:51.137482 -75 -84 -83 -85 -63 
2016-05-19 22:20:51.243490 -72 -74 -84 -82 -62 
2016-05-19 22:20:51.559539 -72 -81 -80 -77 -60 
2016-05-19 22:20:51.666548 -71 -84 -81 -77 -63 
2016-05-19 22:20:51.827573 -73 -83 -80 -79 -62 
2016-05-19 22:20:51.929583 -76 -79 -79 -77 -63 
2016-05-19 22:20:52.130609 -73 -77 -79 -77 -62 
2016-05-19 22:20:52.232626 -68 -79 -80 -77 -85 
2016-05-19 22:20:52.457655 -78 -83 -80 -77 -70 
2016-05-19 22:20:52.670679 -76 -76 -80 -74 -65 
2016-05-19 22:20:52.885707 -77 -77 -87 -75 -65 
2016-05-19 22:20:53.026726 -74 -80 -75 -73 -62 
2016-05-19 22:20:53.129740 -72 -77 -86 -76 -77 
2016-05-19 22:20:53.234753 -71 -76 -75 -75 -73 
2016-05-19 22:20:53.389773 -71 -83 -78 -70 -69 
2016-05-19 22:20:53.498785 -70 -79 -74 -80 -70 
2016-05-19 22:20:53.887842 -67 -78 -79 -77 -74 
2016-05-19 22:20:53.996853 -66 -71 -81 -75 -71 
2016-05-19 22:20:54.098863 -70 -72 -86 -77 -69 
2016-05-19 22:20:54.306893 -81 -72 -79 -71 -70 
2016-05-19 22:20:54.412913 -63 -74 -84 -81 -69 
2016-05-19 22:20:54.588927 -61 -75 -72 -76 -68 
2016-05-19 22:20:54.694946 -76 -80 -74 -69 -75 
2016-05-19 22:20:54.799957 -62 -73 -77 -79 -66 
2016-05-19 22:20:54.986981 -70 -86 -78 -74 -83 
2016-05-19 22:20:55.089995 -67 -68 -75 -74 -69 
2016-05-19 22:20:55.192009 -69 -73 -90 -72 -68 
2016-05-19 22:20:55.299020 -82 -71 -82 -78 -66 
2016-05-19 22:20:55.405036 -63 -74 -75 -83 -78 
2016-05-19 22:20:55.637067 -63 -72 -79 -74 -65 
2016-05-19 22:20:55.738083 -89 -80 -87 -81 -64 
2016-05-19 22:20:55.837093 -68 -69 -84 -83 -67 
2016-05-19 22:20:56.027118 -67 -79 -84 -82 -63 
2016-05-19 22:20:56.209139 -64 -75 -84 -75 -65 
2016-05-19 22:20:56.313163 -64 -71 -77 -75 -65 
2016-05-19 22:20:56.427170 -71 -79 -85 -77 -62 
2016-05-19 22:20:56.624193 -71 -87 -80 -78 -58 
2016-05-19 22:20:56.728213 -67 -85 -78 -80 -69 
2016-05-19 22:20:56.941237 -67 -77 -92 -70 -80 
2016-05-19 22:20:57.047251 -78 -83 -81 -71 -66 
2016-05-19 22:20:57.156266 -70 -78 -86 -77 -70 
2016-05-19 22:20:57.572319 -79 -79 -82 -80 -69 
2016-05-19 22:20:57.675333 -81 -81 -87 -78 -72 
2016-05-19 22:20:57.892361 -81 -79 -84 -72 -71 
2016-05-19 22:20:58.220404 -78 -79 -85 -79 -76 
2016-05-19 22:20:58.427431 -87 -83 -89 -79 -74 
2016-05-19 22:20:59.058517 -79 -84 -85 -84 -73 
2016-05-19 22:20:59.591583 -80 -80 -86 -80 -69 
2016-05-19 22:20:59.779605 -80 -80 -87 -83 -66 
2016-05-19 22:21:00.531750 -83 -81 -85 -80 -71 
2016-05-19 22:21:00.826745 -82 -79 -84 -75 -75 
2016-05-19 22:21:00.930758 -82 -74 -87 -86 -77 
2016-05-19 22:21:01.040774 -86 -89 -83 -76 -68 
2016-05-19 22:21:01.148791 -88 -83 -82 -81 -80 
2016-05-19 22:21:01.586843 -81 -83 -85 -79 -68 
2016-05-19 22:21:01.793874 -79 -77 -84 -79 -68 
2016-05-19 22:21:01.997898 -79 -86 -86 -78 -75 
2016-05-19 22:21:02.100912 -79 -76 -82 -86 -70 
2016-05-19 22:21:02.280935 -79 -82 -89 -83 -70 
2016-05-19 22:21:02.384946 -79 -81 -83 -76 -75 
2016-05-19 22:21:02.487961 -79 -77 -87 -85 -69 
2016-05-19 22:21:02.594973 -81 -79 -83 -75 -76 
2016-05-19 22:21:02.730994 -76 -86 -85 -84 -68 
2016-05-19 22:21:02.927019 -81 -86 -84 -77 -72 
2016-05-19 22:21:03.075036 -77 -88 -85 -87 -73 
2016-05-19 22:21:03.181052 -82 -77 -85 -77 -75 
2016-05-19 22:21:03.424088 -78 -76 -83 -80 -69 
2016-05-19 22:21:03.634115 -80 -75 -84 -82 -72 
2016-05-19 22:21:03.844142 -82 -75 -83 -83 -73 
2016-05-19 22:21:04.018161 -84 -76 -85 -78 -74 
2016-05-19 22:21:04.230187 -81 -75 -83 -78 -69 
2016-05-19 22:21:04.445214 -80 -80 -83 -78 -74 
2016-05-19 22:21:04.619243 -78 -74 -84 -85 -72 
2016-05-19 22:21:04.726257 -81 -80 -82 -85 -76 
2016-05-19 22:21:04.834272 -80 -75 -87 -81 -71 
2016-05-19 22:21:04.941282 -88 -82 -83 -84 -73 
2016-05-19 22:21:05.048296 -81 -74 -86 -82 -65 
2016-05-19 22:21:05.155316 -78 -81 -84 -77 -65 
2016-05-19 22:21:05.338333 -88 -83 -85 -77 -71 
2016-05-19 22:21:05.748388 -80 -76 -88 -78 -71 
2016-05-19 22:21:05.850398 -75 -87 -84 -77 -67 
2016-05-19 22:21:06.059431 -82 -75 -84 -77 -82 
2016-05-19 22:21:06.167442 -79 -76 -86 -80 -69 
2016-05-19 22:21:06.376472 -79 -83 -86 -78 -72 
2016-05-19 22:21:06.485481 -81 -85 -89 -79 -71 
2016-05-19 22:21:06.627502 -78 -80 -86 -80 -77 
2016-05-19 22:21:06.726515 -83 -82 -88 -77 -69 
2016-05-19 22:21:06.935540 -88 -83 -86 -80 -68 
2016-05-19 22:21:07.044561 -84 -87 -90 -80 -73 
2016-05-19 22:21:07.327594 -77 -83 -86 -80 -74 
2016-05-19 22:21:07.432614 -90 -83 -87 -77 -68 
2016-05-19 22:21:07.948675 -77 -83 -91 -80 -73 
2016-05-19 22:21:08.156702 -81 -82 -89 -79 -73 
2016-05-19 22:21:08.305719 -84 -79 -82 -78 -73 
2016-05-19 22:21:08.407735 -81 -80 -82 -80 -68 
2016-05-19 22:21:08.814792 -80 -76 -81 -81 -68 
2016-05-19 22:21:09.221841 -82 -81 -85 -81 -69 
2016-05-19 22:21:09.425865 -80 -75 -83 -83 -84 
2016-05-19 22:21:09.531882 -79 -77 -83 -86 -78 
2016-05-19 22:21:09.735905 -78 -81 -90 -84 -67 
2016-05-19 22:21:09.863925 -78 -77 -87 -80 -75 
2016-05-19 22:21:10.078956 -80 -75 -88 -81 -73 
2016-05-19 22:21:10.331999 -79 -84 -86 -81 -74 
2016-05-19 22:21:10.435997 -78 -85 -87 -89 -82 
2016-05-19 22:21:10.596023 -76 -85 -87 -78 -72 
2016-05-19 22:21:10.807048 -77 -83 -86 -84 -74 
2016-05-19 22:21:11.009075 -78 -83 -87 -78 -74 
2016-05-19 22:21:11.115092 -78 -85 -86 -77 -71 
2016-05-19 22:21:11.218102 -77 -77 -87 -81 -79 
2016-05-19 22:21:11.321113 -79 -83 -88 -85 -70 
2016-05-19 22:21:11.530147 -79 -79 -88 -84 -74 
2016-05-19 22:21:11.844184 -80 -80 -88 -83 -75 
2016-05-19 22:21:12.017207 -81 -79 -86 -77 -73 
2016-05-19 22:21:12.121218 -81 -77 -89 -90 -71 
2016-05-19 22:21:12.287243 -84 -87 -91 -78 -75 
2016-05-19 22:21:12.495273 -87 -80 -86 -84 -75 
2016-05-19 22:21:12.624285 -79 -82 -86 -89 -81 
2016-05-19 22:21:12.809310 -79 -81 -88 -79 -71 
2016-05-19 22:21:12.911320 -77 -86 -86 -81 -84 
2016-05-19 22:21:13.154355 -83 -81 -89 -86 -75 
2016-05-19 22:21:13.263370 -77 -85 -86 -88 -81 
2016-05-19 22:21:13.472396 -77 -83 -86 -87 -74 
2016-05-19 22:21:13.572409 -80 -79 -85 -81 -71 
2016-05-19 22:21:13.891448 -77 -84 -86 -81 -78 
2016-05-19 22:21:14.144484 -79 -81 -86 -77 -80 
2016-05-19 22:21:14.722564 -78 -84 -86 -80 -76 
2016-05-19 22:21:14.935591 -82 -77 -84 -82 -72 
2016-05-19 22:21:15.236624 -77 -85 -86 -80 -73 
2016-05-19 22:21:15.340644 -77 -89 -84 -84 -79 
2016-05-19 22:21:15.446651 -77 -77 -88 -79 -72 
2016-05-19 22:21:15.545670 -77 -88 -87 -83 -78 
2016-05-19 22:21:15.731688 -77 -77 -84 -80 -74 
2016-05-19 22:21:15.837705 -77 -77 -89 -75 -76 
2016-05-19 22:21:16.197752 -84 -77 -84 -79 -78 
2016-05-19 22:21:16.607815 -76 -85 -85 -78 -74 
2016-05-19 22:21:17.023860 -79 -82 -87 -84 -72 
2016-05-19 22:21:17.195889 -79 -77 -85 -89 -71 
2016-05-19 22:21:17.296894 -81 -83 -89 -77 -70 
2016-05-19 22:21:17.399910 -76 -89 -88 -88 -75 
2016-05-19 22:21:17.507924 -79 -77 -87 -80 -71 
2016-05-19 22:21:17.714951 -75 -77 -87 -80 -72 
2016-05-19 22:21:17.886971 -75 -77 -86 -87 -69 
2016-05-19 22:21:18.094001 -81 -77 -86 -80 -71 
2016-05-19 22:21:18.284026 -78 -86 -84 -76 -78 
2016-05-19 22:21:18.496057 -78 -77 -86 -78 -84 
2016-05-19 22:21:18.718081 -81 -77 -85 -81 -71 
2016-05-19 22:21:19.031127 -76 -80 -85 -78 -68 
2016-05-19 22:21:19.143153 -80 -79 -85 -81 -73 
2016-05-19 22:21:19.350168 -80 -76 -85 -80 -82 
2016-05-19 22:21:19.459179 -87 -80 -85 -79 -85 
2016-05-19 22:21:19.775221 -79 -76 -85 -85 -69 
699
