2016-05-19 22:34:53.074853 -68 -77 -78 -68 -70 
2016-05-19 22:34:53.285880 -69 -75 -77 -69 -69 
2016-05-19 22:34:53.495908 -71 -76 -82 -89 -83 
2016-05-19 22:34:53.868087 -77 -72 -71 -72 -75 
2016-05-19 22:34:53.973972 -70 -70 -70 -68 -86 
2016-05-19 22:34:54.082988 -73 -73 -71 -72 -78 
2016-05-19 22:34:54.188004 -72 -68 -69 -69 -84 
2016-05-19 22:34:54.603068 -86 -77 -79 -68 -78 
2016-05-19 22:34:54.818081 -80 -76 -75 -70 -80 
2016-05-19 22:34:55.229135 -77 -83 -72 -67 -79 
2016-05-19 22:34:55.641211 -76 -76 -80 -68 -76 
2016-05-19 22:34:55.857217 -71 -68 -72 -65 -67 
2016-05-19 22:34:55.971232 -86 -73 -68 -64 -69 
2016-05-19 22:34:56.131253 -88 -71 -74 -63 -67 
2016-05-19 22:34:56.393287 -72 -71 -71 -68 -74 
2016-05-19 22:34:56.501301 -74 -78 -75 -67 -76 
2016-05-19 22:34:56.760335 -81 -69 -77 -70 -79 
2016-05-19 22:34:56.969368 -81 -71 -79 -67 -74 
2016-05-19 22:34:57.183389 -75 -65 -71 -67 -73 
2016-05-19 22:34:57.390418 -77 -66 -77 -68 -74 
2016-05-19 22:34:57.511433 -76 -69 -75 -69 -77 
2016-05-19 22:34:57.614447 -80 -70 -79 -70 -80 
2016-05-19 22:34:57.770466 -81 -69 -80 -79 -77 
2016-05-19 22:34:57.877481 -80 -73 -83 -70 -84 
2016-05-19 22:34:57.970492 -89 -74 -78 -70 -76 
2016-05-19 22:34:58.240528 -82 -74 -80 -71 -85 
2016-05-19 22:34:58.339545 -81 -74 -76 -69 -78 
2016-05-19 22:34:58.706589 -78 -72 -77 -72 -84 
2016-05-19 22:34:58.861609 -90 -67 -81 -75 -87 
2016-05-19 22:34:59.033632 -84 -69 -81 -77 -84 
2016-05-19 22:34:59.196654 -75 -68 -81 -77 -80 
2016-05-19 22:34:59.329671 -84 -72 -81 -68 -85 
2016-05-19 22:34:59.609729 -84 -70 -81 -73 -78 
2016-05-19 22:34:59.758726 -78 -73 -80 -70 -89 
2016-05-19 22:34:59.863742 -89 -71 -81 -77 -76 
2016-05-19 22:34:59.967753 -82 -71 -78 -70 -84 
2016-05-19 22:35:00.113773 -86 -69 -86 -68 -85 
2016-05-19 22:35:00.219788 -83 -72 -80 -81 -75 
2016-05-19 22:35:00.381808 -83 -69 -79 -69 -74 
2016-05-19 22:35:00.545833 -89 -69 -77 -73 -77 
2016-05-19 22:35:00.651859 -78 -72 -77 -78 -84 
2016-05-19 22:35:00.761858 -86 -67 -79 -69 -87 
2016-05-19 22:35:00.861871 -84 -73 -76 -86 -87 
2016-05-19 22:35:01.007897 -78 -67 -77 -70 -75 
2016-05-19 22:35:01.175912 -81 -69 -79 -71 -77 
2016-05-19 22:35:01.281927 -84 -70 -82 -71 -77 
2016-05-19 22:35:01.384940 -83 -69 -78 -72 -74 
2016-05-19 22:35:01.809997 -86 -69 -78 -74 -83 
2016-05-19 22:35:02.048028 -82 -70 -78 -72 -84 
2016-05-19 22:35:02.237179 -80 -69 -77 -70 -89 
2016-05-19 22:35:02.341189 -80 -70 -77 -69 -74 
2016-05-19 22:35:02.545091 -80 -69 -81 -75 -81 
2016-05-19 22:35:02.754117 -81 -68 -78 -69 -79 
2016-05-19 22:35:02.962179 -80 -69 -80 -68 -81 
2016-05-19 22:35:03.164171 -77 -70 -81 -68 -73 
2016-05-19 22:35:03.274185 -86 -70 -83 -78 -76 
2016-05-19 22:35:03.423204 -89 -69 -79 -69 -85 
2016-05-19 22:35:03.737245 -89 -70 -80 -78 -79 
2016-05-19 22:35:04.054286 -85 -69 -78 -69 -87 
2016-05-19 22:35:04.270317 -84 -68 -79 -71 -86 
2016-05-19 22:35:04.576355 -81 -69 -78 -71 -74 
2016-05-19 22:35:04.744377 -78 -71 -79 -69 -71 
2016-05-19 22:35:04.849391 -83 -72 -78 -68 -77 
2016-05-19 22:35:05.008411 -78 -72 -81 -66 -72 
2016-05-19 22:35:05.226440 -80 -70 -85 -68 -75 
2016-05-19 22:35:05.369459 -86 -70 -79 -68 -73 
2016-05-19 22:35:05.576486 -85 -70 -79 -68 -83 
67
