2016-05-19 22:33:34.819634 -71 -63 -82 -77 -79 
2016-05-19 22:33:34.928649 -74 -63 -68 -69 -89 
2016-05-19 22:33:34.992655 -85 -60 -79 -71 -76 
2016-05-19 22:33:35.139673 -69 -75 -80 -68 -72 
2016-05-19 22:33:35.339701 -71 -70 -68 -63 -85 
2016-05-19 22:33:35.444711 -72 -64 -69 -67 -75 
2016-05-19 22:33:35.703764 -75 -63 -76 -66 -83 
2016-05-19 22:33:35.809890 -77 -62 -82 -74 -75 
2016-05-19 22:33:35.912774 -80 -63 -71 -70 -73 
2016-05-19 22:33:36.083800 -75 -71 -71 -65 -83 
2016-05-19 22:33:36.186810 -77 -68 -74 -74 -75 
2016-05-19 22:33:36.502852 -73 -75 -72 -71 -82 
2016-05-19 22:33:36.911905 -88 -78 -76 -65 -76 
2016-05-19 22:33:37.019916 -77 -77 -68 -63 -74 
2016-05-19 22:33:37.180940 -83 -72 -76 -65 -87 
2016-05-19 22:33:37.285954 -75 -71 -69 -69 -74 
2016-05-19 22:33:37.406978 -71 -74 -68 -68 -69 
2016-05-19 22:33:37.510983 -80 -67 -87 -72 -69 
2016-05-19 22:33:37.816023 -76 -71 -75 -71 -78 
2016-05-19 22:33:37.920034 -77 -73 -64 -73 -71 
2016-05-19 22:33:38.138193 -72 -69 -66 -69 -71 
2016-05-19 22:33:38.348093 -72 -71 -65 -70 -69 
2016-05-19 22:33:38.403100 -72 -84 -74 -67 -72 
2016-05-19 22:33:38.610257 -72 -71 -70 -68 -77 
2016-05-19 22:33:38.817155 -71 -69 -71 -63 -70 
2016-05-19 22:33:39.074316 -74 -68 -73 -66 -77 
2016-05-19 22:33:39.215207 -80 -66 -72 -74 -73 
2016-05-19 22:33:39.417232 -73 -68 -74 -68 -71 
2016-05-19 22:33:39.519250 -71 -68 -77 -67 -74 
2016-05-19 22:33:39.622259 -74 -61 -67 -71 -69 
2016-05-19 22:33:39.818414 -73 -66 -68 -68 -71 
2016-05-19 22:33:40.027312 -70 -68 -71 -76 -69 
2016-05-19 22:33:40.142327 -75 -76 -69 -73 -76 
2016-05-19 22:33:40.344357 -81 -79 -68 -74 -74 
2016-05-19 22:33:40.466498 -81 -68 -68 -68 -75 
2016-05-19 22:33:40.570513 -80 -72 -85 -68 -72 
2016-05-19 22:33:40.676412 -74 -72 -68 -68 -75 
2016-05-19 22:33:40.778412 -78 -69 -77 -64 -73 
2016-05-19 22:33:41.078449 -74 -68 -68 -68 -70 
2016-05-19 22:33:41.183463 -75 -69 -70 -74 -76 
2016-05-19 22:33:41.395488 -75 -67 -78 -67 -74 
2016-05-19 22:33:41.528508 -74 -67 -68 -70 -69 
2016-05-19 22:33:41.629525 -73 -68 -65 -80 -77 
2016-05-19 22:33:41.735532 -82 -67 -67 -67 -68 
2016-05-19 22:33:41.845547 -77 -67 -73 -80 -74 
2016-05-19 22:33:41.957564 -77 -69 -70 -67 -70 
2016-05-19 22:33:42.164595 -76 -67 -75 -71 -73 
2016-05-19 22:33:42.266733 -71 -65 -69 -76 -74 
2016-05-19 22:33:42.376627 -75 -68 -72 -67 -69 
2016-05-19 22:33:42.482770 -78 -67 -72 -73 -76 
2016-05-19 22:33:42.851689 -76 -67 -69 -68 -72 
2016-05-19 22:33:43.101721 -77 -65 -66 -68 -78 
2016-05-19 22:33:43.210867 -74 -68 -68 -71 -76 
2016-05-19 22:33:43.432764 -74 -67 -66 -71 -76 
2016-05-19 22:33:43.585782 -78 -69 -75 -68 -79 
2016-05-19 22:33:43.696799 -73 -65 -71 -69 -72 
2016-05-19 22:33:43.964840 -74 -68 -74 -68 -77 
2016-05-19 22:33:44.116854 -76 -69 -72 -73 -74 
2016-05-19 22:33:44.283007 -74 -68 -74 -70 -75 
2016-05-19 22:33:44.385893 -75 -68 -69 -66 -74 
2016-05-19 22:33:44.491903 -77 -65 -74 -68 -77 
2016-05-19 22:33:44.808936 -79 -67 -71 -70 -73 
2016-05-19 22:33:45.017964 -75 -68 -68 -67 -79 
2016-05-19 22:33:45.123107 -76 -71 -69 -75 -83 
2016-05-19 22:33:45.230988 -74 -69 -71 -65 -81 
2016-05-19 22:33:45.383012 -75 -67 -70 -69 -85 
2016-05-19 22:33:45.488026 -82 -67 -71 -65 -72 
2016-05-19 22:33:45.638045 -76 -66 -71 -69 -74 
2016-05-19 22:33:45.843200 -71 -66 -75 -67 -75 
2016-05-19 22:33:45.952086 -80 -68 -76 -65 -78 
2016-05-19 22:33:46.275134 -78 -71 -74 -69 -75 
2016-05-19 22:33:46.406142 -75 -83 -76 -72 -81 
2016-05-19 22:33:46.517164 -80 -70 -74 -80 -72 
2016-05-19 22:33:46.703184 -73 -72 -72 -69 -72 
2016-05-19 22:33:46.808199 -72 -69 -74 -77 -69 
2016-05-19 22:33:47.224253 -73 -74 -76 -73 -68 
2016-05-19 22:33:47.360276 -78 -72 -70 -71 -74 
2016-05-19 22:33:47.471282 -75 -65 -72 -71 -69 
2016-05-19 22:33:47.640310 -77 -64 -67 -73 -74 
2016-05-19 22:33:47.746317 -72 -68 -82 -77 -76 
2016-05-19 22:33:47.949347 -73 -66 -70 -75 -74 
2016-05-19 22:33:48.264388 -79 -72 -67 -68 -75 
2016-05-19 22:33:48.372402 -80 -74 -71 -70 -79 
2016-05-19 22:33:48.569433 -73 -78 -66 -76 -75 
2016-05-19 22:33:48.695462 -78 -73 -71 -71 -70 
2016-05-19 22:33:48.800461 -72 -72 -69 -75 -70 
2016-05-19 22:33:48.903471 -82 -68 -67 -74 -69 
2016-05-19 22:33:49.111496 -72 -64 -62 -65 -68 
2016-05-19 22:33:49.326524 -69 -66 -69 -74 -79 
2016-05-19 22:33:49.500553 -79 -69 -64 -66 -72 
2016-05-19 22:33:49.623574 -71 -67 -62 -77 -74 
2016-05-19 22:33:49.760588 -74 -66 -63 -76 -75 
2016-05-19 22:33:49.862597 -80 -71 -68 -68 -81 
2016-05-19 22:33:50.039620 -74 -66 -65 -73 -80 
2016-05-19 22:33:50.142633 -83 -68 -67 -77 -71 
2016-05-19 22:33:50.345664 -74 -68 -69 -80 -68 
2016-05-19 22:33:50.553687 -74 -76 -67 -77 -67 
2016-05-19 22:33:50.661701 -72 -72 -72 -73 -66 
2016-05-19 22:33:50.899861 -78 -77 -67 -69 -70 
2016-05-19 22:33:51.006743 -71 -67 -65 -69 -65 
2016-05-19 22:33:51.180772 -72 -67 -65 -74 -65 
2016-05-19 22:33:51.431799 -75 -77 -69 -73 -70 
2016-05-19 22:33:51.637829 -69 -77 -64 -76 -72 
2016-05-19 22:33:51.755973 -69 -72 -68 -75 -66 
2016-05-19 22:33:51.857858 -72 -75 -78 -75 -76 
2016-05-19 22:33:52.053882 -69 -75 -74 -72 -72 
2016-05-19 22:33:52.154896 -68 -84 -72 -78 -65 
2016-05-19 22:33:52.261907 -69 -68 -74 -73 -80 
2016-05-19 22:33:52.380929 -75 -79 -73 -78 -67 
2016-05-19 22:33:52.542948 -71 -87 -87 -73 -69 
2016-05-19 22:33:52.751971 -77 -82 -72 -75 -76 
2016-05-19 22:33:52.954002 -73 -74 -68 -74 -72 
2016-05-19 22:33:53.381060 -74 -76 -74 -74 -67 
2016-05-19 22:33:53.503077 -76 -83 -72 -75 -74 
2016-05-19 22:33:53.601089 -69 -75 -75 -76 -76 
2016-05-19 22:33:53.706104 -75 -79 -71 -70 -68 
2016-05-19 22:33:58.172811 -69 -69 -73 -76 -70 
2016-05-19 22:33:58.382707 -70 -71 -71 -75 -69 
2016-05-19 22:33:58.696756 -68 -84 -69 -79 -76 
2016-05-19 22:33:58.892905 -70 -83 -68 -75 -67 
2016-05-19 22:33:58.993790 -71 -84 -69 -75 -70 
2016-05-19 22:33:59.266829 -70 -78 -74 -74 -91 
2016-05-19 22:33:59.495855 -69 -72 -73 -73 -86 
2016-05-19 22:33:59.701885 -72 -78 -71 -77 -80 
2016-05-19 22:33:59.897904 -75 -78 -73 -73 -71 
2016-05-19 22:34:00.015923 -75 -85 -78 -71 -72 
2016-05-19 22:34:00.115936 -76 -82 -66 -76 -68 
2016-05-19 22:34:00.224951 -70 -83 -71 -72 -72 
2016-05-19 22:34:00.424977 -75 -81 -72 -75 -74 
2016-05-19 22:34:00.744018 -73 -80 -71 -74 -70 
2016-05-19 22:34:00.851032 -74 -82 -69 -75 -71 
2016-05-19 22:34:01.371100 -73 -77 -73 -72 -80 
2016-05-19 22:34:01.594129 -73 -78 -73 -72 -72 
2016-05-19 22:34:01.720145 -72 -74 -71 -73 -88 
2016-05-19 22:34:01.823156 -71 -84 -68 -77 -72 
2016-05-19 22:34:02.025185 -73 -78 -77 -78 -78 
2016-05-19 22:34:02.124198 -74 -85 -70 -79 -89 
2016-05-19 22:34:02.234212 -71 -74 -72 -77 -68 
2016-05-19 22:34:02.443245 -73 -74 -74 -72 -78 
2016-05-19 22:34:02.730288 -73 -76 -68 -74 -77 
2016-05-19 22:34:02.978314 -73 -79 -70 -75 -70 
2016-05-19 22:34:03.189476 -72 -77 -70 -74 -83 
2016-05-19 22:34:03.294358 -74 -82 -74 -71 -78 
2016-05-19 22:34:03.472387 -79 -76 -72 -77 -73 
2016-05-19 22:34:03.575396 -75 -84 -70 -77 -80 
2016-05-19 22:34:03.780436 -77 -81 -71 -75 -77 
2016-05-19 22:34:03.995443 -69 -83 -68 -75 -76 
2016-05-19 22:34:04.102461 -78 -72 -66 -77 -74 
2016-05-19 22:34:04.210472 -77 -71 -67 -75 -81 
2016-05-19 22:34:04.314487 -79 -71 -68 -73 -72 
2016-05-19 22:34:04.620525 -79 -73 -72 -74 -74 
2016-05-19 22:34:04.729544 -70 -77 -66 -72 -72 
2016-05-19 22:34:04.833549 -78 -72 -71 -77 -75 
2016-05-19 22:34:04.939573 -69 -80 -70 -71 -72 
2016-05-19 22:34:05.159602 -74 -81 -67 -77 -76 
2016-05-19 22:34:05.343616 -79 -89 -70 -75 -77 
2016-05-19 22:34:05.477765 -77 -74 -71 -80 -74 
2016-05-19 22:34:05.679663 -73 -86 -68 -83 -77 
2016-05-19 22:34:05.887693 -72 -79 -67 -81 -74 
2016-05-19 22:34:06.312749 -72 -80 -70 -80 -80 
2016-05-19 22:34:06.525902 -72 -81 -70 -81 -81 
2016-05-19 22:34:06.633785 -72 -87 -74 -76 -69 
2016-05-19 22:34:06.744801 -74 -77 -68 -78 -72 
2016-05-19 22:34:06.849816 -72 -74 -75 -77 -69 
2016-05-19 22:34:06.955830 -74 -80 -68 -85 -72 
2016-05-19 22:34:07.067848 -72 -84 -72 -77 -81 
2016-05-19 22:34:07.264870 -71 -74 -70 -77 -78 
2016-05-19 22:34:07.386893 -71 -74 -67 -76 -71 
2016-05-19 22:34:07.601921 -72 -78 -69 -76 -69 
2016-05-19 22:34:07.804948 -74 -86 -68 -75 -79 
2016-05-19 22:34:07.975971 -73 -86 -66 -79 -71 
2016-05-19 22:34:08.102108 -71 -82 -73 -84 -81 
2016-05-19 22:34:08.320010 -72 -80 -70 -77 -77 
2016-05-19 22:34:08.422151 -74 -78 -70 -83 -71 
2016-05-19 22:34:08.526163 -73 -77 -67 -81 -80 
2016-05-19 22:34:08.733065 -72 -81 -71 -80 -78 
2016-05-19 22:34:08.849074 -70 -70 -69 -69 -80 
2016-05-19 22:34:09.040103 -80 -70 -68 -72 -81 
2016-05-19 22:34:09.144113 -80 -68 -76 -68 -75 
2016-05-19 22:34:09.247128 -79 -74 -72 -69 -68 
2016-05-19 22:34:09.555169 -77 -70 -69 -66 -71 
2016-05-19 22:34:09.760197 -74 -71 -68 -78 -78 
2016-05-19 22:34:09.863213 -77 -73 -66 -73 -80 
2016-05-19 22:34:09.975224 -75 -65 -71 -67 -78 
2016-05-19 22:34:10.078366 -71 -74 -74 -73 -75 
2016-05-19 22:34:10.486420 -77 -73 -74 -66 -79 
2016-05-19 22:34:10.585303 -74 -78 -77 -65 -78 
2016-05-19 22:34:10.690318 -86 -69 -75 -63 -74 
2016-05-19 22:34:10.934478 -74 -83 -75 -66 -74 
2016-05-19 22:34:11.250390 -75 -72 -73 -66 -72 
2016-05-19 22:34:11.371406 -76 -63 -69 -63 -69 
2016-05-19 22:34:11.522426 -80 -60 -68 -67 -72 
2016-05-19 22:34:11.624436 -78 -66 -73 -62 -75 
2016-05-19 22:34:11.725452 -75 -63 -71 -62 -75 
2016-05-19 22:34:11.915477 -75 -72 -76 -67 -76 
2016-05-19 22:34:12.126648 -79 -68 -72 -66 -75 
2016-05-19 22:34:12.235520 -77 -65 -67 -70 -84 
2016-05-19 22:34:12.343546 -88 -68 -74 -66 -74 
2016-05-19 22:34:12.447554 -71 -66 -69 -77 -76 
2016-05-19 22:34:12.657582 -73 -80 -72 -76 -80 
2016-05-19 22:34:12.935618 -78 -67 -78 -69 -71 
2016-05-19 22:34:13.256666 -77 -69 -77 -76 -75 
2016-05-19 22:34:13.682709 -76 -71 -78 -73 -73 
2016-05-19 22:34:13.998878 -79 -65 -77 -77 -77 
2016-05-19 22:34:14.109760 -72 -68 -83 -65 -72 
2016-05-19 22:34:14.373803 -78 -67 -74 -67 -72 
2016-05-19 22:34:14.577825 -79 -68 -82 -72 -73 
2016-05-19 22:34:14.755848 -75 -68 -78 -71 -74 
2016-05-19 22:34:14.861862 -72 -65 -77 -72 -80 
2016-05-19 22:34:14.960883 -77 -73 -80 -70 -75 
2016-05-19 22:34:15.203910 -74 -68 -76 -69 -74 
2016-05-19 22:34:15.308924 -87 -70 -74 -72 -78 
2016-05-19 22:34:15.410934 -71 -72 -80 -76 -82 
2016-05-19 22:34:15.573962 -74 -75 -81 -79 -81 
2016-05-19 22:34:15.677969 -72 -70 -81 -80 -79 
2016-05-19 22:34:15.785983 -71 -73 -72 -69 -76 
2016-05-19 22:34:16.304054 -73 -71 -77 -72 -84 
2016-05-19 22:34:16.448069 -74 -73 -71 -78 -73 
2016-05-19 22:34:16.660094 -72 -72 -72 -77 -75 
2016-05-19 22:34:16.762110 -75 -70 -77 -83 -85 
2016-05-19 22:34:16.886126 -69 -73 -72 -85 -83 
2016-05-19 22:34:16.997140 -72 -71 -78 -74 -82 
2016-05-19 22:34:17.142160 -72 -72 -83 -74 -82 
2016-05-19 22:34:17.307182 -74 -70 -80 -74 -79 
2016-05-19 22:34:17.414225 -78 -71 -85 -81 -81 
2016-05-19 22:34:17.551343 -76 -71 -80 -72 -78 
2016-05-19 22:34:17.659232 -77 -73 -78 -76 -75 
2016-05-19 22:34:17.798246 -77 -76 -81 -73 -76 
2016-05-19 22:34:18.077282 -75 -71 -82 -75 -73 
2016-05-19 22:34:18.290307 -74 -69 -82 -77 -75 
2016-05-19 22:34:18.401339 -72 -71 -76 -76 -72 
2016-05-19 22:34:18.574351 -75 -69 -75 -75 -74 
2016-05-19 22:34:18.962404 -76 -69 -82 -74 -73 
2016-05-19 22:34:19.172425 -79 -80 -83 -75 -74 
2016-05-19 22:34:19.474470 -73 -71 -76 -75 -74 
2016-05-19 22:34:19.579484 -76 -73 -88 -77 -71 
2016-05-19 22:34:19.683491 -75 -67 -77 -75 -73 
2016-05-19 22:34:19.896519 -79 -77 -77 -73 -74 
2016-05-19 22:34:20.072543 -82 -70 -85 -71 -72 
2016-05-19 22:34:20.314577 -80 -77 -76 -76 -74 
2016-05-19 22:34:20.522601 -78 -68 -75 -75 -72 
2016-05-19 22:34:20.729633 -79 -68 -78 -75 -71 
2016-05-19 22:34:20.920651 -80 -76 -80 -78 -72 
2016-05-19 22:34:21.026674 -83 -78 -84 -71 -73 
2016-05-19 22:34:21.136681 -81 -70 -77 -80 -74 
2016-05-19 22:34:21.240693 -84 -67 -82 -72 -72 
2016-05-19 22:34:21.427720 -80 -75 -80 -74 -72 
2016-05-19 22:34:21.648748 -81 -82 -84 -76 -70 
2016-05-19 22:34:21.783894 -80 -71 -80 -78 -71 
2016-05-19 22:34:21.971793 -80 -69 -81 -73 -72 
2016-05-19 22:34:22.185819 -78 -82 -78 -73 -73 
2016-05-19 22:34:22.299837 -84 -76 -81 -81 -73 
2016-05-19 22:34:22.496010 -82 -68 -85 -77 -73 
2016-05-19 22:34:22.598873 -76 -68 -87 -76 -70 
2016-05-19 22:34:22.789902 -75 -69 -75 -77 -72 
2016-05-19 22:34:22.924918 -76 -68 -69 -74 -73 
2016-05-19 22:34:23.127943 -71 -72 -82 -70 -84 
2016-05-19 22:34:23.242956 -73 -79 -76 -72 -80 
2016-05-19 22:34:23.350968 -75 -65 -78 -68 -78 
2016-05-19 22:34:23.552148 -74 -61 -78 -74 -77 
2016-05-19 22:34:23.654011 -76 -62 -73 -72 -79 
2016-05-19 22:34:23.947050 -80 -61 -74 -65 -80 
2016-05-19 22:34:24.213083 -75 -59 -75 -69 -77 
2016-05-19 22:34:24.377106 -70 -62 -72 -69 -82 
2016-05-19 22:34:24.513123 -86 -66 -77 -65 -80 
2016-05-19 22:34:24.797160 -75 -65 -75 -78 -70 
2016-05-19 22:34:25.056322 -70 -68 -77 -67 -72 
2016-05-19 22:34:25.163207 -82 -70 -70 -74 -76 
2016-05-19 22:34:25.273221 -74 -72 -68 -68 -72 
2016-05-19 22:34:25.451244 -74 -65 -73 -79 -77 
2016-05-19 22:34:25.654271 -77 -70 -72 -74 -75 
2016-05-19 22:34:25.851295 -83 -65 -75 -66 -71 
2016-05-19 22:34:26.009318 -77 -60 -72 -69 -80 
2016-05-19 22:34:26.162338 -70 -61 -69 -74 -76 
2016-05-19 22:34:26.479385 -76 -63 -73 -64 -73 
2016-05-19 22:34:26.698408 -69 -64 -71 -66 -77 
2016-05-19 22:34:26.803422 -74 -69 -87 -68 -82 
2016-05-19 22:34:26.910440 -77 -68 -69 -71 -82 
2016-05-19 22:34:27.014449 -79 -75 -83 -74 -89 
2016-05-19 22:34:27.338491 -72 -67 -73 -70 -90 
2016-05-19 22:34:27.514514 -70 -68 -69 -64 -74 
2016-05-19 22:34:27.655545 -71 -67 -74 -74 -81 
2016-05-19 22:34:27.838571 -74 -67 -81 -82 -82 
2016-05-19 22:34:27.930572 -74 -69 -89 -60 -81 
2016-05-19 22:34:28.155602 -81 -65 -80 -64 -74 
2016-05-19 22:34:28.298617 -71 -68 -70 -68 -81 
2016-05-19 22:34:28.509645 -76 -66 -72 -66 -79 
2016-05-19 22:34:28.715676 -73 -62 -75 -64 -72 
2016-05-19 22:34:28.920827 -77 -64 -69 -66 -78 
2016-05-19 22:34:29.131722 -70 -59 -72 -69 -69 
2016-05-19 22:34:29.398761 -73 -65 -82 -68 -74 
2016-05-19 22:34:29.506772 -78 -66 -70 -74 -79 
2016-05-19 22:34:29.606785 -76 -62 -77 -71 -75 
2016-05-19 22:34:29.712820 -82 -67 -73 -64 -70 
2016-05-19 22:34:29.909829 -74 -64 -69 -62 -76 
2016-05-19 22:34:30.062847 -71 -65 -78 -62 -85 
2016-05-19 22:34:30.169862 -71 -58 -69 -66 -74 
2016-05-19 22:34:30.274875 -70 -63 -70 -63 -74 
2016-05-19 22:34:30.515912 -77 -60 -75 -68 -75 
2016-05-19 22:34:30.617920 -76 -58 -71 -75 -74 
2016-05-19 22:34:30.724934 -87 -61 -74 -62 -79 
2016-05-19 22:34:30.826944 -73 -62 -81 -66 -78 
2016-05-19 22:34:30.930964 -75 -62 -76 -66 -84 
2016-05-19 22:34:31.033103 -87 -64 -76 -77 -86 
2016-05-19 22:34:31.159991 -72 -64 -68 -69 -73 
2016-05-19 22:34:31.463030 -71 -62 -74 -64 -70 
2016-05-19 22:34:31.590049 -80 -66 -75 -64 -72 
2016-05-19 22:34:31.695061 -78 -59 -80 -81 -88 
2016-05-19 22:34:31.794073 -75 -69 -85 -63 -72 
2016-05-19 22:34:32.109115 -75 -75 -75 -69 -78 
2016-05-19 22:34:32.216132 -78 -61 -78 -66 -87 
2016-05-19 22:34:32.324143 -72 -69 -78 -60 -87 
2016-05-19 22:34:32.524169 -80 -62 -74 -62 -77 
2016-05-19 22:34:32.732193 -75 -68 -73 -61 -78 
2016-05-19 22:34:32.836230 -71 -73 -74 -70 -83 
2016-05-19 22:34:33.037233 -74 -65 -73 -62 -75 
2016-05-19 22:34:33.139253 -69 -68 -74 -68 -72 
2016-05-19 22:34:33.300270 -72 -65 -75 -64 -72 
2016-05-19 22:34:33.515298 -69 -69 -75 -63 -70 
2016-05-19 22:34:34.203388 -72 -66 -77 -62 -74 
2016-05-19 22:34:34.414416 -71 -75 -72 -61 -82 
2016-05-19 22:34:34.698454 -78 -68 -75 -61 -71 
2016-05-19 22:34:34.863490 -74 -73 -77 -63 -73 
2016-05-19 22:34:35.047496 -74 -74 -80 -60 -79 
2016-05-19 22:34:35.360539 -77 -69 -78 -64 -75 
2016-05-19 22:34:35.596574 -77 -62 -75 -60 -76 
2016-05-19 22:34:35.911615 -76 -75 -82 -64 -74 
2016-05-19 22:34:36.093635 -72 -68 -77 -60 -87 
2016-05-19 22:34:36.298662 -73 -70 -78 -63 -75 
2016-05-19 22:34:36.603701 -78 -72 -73 -64 -75 
2016-05-19 22:34:36.710716 -76 -72 -79 -60 -77 
2016-05-19 22:34:36.842730 -73 -67 -77 -65 -76 
2016-05-19 22:34:37.048760 -77 -71 -74 -59 -75 
2016-05-19 22:34:37.261791 -77 -68 -80 -60 -73 
2016-05-19 22:34:37.369839 -75 -70 -82 -62 -71 
2016-05-19 22:34:37.576835 -82 -70 -78 -61 -81 
2016-05-19 22:34:37.680842 -80 -70 -83 -58 -72 
2016-05-19 22:34:37.890873 -73 -68 -81 -60 -75 
2016-05-19 22:34:38.096904 -76 -69 -73 -60 -74 
2016-05-19 22:34:38.417936 -75 -69 -75 -65 -81 
2016-05-19 22:34:38.610093 -75 -66 -70 -60 -71 
2016-05-19 22:34:38.716981 -76 -66 -80 -70 -79 
2016-05-19 22:34:38.821995 -77 -64 -74 -62 -72 
2016-05-19 22:34:39.027024 -75 -67 -80 -60 -71 
2016-05-19 22:34:39.136043 -72 -68 -87 -68 -77 
2016-05-19 22:34:39.367067 -76 -66 -84 -62 -72 
2016-05-19 22:34:39.571089 -74 -67 -81 -62 -73 
2016-05-19 22:34:39.863125 -75 -68 -85 -64 -73 
2016-05-19 22:34:40.056153 -76 -66 -88 -64 -73 
2016-05-19 22:34:40.282312 -74 -65 -77 -63 -70 
2016-05-19 22:34:40.393194 -73 -67 -86 -60 -84 
2016-05-19 22:34:40.495210 -71 -70 -79 -60 -72 
2016-05-19 22:34:40.623225 -75 -69 -81 -61 -78 
2016-05-19 22:34:40.769252 -75 -70 -74 -61 -80 
2016-05-19 22:34:40.874388 -81 -69 -90 -66 -75 
2016-05-19 22:34:40.975273 -74 -67 -74 -61 -88 
2016-05-19 22:34:41.129294 -83 -72 -75 -65 -78 
2016-05-19 22:34:41.256310 -71 -74 -82 -60 -71 
2016-05-19 22:34:41.358320 -79 -68 -79 -64 -85 
2016-05-19 22:34:41.460339 -72 -73 -75 -61 -71 
2016-05-19 22:34:41.776377 -74 -70 -75 -63 -85 
2016-05-19 22:34:41.878388 -72 -77 -79 -60 -79 
2016-05-19 22:34:42.027415 -73 -68 -80 -60 -77 
2016-05-19 22:34:42.216436 -77 -70 -79 -61 -74 
2016-05-19 22:34:42.392470 -73 -71 -83 -60 -73 
2016-05-19 22:34:42.580497 -78 -67 -77 -60 -84 
2016-05-19 22:34:42.682633 -78 -74 -79 -64 -75 
2016-05-19 22:34:42.999546 -74 -72 -84 -62 -80 
2016-05-19 22:34:43.200563 -73 -68 -74 -66 -72 
2016-05-19 22:34:43.344583 -73 -70 -81 -69 -78 
2016-05-19 22:34:43.561610 -73 -73 -85 -63 -73 
2016-05-19 22:34:43.683624 -76 -67 -81 -60 -87 
2016-05-19 22:34:43.942665 -74 -68 -79 -60 -73 
2016-05-19 22:34:44.045674 -70 -67 -82 -61 -73 
2016-05-19 22:34:44.151700 -71 -68 -77 -59 -77 
2016-05-19 22:34:44.280704 -69 -68 -77 -62 -75 
2016-05-19 22:34:44.384718 -74 -71 -85 -61 -87 
2016-05-19 22:34:44.579750 -71 -69 -80 -74 -76 
2016-05-19 22:34:44.703757 -83 -64 -83 -59 -76 
2016-05-19 22:34:44.864781 -78 -71 -80 -66 -75 
2016-05-19 22:34:44.989798 -77 -65 -86 -71 -75 
2016-05-19 22:34:45.094810 -71 -88 -83 -61 -74 
2016-05-19 22:34:45.199850 -73 -67 -75 -69 -73 
2016-05-19 22:34:45.330974 -75 -66 -79 -59 -73 
2016-05-19 22:34:45.689889 -75 -70 -83 -62 -78 
2016-05-19 22:34:45.796902 -78 -72 -78 -68 -70 
2016-05-19 22:34:45.901916 -71 -68 -79 -60 -75 
2016-05-19 22:34:46.422989 -73 -68 -84 -64 -75 
2016-05-19 22:34:46.525998 -77 -70 -83 -68 -83 
2016-05-19 22:34:46.627140 -69 -83 -71 -59 -78 
2016-05-19 22:34:46.731154 -73 -74 -77 -65 -82 
2016-05-19 22:34:46.888049 -69 -74 -72 -64 -74 
2016-05-19 22:34:46.996060 -80 -72 -78 -65 -87 
2016-05-19 22:34:47.232090 -74 -69 -77 -62 -82 
2016-05-19 22:34:47.331232 -72 -68 -72 -59 -75 
2016-05-19 22:34:47.620142 -75 -77 -75 -65 -75 
2016-05-19 22:34:47.754156 -70 -83 -72 -68 -76 
2016-05-19 22:34:47.889173 -81 -74 -75 -65 -70 
2016-05-19 22:34:48.098207 -74 -72 -75 -65 -72 
2016-05-19 22:34:48.242222 -77 -72 -81 -60 -82 
2016-05-19 22:34:48.347365 -81 -70 -80 -66 -71 
2016-05-19 22:34:48.553267 -89 -65 -79 -65 -73 
2016-05-19 22:34:49.063333 -75 -70 -81 -63 -70 
2016-05-19 22:34:49.173347 -77 -60 -73 -64 -68 
2016-05-19 22:34:49.279355 -72 -76 -73 -79 -82 
2016-05-19 22:34:49.584395 -69 -62 -75 -66 -72 
2016-05-19 22:34:49.741418 -73 -70 -75 -64 -73 
2016-05-19 22:34:49.911440 -67 -66 -78 -63 -72 
2016-05-19 22:34:50.104465 -83 -70 -76 -62 -71 
2016-05-19 22:34:50.222487 -74 -71 -79 -65 -78 
2016-05-19 22:34:50.476515 -75 -65 -82 -62 -75 
2016-05-19 22:34:50.642537 -75 -66 -73 -65 -75 
2016-05-19 22:34:51.044585 -68 -69 -76 -66 -79 
2016-05-19 22:34:51.251744 -82 -70 -81 -59 -78 
2016-05-19 22:34:51.357629 -71 -70 -75 -61 -79 
2016-05-19 22:34:51.467772 -71 -73 -71 -74 -72 
2016-05-19 22:34:51.571658 -69 -73 -81 -67 -70 
2016-05-19 22:34:51.778688 -75 -71 -76 -79 -71 
2016-05-19 22:34:51.886698 -79 -77 -77 -67 -77 
2016-05-19 22:34:51.993715 -74 -72 -78 -67 -77 
2016-05-19 22:34:52.132730 -72 -74 -72 -77 -78 
2016-05-19 22:34:52.517780 -71 -71 -80 -70 -76 
2016-05-19 22:34:52.624792 -71 -78 -70 -73 -73 
2016-05-19 22:34:52.825887 -71 -72 -71 -65 -78 
2016-05-19 22:34:52.935835 -71 -79 -78 -68 -70 
2016-05-19 22:34:53.140862 -67 -75 -68 -71 -70 
2016-05-19 22:34:53.341888 -71 -75 -85 -67 -69 
2016-05-19 22:34:53.868087 -77 -74 -74 -78 -78 
2016-05-19 22:34:53.973972 -70 -70 -70 -68 -86 
2016-05-19 22:34:54.082988 -73 -73 -71 -72 -78 
2016-05-19 22:34:54.188004 -72 -68 -69 -69 -84 
2016-05-19 22:34:54.603068 -86 -77 -79 -68 -78 
2016-05-19 22:34:54.818081 -80 -76 -75 -70 -80 
2016-05-19 22:34:55.229135 -77 -83 -72 -67 -79 
2016-05-19 22:34:55.641211 -76 -76 -80 -68 -76 
2016-05-19 22:34:55.857217 -71 -68 -72 -65 -67 
2016-05-19 22:34:55.971232 -86 -73 -68 -64 -69 
2016-05-19 22:34:56.131253 -88 -71 -74 -63 -67 
2016-05-19 22:34:56.393287 -72 -71 -71 -68 -74 
2016-05-19 22:34:56.501301 -74 -78 -75 -67 -76 
2016-05-19 22:34:56.760335 -81 -69 -77 -70 -79 
2016-05-19 22:34:56.969368 -81 -71 -79 -67 -74 
2016-05-19 22:34:57.183389 -75 -65 -71 -67 -73 
2016-05-19 22:34:57.390418 -77 -66 -77 -68 -74 
2016-05-19 22:34:57.511433 -76 -69 -75 -69 -77 
2016-05-19 22:34:57.614447 -80 -70 -79 -70 -80 
2016-05-19 22:34:57.770466 -81 -69 -80 -79 -77 
2016-05-19 22:34:57.877481 -80 -73 -83 -70 -84 
2016-05-19 22:34:57.970492 -89 -74 -78 -70 -76 
2016-05-19 22:34:58.240528 -82 -74 -80 -71 -85 
2016-05-19 22:34:58.339545 -81 -74 -76 -69 -78 
2016-05-19 22:34:58.706589 -78 -72 -77 -72 -84 
2016-05-19 22:34:58.861609 -90 -67 -81 -75 -87 
2016-05-19 22:34:59.033632 -84 -69 -81 -77 -84 
2016-05-19 22:34:59.196654 -75 -68 -81 -77 -80 
2016-05-19 22:34:59.329671 -84 -72 -81 -68 -85 
2016-05-19 22:34:59.609729 -84 -70 -81 -73 -78 
2016-05-19 22:34:59.758726 -78 -73 -80 -70 -89 
2016-05-19 22:34:59.863742 -89 -71 -81 -77 -76 
2016-05-19 22:34:59.967753 -82 -71 -78 -70 -84 
2016-05-19 22:35:00.113773 -86 -69 -86 -68 -85 
2016-05-19 22:35:00.219788 -83 -72 -80 -81 -75 
2016-05-19 22:35:00.381808 -83 -69 -79 -69 -74 
2016-05-19 22:35:00.545833 -89 -69 -77 -73 -77 
2016-05-19 22:35:00.651859 -78 -72 -77 -78 -84 
2016-05-19 22:35:00.761858 -86 -67 -79 -69 -87 
2016-05-19 22:35:00.861871 -84 -73 -76 -86 -87 
2016-05-19 22:35:01.007897 -78 -67 -77 -70 -75 
2016-05-19 22:35:01.175912 -81 -69 -79 -71 -77 
2016-05-19 22:35:01.281927 -84 -70 -82 -71 -77 
2016-05-19 22:35:01.384940 -83 -69 -78 -72 -74 
2016-05-19 22:35:01.809997 -86 -69 -78 -74 -83 
2016-05-19 22:35:02.048028 -82 -70 -78 -72 -84 
2016-05-19 22:35:02.237179 -80 -69 -77 -70 -89 
2016-05-19 22:35:02.341189 -80 -70 -77 -69 -74 
2016-05-19 22:35:02.545091 -80 -69 -81 -75 -81 
2016-05-19 22:35:02.754117 -81 -68 -78 -69 -79 
2016-05-19 22:35:02.962179 -80 -69 -80 -68 -81 
2016-05-19 22:35:03.164171 -77 -70 -81 -68 -73 
2016-05-19 22:35:03.274185 -86 -70 -83 -78 -76 
2016-05-19 22:35:03.423204 -89 -69 -79 -69 -85 
2016-05-19 22:35:03.737245 -89 -70 -80 -78 -79 
2016-05-19 22:35:04.054286 -85 -69 -78 -69 -87 
2016-05-19 22:35:04.270317 -84 -68 -79 -71 -86 
2016-05-19 22:35:04.576355 -81 -69 -78 -71 -74 
2016-05-19 22:35:04.744377 -78 -71 -79 -69 -71 
2016-05-19 22:35:04.849391 -83 -72 -78 -68 -77 
2016-05-19 22:35:05.008411 -78 -72 -81 -66 -72 
2016-05-19 22:35:05.226440 -80 -70 -85 -68 -75 
2016-05-19 22:35:05.369459 -86 -70 -79 -68 -73 
2016-05-19 22:35:05.576486 -85 -70 -79 -68 -83 
491
