2016-05-19 22:10:07.459202 -87 -73 -73 -77 -76 
2016-05-19 22:10:07.568221 -83 -75 -77 -81 -81 
2016-05-19 22:10:07.763239 -82 -76 -75 -77 -77 
2016-05-19 22:10:07.937270 -82 -81 -84 -86 -83 
2016-05-19 22:10:08.312318 -81 -83 -72 -79 -85 
2016-05-19 22:10:08.515340 -83 -77 -76 -77 -85 
2016-05-19 22:10:08.726367 -81 -76 -80 -84 -82 
2016-05-19 22:10:08.802383 -85 -75 -75 -78 -90 
2016-05-19 22:10:09.081415 -83 -84 -77 -77 -83 
2016-05-19 22:10:09.210431 -81 -80 -76 -77 -78 
2016-05-19 22:10:09.409458 -85 -78 -80 -81 -79 
2016-05-19 22:10:09.842518 -82 -81 -73 -79 -81 
2016-05-19 22:10:10.051543 -87 -76 -82 -84 -83 
2016-05-19 22:10:10.258565 -86 -79 -82 -83 -85 
2016-05-19 22:10:10.680623 -87 -81 -79 -79 -82 
2016-05-19 22:10:11.301704 -83 -79 -73 -76 -85 
2016-05-19 22:10:11.932791 -87 -79 -79 -77 -84 
2016-05-19 22:10:12.057811 -86 -78 -87 -77 -85 
2016-05-19 22:10:12.342845 -85 -79 -76 -79 -83 
2016-05-19 22:10:12.764895 -88 -79 -74 -78 -84 
2016-05-19 22:10:13.073933 -86 -80 -77 -76 -85 
2016-05-19 22:10:13.388974 -89 -79 -74 -78 -86 
2016-05-19 22:10:13.487995 -82 -80 -74 -77 -85 
2016-05-19 22:10:13.880041 -84 -79 -72 -78 -84 
2016-05-19 22:10:14.081067 -90 -79 -91 -79 -84 
2016-05-19 22:10:14.540127 -83 -80 -77 -78 -84 
2016-05-19 22:10:14.698153 -90 -79 -77 -78 -84 
2016-05-19 22:10:15.171216 -83 -81 -74 -78 -85 
2016-05-19 22:10:15.683282 -85 -77 -76 -76 -84 
2016-05-19 22:10:16.108337 -86 -77 -74 -75 -86 
2016-05-19 22:10:16.527387 -86 -78 -77 -77 -87 
2016-05-19 22:10:16.734411 -81 -78 -86 -75 -87 
2016-05-19 22:10:16.945442 -82 -79 -75 -77 -87 
2016-05-19 22:10:17.673542 -88 -80 -77 -77 -85 
2016-05-19 22:10:17.912568 -87 -78 -77 -77 -85 
2016-05-19 22:10:18.294614 -84 -80 -79 -75 -83 
2016-05-19 22:10:18.402632 -83 -79 -72 -82 -79 
2016-05-19 22:10:18.654662 -79 -81 -75 -76 -79 
2016-05-19 22:10:18.858696 -81 -86 -77 -75 -82 
2016-05-19 22:10:19.066719 -83 -80 -75 -72 -80 
2016-05-19 22:10:19.342754 -81 -76 -80 -80 -85 
2016-05-19 22:10:19.591789 -83 -73 -75 -77 -86 
2016-05-19 22:10:19.805816 -83 -77 -80 -80 -84 
2016-05-19 22:10:20.080851 -86 -79 -75 -77 -84 
2016-05-19 22:10:20.232871 -86 -75 -86 -79 -86 
2016-05-19 22:10:20.341888 -81 -74 -80 -72 -80 
2016-05-19 22:10:20.621922 -85 -78 -84 -70 -83 
2016-05-19 22:10:20.911961 -84 -75 -81 -73 -81 
2016-05-19 22:10:21.046977 -92 -77 -78 -73 -87 
2016-05-19 22:10:21.223000 -89 -81 -74 -76 -86 
2016-05-19 22:10:21.429032 -84 -72 -79 -79 -79 
2016-05-19 22:10:21.592048 -87 -81 -79 -80 -79 
2016-05-19 22:10:21.900085 -81 -80 -84 -76 -86 
2016-05-19 22:10:22.002102 -82 -74 -87 -71 -86 
2016-05-19 22:10:22.141228 -84 -75 -89 -77 -80 
2016-05-19 22:10:22.440156 -81 -72 -89 -76 -86 
2016-05-19 22:10:22.558175 -84 -80 -84 -73 -81 
2016-05-19 22:10:22.664184 -84 -72 -83 -84 -84 
2016-05-19 22:10:22.954222 -83 -74 -83 -81 -83 
2016-05-19 22:10:23.158245 -89 -71 -81 -76 -85 
2016-05-19 22:10:23.521296 -83 -72 -84 -75 -85 
2016-05-19 22:10:23.702317 -82 -76 -86 -79 -82 
2016-05-19 22:10:23.912344 -84 -74 -81 -73 -86 
2016-05-19 22:10:24.016357 -85 -75 -83 -82 -87 
2016-05-19 22:10:24.250388 -84 -74 -83 -78 -84 
2016-05-19 22:10:24.459419 -87 -74 -84 -79 -80 
2016-05-19 22:10:24.852466 -83 -71 -84 -88 -81 
2016-05-19 22:10:24.950477 -83 -68 -82 -79 -81 
2016-05-19 22:10:25.157507 -84 -69 -86 -80 -80 
2016-05-19 22:10:25.263520 -81 -75 -82 -78 -85 
2016-05-19 22:10:25.380533 -90 -68 -83 -80 -86 
2016-05-19 22:10:25.487549 -83 -72 -83 -80 -82 
2016-05-19 22:10:25.691577 -80 -70 -86 -77 -89 
2016-05-19 22:10:26.094632 -86 -74 -82 -81 -78 
2016-05-19 22:10:26.208644 -83 -68 -83 -86 -88 
2016-05-19 22:10:26.311660 -84 -76 -85 -78 -78 
2016-05-19 22:10:26.524697 -83 -71 -83 -75 -83 
2016-05-19 22:10:26.733720 -86 -69 -89 -76 -81 
2016-05-19 22:10:26.854741 -83 -76 -88 -77 -84 
2016-05-19 22:10:26.961750 -83 -72 -81 -79 -78 
2016-05-19 22:10:27.154780 -82 -81 -87 -80 -83 
2016-05-19 22:10:27.258788 -84 -70 -82 -76 -84 
2016-05-19 22:10:27.363802 -83 -70 -84 -76 -78 
2016-05-19 22:10:27.473816 -87 -70 -82 -78 -83 
2016-05-19 22:10:27.689849 -83 -69 -85 -77 -88 
2016-05-19 22:10:27.911874 -83 -73 -82 -86 -78 
2016-05-19 22:10:28.076896 -83 -73 -84 -85 -78 
2016-05-19 22:10:28.178908 -84 -73 -83 -79 -84 
2016-05-19 22:10:28.321931 -83 -72 -85 -76 -78 
2016-05-19 22:10:28.430939 -86 -73 -84 -79 -86 
2016-05-19 22:10:28.536955 -84 -79 -87 -79 -90 
2016-05-19 22:10:28.717979 -86 -72 -81 -77 -84 
2016-05-19 22:10:28.918005 -84 -78 -86 -83 -84 
2016-05-19 22:10:29.062024 -84 -70 -82 -84 -79 
2016-05-19 22:10:29.167038 -82 -71 -87 -75 -83 
2016-05-19 22:10:29.340066 -83 -65 -84 -79 -85 
2016-05-19 22:10:29.689106 -84 -72 -85 -77 -89 
2016-05-19 22:10:29.892136 -83 -71 -85 -81 -82 
2016-05-19 22:10:29.998159 -85 -68 -85 -77 -85 
2016-05-19 22:10:30.185175 -81 -76 -84 -78 -88 
2016-05-19 22:10:30.523215 -81 -75 -83 -81 -87 
2016-05-19 22:10:30.739243 -81 -65 -82 -78 -83 
2016-05-19 22:10:30.852258 -84 -72 -84 -77 -83 
2016-05-19 22:10:31.038282 -84 -74 -83 -79 -88 
2016-05-19 22:10:31.444331 -82 -71 -85 -77 -85 
2016-05-19 22:10:31.549342 -85 -72 -86 -77 -78 
2016-05-19 22:10:31.859382 -83 -69 -83 -79 -84 
2016-05-19 22:10:32.062409 -83 -72 -84 -79 -79 
2016-05-19 22:10:32.277437 -88 -76 -83 -76 -85 
2016-05-19 22:10:32.484464 -86 -77 -83 -77 -78 
2016-05-19 22:10:32.592478 -83 -65 -86 -74 -87 
2016-05-19 22:10:32.948525 -80 -64 -87 -72 -83 
2016-05-19 22:10:33.055542 -82 -68 -78 -73 -86 
2016-05-19 22:10:33.266563 -81 -77 -87 -69 -82 
2016-05-19 22:10:33.689621 -86 -75 -87 -69 -82 
2016-05-19 22:10:34.098674 -82 -72 -86 -76 -81 
2016-05-19 22:10:34.370714 -83 -74 -87 -78 -86 
2016-05-19 22:10:34.579737 -85 -77 -87 -75 -82 
2016-05-19 22:10:34.841769 -80 -82 -89 -70 -84 
2016-05-19 22:10:35.043798 -80 -76 -88 -72 -85 
2016-05-19 22:10:35.668879 -83 -76 -81 -77 -80 
2016-05-19 22:10:36.086931 -85 -78 -86 -78 -82 
2016-05-19 22:10:36.300966 -88 -78 -86 -80 -87 
2016-05-19 22:10:36.513998 -87 -75 -86 -75 -84 
2016-05-19 22:10:36.693021 -83 -76 -88 -70 -85 
2016-05-19 22:10:36.799034 -81 -83 -82 -81 -83 
2016-05-19 22:10:36.936057 -89 -87 -80 -74 -86 
2016-05-19 22:10:37.569135 -81 -73 -87 -69 -85 
2016-05-19 22:10:37.973188 -80 -69 -86 -73 -84 
2016-05-19 22:10:38.078202 -80 -77 -90 -71 -81 
2016-05-19 22:10:38.522256 -83 -73 -88 -70 -86 
2016-05-19 22:10:38.698283 -84 -70 -86 -69 -85 
2016-05-19 22:10:38.914311 -81 -68 -90 -69 -86 
2016-05-19 22:10:39.224352 -81 -71 -88 -75 -87 
2016-05-19 22:10:39.543399 -83 -75 -86 -72 -84 
2016-05-19 22:10:39.811435 -83 -70 -86 -71 -92 
2016-05-19 22:10:40.304492 -80 -72 -84 -69 -85 
2016-05-19 22:10:40.514530 -80 -77 -87 -69 -83 
2016-05-19 22:10:40.724548 -81 -76 -84 -71 -82 
2016-05-19 22:10:40.933575 -80 -73 -82 -68 -90 
2016-05-19 22:10:41.139602 -81 -76 -84 -69 -86 
2016-05-19 22:10:41.560656 -81 -73 -83 -69 -84 
2016-05-19 22:10:41.889699 -80 -73 -84 -70 -83 
2016-05-19 22:10:42.268749 -81 -72 -87 -70 -85 
2016-05-19 22:10:42.372760 -81 -74 -88 -71 -83 
2016-05-19 22:10:42.821818 -82 -72 -88 -69 -86 
2016-05-19 22:10:42.993836 -83 -73 -86 -71 -85 
2016-05-19 22:10:43.201868 -83 -70 -90 -68 -84 
2016-05-19 22:10:43.519920 -82 -73 -86 -70 -83 
2016-05-19 22:10:43.678926 -86 -72 -87 -71 -86 
2016-05-19 22:10:43.964963 -83 -70 -86 -70 -84 
2016-05-19 22:10:44.389019 -85 -73 -85 -70 -82 
2016-05-19 22:10:44.561041 -84 -68 -85 -76 -82 
2016-05-19 22:10:45.015103 -81 -72 -90 -71 -83 
2016-05-19 22:10:45.119114 -90 -75 -88 -74 -86 
2016-05-19 22:10:45.291143 -80 -76 -89 -68 -82 
2016-05-19 22:10:45.396150 -84 -68 -88 -74 -82 
2016-05-19 22:10:45.604177 -81 -73 -90 -68 -89 
2016-05-19 22:10:45.914218 -91 -71 -86 -70 -86 
2016-05-19 22:10:46.045235 -82 -70 -88 -71 -86 
2016-05-19 22:10:46.458293 -84 -74 -86 -72 -83 
2016-05-19 22:10:46.565310 -88 -74 -85 -70 -88 
2016-05-19 22:10:46.776338 -84 -72 -86 -74 -85 
2016-05-19 22:10:46.982370 -86 -77 -83 -77 -85 
2016-05-19 22:10:47.197397 -83 -81 -90 -80 -79 
2016-05-19 22:10:47.332416 -89 -84 -86 -76 -80 
2016-05-19 22:10:47.498429 -90 -80 -83 -67 -83 
2016-05-19 22:10:47.700459 -87 -80 -81 -70 -80 
2016-05-19 22:10:48.115505 -85 -79 -84 -74 -79 
2016-05-19 22:10:48.431547 -78 -77 -84 -80 -84 
2016-05-19 22:10:48.845602 -81 -76 -84 -69 -85 
2016-05-19 22:10:49.131638 -83 -84 -87 -73 -85 
2016-05-19 22:10:49.401674 -82 -80 -83 -87 -88 
2016-05-19 22:10:49.508703 -81 -78 -84 -75 -82 
2016-05-19 22:10:49.898736 -80 -77 -84 -75 -88 
2016-05-19 22:10:50.009753 -83 -80 -86 -69 -81 
2016-05-19 22:10:50.206779 -78 -77 -83 -81 -83 
2016-05-19 22:10:50.416806 -73 -77 -86 -82 -84 
2016-05-19 22:10:50.564825 -78 -74 -81 -89 -89 
2016-05-19 22:10:50.729847 -80 -74 -86 -82 -82 
2016-05-19 22:10:50.924872 -81 -83 -89 -83 -82 
2016-05-19 22:10:51.133898 -79 -85 -80 -88 -84 
2016-05-19 22:10:51.551954 -75 -84 -83 -78 -90 
2016-05-19 22:10:51.781985 -73 -83 -74 -77 -86 
2016-05-19 22:10:51.994009 -76 -81 -78 -77 -83 
2016-05-19 22:10:52.688107 -74 -79 -85 -75 -86 
2016-05-19 22:10:52.999141 -71 -81 -85 -78 -82 
2016-05-19 22:10:53.354187 -74 -84 -80 -76 -81 
2016-05-19 22:10:53.462204 -75 -81 -75 -75 -89 
2016-05-19 22:10:53.672231 -79 -88 -81 -79 -82 
2016-05-19 22:10:53.886259 -79 -82 -78 -69 -86 
2016-05-19 22:10:54.146293 -73 -75 -78 -74 -84 
2016-05-19 22:10:54.394323 -76 -80 -83 -78 -84 
2016-05-19 22:10:54.669359 -72 -79 -80 -72 -86 
2016-05-19 22:10:54.881394 -75 -80 -85 -70 -88 
2016-05-19 22:10:54.989400 -82 -77 -79 -77 -88 
2016-05-19 22:10:55.142423 -81 -75 -80 -87 -84 
2016-05-19 22:10:55.250438 -77 -81 -79 -69 -85 
2016-05-19 22:10:55.362452 -84 -75 -81 -75 -86 
2016-05-19 22:10:55.601490 -76 -78 -78 -73 -84 
2016-05-19 22:10:55.775506 -79 -81 -80 -84 -84 
2016-05-19 22:10:55.982533 -84 -76 -86 -79 -85 
2016-05-19 22:10:56.301575 -77 -73 -82 -77 -79 
2016-05-19 22:10:56.426591 -80 -75 -85 -81 -82 
2016-05-19 22:10:56.718632 -80 -74 -80 -75 -82 
2016-05-19 22:10:56.882651 -80 -77 -81 -76 -82 
2016-05-19 22:10:57.152686 -83 -83 -83 -77 -87 
2016-05-19 22:10:57.255700 -79 -79 -84 -74 -92 
2016-05-19 22:10:57.370715 -86 -72 -87 -72 -88 
2016-05-19 22:10:57.677754 -82 -83 -81 -74 -86 
2016-05-19 22:10:57.781768 -86 -89 -83 -87 -87 
2016-05-19 22:10:57.991796 -84 -82 -82 -74 -87 
2016-05-19 22:10:58.346841 -80 -78 -79 -77 -88 
2016-05-19 22:10:58.515864 -89 -74 -87 -71 -86 
2016-05-19 22:10:58.613881 -87 -79 -86 -75 -78 
2016-05-19 22:10:58.760896 -82 -76 -79 -74 -89 
2016-05-19 22:10:58.972923 -80 -78 -87 -72 -83 
2016-05-19 22:10:59.177950 -84 -81 -88 -72 -81 
2016-05-19 22:10:59.338975 -84 -78 -84 -74 -82 
2016-05-19 22:10:59.550042 -79 -74 -82 -74 -86 
2016-05-19 22:10:59.858039 -81 -75 -84 -73 -89 
2016-05-19 22:10:59.969057 -79 -79 -82 -80 -84 
2016-05-19 22:11:00.184085 -78 -80 -83 -74 -85 
2016-05-19 22:11:00.604140 -76 -77 -80 -76 -85 
2016-05-19 22:11:00.708150 -75 -83 -76 -77 -88 
2016-05-19 22:11:00.812165 -75 -74 -78 -77 -82 
2016-05-19 22:11:01.013201 -75 -78 -75 -82 -81 
2016-05-19 22:11:01.211220 -74 -87 -86 -73 -85 
2016-05-19 22:11:01.329235 -83 -71 -86 -71 -88 
2016-05-19 22:11:01.745291 -77 -79 -81 -75 -91 
2016-05-19 22:11:02.405376 -86 -80 -89 -76 -84 
2016-05-19 22:11:04.184609 -86 -81 -92 -78 -86 
232
