2016-05-19 22:10:45.769201 -87 -73 -90 -68 -85 
2016-05-19 22:10:46.045235 -82 -70 -87 -71 -87 
2016-05-19 22:10:46.458293 -84 -74 -86 -72 -83 
2016-05-19 22:10:46.565310 -88 -74 -85 -70 -88 
2016-05-19 22:10:46.776338 -84 -72 -86 -74 -85 
2016-05-19 22:10:46.982370 -86 -77 -83 -77 -85 
2016-05-19 22:10:47.197397 -83 -81 -90 -80 -79 
2016-05-19 22:10:47.332416 -89 -84 -86 -76 -80 
2016-05-19 22:10:47.498429 -90 -80 -83 -67 -83 
2016-05-19 22:10:47.700459 -87 -80 -81 -70 -80 
2016-05-19 22:10:48.115505 -85 -79 -84 -74 -79 
2016-05-19 22:10:48.431547 -78 -77 -84 -80 -84 
2016-05-19 22:10:48.845602 -81 -76 -84 -69 -85 
2016-05-19 22:10:49.131638 -83 -84 -87 -73 -85 
2016-05-19 22:10:49.401674 -82 -80 -83 -87 -88 
2016-05-19 22:10:49.508703 -81 -78 -84 -75 -82 
2016-05-19 22:10:49.898736 -80 -77 -84 -75 -88 
2016-05-19 22:10:50.009753 -83 -80 -86 -69 -81 
2016-05-19 22:10:50.206779 -78 -77 -83 -81 -83 
2016-05-19 22:10:50.416806 -73 -77 -86 -82 -84 
2016-05-19 22:10:50.564825 -78 -74 -81 -89 -89 
2016-05-19 22:10:50.729847 -80 -74 -86 -82 -82 
2016-05-19 22:10:50.924872 -81 -83 -89 -83 -82 
2016-05-19 22:10:51.133898 -79 -85 -80 -88 -84 
2016-05-19 22:10:51.551954 -75 -84 -83 -78 -90 
2016-05-19 22:10:51.781985 -73 -83 -74 -77 -86 
2016-05-19 22:10:51.994009 -76 -81 -78 -77 -83 
2016-05-19 22:10:52.688107 -74 -79 -85 -75 -86 
2016-05-19 22:10:52.999141 -71 -81 -85 -78 -82 
2016-05-19 22:10:53.354187 -74 -84 -80 -76 -81 
2016-05-19 22:10:53.462204 -75 -81 -75 -75 -89 
2016-05-19 22:10:53.672231 -79 -88 -81 -79 -82 
2016-05-19 22:10:53.886259 -79 -82 -78 -69 -86 
2016-05-19 22:10:54.146293 -73 -75 -78 -74 -84 
2016-05-19 22:10:54.394323 -76 -80 -83 -78 -84 
2016-05-19 22:10:54.669359 -72 -79 -80 -72 -86 
2016-05-19 22:10:54.881394 -75 -80 -85 -70 -88 
2016-05-19 22:10:54.989400 -82 -77 -79 -77 -88 
2016-05-19 22:10:55.142423 -81 -75 -80 -87 -84 
2016-05-19 22:10:55.250438 -77 -81 -79 -69 -85 
2016-05-19 22:10:55.362452 -84 -75 -81 -75 -86 
2016-05-19 22:10:55.601490 -76 -78 -78 -73 -84 
2016-05-19 22:10:55.775506 -79 -81 -80 -84 -84 
2016-05-19 22:10:55.982533 -84 -76 -86 -79 -85 
2016-05-19 22:10:56.301575 -77 -73 -82 -77 -79 
2016-05-19 22:10:56.426591 -80 -75 -85 -81 -82 
2016-05-19 22:10:56.718632 -80 -74 -80 -75 -82 
2016-05-19 22:10:56.882651 -80 -77 -81 -76 -82 
2016-05-19 22:10:57.152686 -83 -83 -83 -77 -87 
2016-05-19 22:10:57.255700 -79 -79 -84 -74 -92 
2016-05-19 22:10:57.370715 -86 -72 -87 -72 -88 
2016-05-19 22:10:57.677754 -82 -83 -81 -74 -86 
2016-05-19 22:10:57.781768 -86 -89 -83 -87 -87 
2016-05-19 22:10:57.991796 -84 -82 -82 -74 -87 
2016-05-19 22:10:58.346841 -80 -78 -79 -77 -88 
2016-05-19 22:10:58.515864 -89 -74 -87 -71 -86 
2016-05-19 22:10:58.613881 -87 -79 -86 -75 -78 
2016-05-19 22:10:58.760896 -82 -76 -79 -74 -89 
2016-05-19 22:10:58.972923 -80 -78 -87 -72 -83 
2016-05-19 22:10:59.177950 -84 -81 -88 -72 -81 
2016-05-19 22:10:59.338975 -84 -78 -84 -74 -82 
2016-05-19 22:10:59.550042 -79 -74 -82 -74 -86 
2016-05-19 22:10:59.858039 -81 -75 -84 -73 -89 
2016-05-19 22:10:59.969057 -79 -79 -82 -80 -84 
2016-05-19 22:11:00.184085 -78 -80 -83 -74 -85 
2016-05-19 22:11:00.604140 -76 -77 -80 -76 -85 
2016-05-19 22:11:00.708150 -75 -83 -76 -77 -88 
2016-05-19 22:11:00.812165 -75 -74 -78 -77 -82 
2016-05-19 22:11:01.013201 -75 -78 -75 -82 -81 
2016-05-19 22:11:01.211220 -74 -87 -86 -73 -85 
2016-05-19 22:11:01.329235 -83 -71 -86 -71 -88 
2016-05-19 22:11:01.745291 -77 -79 -81 -75 -91 
2016-05-19 22:11:02.405376 -86 -80 -89 -76 -84 
2016-05-19 22:11:04.184609 -86 -81 -92 -78 -86 
74
