2016-05-19 21:27:27.143831 -83 -63 -68 -67 -73 
2016-05-19 21:27:27.248843 -77 -65 -69 -65 -73 
2016-05-19 21:27:27.558884 -73 -64 -70 -70 -76 
2016-05-19 21:27:27.659902 -86 -62 -74 -63 -69 
2016-05-19 21:27:27.759919 -75 -66 -71 -65 -71 
2016-05-19 21:27:27.862924 -83 -60 -74 -62 -77 
2016-05-19 21:27:27.967938 -85 -59 -70 -60 -73 
2016-05-19 21:27:28.150983 -80 -71 -69 -64 -77 
2016-05-19 21:27:28.283979 -69 -68 -68 -65 -74 
2016-05-19 21:27:28.386991 -69 -62 -67 -68 -73 
2016-05-19 21:27:28.496003 -86 -64 -68 -67 -80 
2016-05-19 21:27:28.574016 -72 -61 -67 -71 -71 
2016-05-19 21:27:28.677029 -78 -62 -65 -62 -77 
2016-05-19 21:27:28.780171 -76 -64 -67 -71 -75 
2016-05-19 21:27:28.981066 -82 -65 -69 -67 -77 
2016-05-19 21:27:29.093083 -71 -64 -65 -63 -87 
2016-05-19 21:27:29.609151 -73 -63 -72 -73 -75 
2016-05-19 21:27:29.724168 -76 -78 -78 -60 -74 
2016-05-19 21:27:29.831178 -78 -70 -71 -69 -75 
2016-05-19 21:27:29.935199 -79 -75 -71 -68 -80 
2016-05-19 21:27:30.029206 -79 -64 -72 -66 -73 
2016-05-19 21:27:30.137220 -74 -67 -70 -66 -69 
2016-05-19 21:27:30.782305 -73 -68 -74 -66 -72 
2016-05-19 21:27:30.917322 -79 -67 -75 -65 -74 
2016-05-19 21:27:31.021363 -70 -63 -92 -64 -73 
2016-05-19 21:27:31.203368 -70 -65 -74 -73 -79 
2016-05-19 21:27:31.410391 -79 -65 -73 -65 -76 
2016-05-19 21:27:31.609413 -86 -63 -88 -65 -74 
2016-05-19 21:27:31.711424 -69 -64 -77 -69 -74 
2016-05-19 21:27:31.812441 -69 -62 -79 -71 -77 
2016-05-19 21:27:31.921450 -78 -65 -68 -67 -75 
2016-05-19 21:27:32.030472 -66 -62 -72 -64 -84 
2016-05-19 21:27:32.135485 -74 -67 -69 -67 -78 
2016-05-19 21:27:32.239495 -72 -61 -73 -71 -82 
2016-05-19 21:27:32.343509 -73 -62 -70 -64 -79 
2016-05-19 21:27:32.457531 -74 -62 -66 -70 -78 
2016-05-19 21:27:32.663565 -78 -63 -69 -66 -68 
2016-05-19 21:27:32.766568 -74 -63 -69 -65 -78 
2016-05-19 21:27:32.977599 -80 -65 -72 -66 -73 
2016-05-19 21:27:33.220753 -74 -67 -77 -63 -79 
2016-05-19 21:27:33.330641 -68 -69 -72 -68 -74 
2016-05-19 21:27:33.502660 -69 -62 -73 -64 -82 
2016-05-19 21:27:33.607674 -69 -66 -75 -71 -74 
2016-05-19 21:27:33.742691 -71 -64 -72 -73 -78 
2016-05-19 21:27:34.241755 -73 -64 -75 -69 -78 
2016-05-19 21:27:34.356901 -70 -65 -73 -65 -80 
2016-05-19 21:27:34.562799 -70 -62 -76 -66 -73 
2016-05-19 21:27:34.663812 -70 -66 -75 -71 -75 
2016-05-19 21:27:34.773833 -70 -62 -81 -63 -73 
2016-05-19 21:27:34.967851 -71 -66 -75 -62 -80 
2016-05-19 21:27:35.294909 -70 -66 -77 -67 -78 
2016-05-19 21:27:35.405912 -82 -69 -75 -66 -75 
2016-05-19 21:27:35.722951 -71 -64 -72 -68 -78 
2016-05-19 21:27:35.927982 -71 -66 -75 -67 -80 
2016-05-19 21:27:36.113001 -83 -67 -82 -67 -73 
2016-05-19 21:27:36.228016 -70 -67 -72 -65 -72 
2016-05-19 21:27:36.352040 -70 -69 -76 -70 -75 
2016-05-19 21:27:36.530055 -82 -70 -80 -67 -71 
2016-05-19 21:27:36.692075 -76 -63 -74 -70 -78 
2016-05-19 21:27:36.798091 -71 -71 -75 -71 -83 
2016-05-19 21:27:36.904105 -82 -62 -72 -69 -74 
2016-05-19 21:27:37.433174 -75 -66 -74 -74 -80 
2016-05-19 21:27:37.540187 -84 -62 -74 -63 -77 
2016-05-19 21:27:37.701213 -70 -64 -73 -70 -83 
2016-05-19 21:27:37.808223 -72 -66 -74 -64 -78 
2016-05-19 21:27:37.916244 -69 -62 -73 -70 -83 
2016-05-19 21:27:38.123264 -70 -63 -75 -66 -82 
2016-05-19 21:27:38.243282 -72 -66 -74 -63 -78 
2016-05-19 21:27:38.344292 -71 -63 -75 -71 -74 
2016-05-19 21:27:38.537315 -71 -64 -76 -67 -78 
2016-05-19 21:27:38.748346 -71 -68 -77 -68 -77 
2016-05-19 21:27:38.950372 -70 -65 -78 -66 -77 
2016-05-19 21:27:39.053516 -70 -66 -78 -62 -83 
2016-05-19 21:27:39.156402 -70 -68 -74 -70 -76 
2016-05-19 21:27:39.370427 -70 -68 -78 -66 -79 
2016-05-19 21:27:39.472438 -68 -66 -74 -64 -82 
2016-05-19 21:27:39.579465 -69 -63 -77 -70 -74 
2016-05-19 21:27:39.689469 -85 -68 -75 -63 -69 
2016-05-19 21:27:39.800482 -69 -63 -79 -69 -67 
2016-05-19 21:27:39.906500 -84 -66 -75 -62 -77 
2016-05-19 21:27:40.089521 -70 -66 -77 -67 -76 
2016-05-19 21:27:40.435567 -69 -64 -78 -69 -69 
2016-05-19 21:27:40.537576 -82 -68 -75 -62 -78 
2016-05-19 21:27:40.745607 -70 -67 -76 -68 -76 
2016-05-19 21:27:40.953639 -69 -64 -73 -67 -76 
2016-05-19 21:27:41.061670 -68 -63 -73 -74 -68 
2016-05-19 21:27:41.276680 -69 -65 -75 -68 -69 
2016-05-19 21:27:41.474716 -68 -65 -76 -78 -77 
2016-05-19 21:27:41.687727 -77 -64 -78 -74 -75 
2016-05-19 21:27:41.788743 -77 -66 -75 -64 -87 
2016-05-19 21:27:41.889757 -73 -66 -77 -71 -82 
2016-05-19 21:27:42.108786 -77 -66 -69 -64 -80 
2016-05-19 21:27:42.214798 -79 -65 -71 -70 -77 
2016-05-19 21:27:42.316815 -83 -62 -68 -67 -84 
2016-05-19 21:27:42.422829 -72 -72 -72 -59 -76 
2016-05-19 21:27:42.526851 -74 -72 -71 -75 -78 
2016-05-19 21:27:42.831892 -80 -89 -73 -61 -75 
2016-05-19 21:27:42.966909 -77 -71 -71 -66 -71 
2016-05-19 21:27:43.072914 -72 -65 -73 -63 -78 
2016-05-19 21:27:43.260934 -72 -65 -76 -60 -77 
2016-05-19 21:27:43.451964 -83 -63 -74 -61 -76 
2016-05-19 21:27:43.560974 -71 -68 -74 -61 -72 
2016-05-19 21:27:43.908017 -76 -64 -82 -62 -71 
2016-05-19 21:27:44.089043 -69 -70 -75 -67 -77 
2016-05-19 21:27:44.192060 -82 -67 -84 -66 -85 
2016-05-19 21:27:44.300071 -78 -66 -72 -67 -84 
2016-05-19 21:27:44.612116 -78 -65 -77 -71 -74 
2016-05-19 21:27:44.716125 -73 -70 -74 -69 -76 
2016-05-19 21:27:45.004162 -71 -67 -74 -67 -72 
2016-05-19 21:27:45.108174 -73 -69 -77 -60 -74 
2016-05-19 21:27:45.211189 -69 -74 -75 -86 -75 
2016-05-19 21:27:45.349209 -83 -76 -79 -67 -70 
2016-05-19 21:27:45.458219 -74 -74 -72 -84 -74 
2016-05-19 21:27:45.562250 -74 -72 -84 -69 -73 
2016-05-19 21:27:45.670380 -75 -74 -71 -66 -74 
2016-05-19 21:27:45.887281 -72 -78 -70 -71 -76 
2016-05-19 21:27:46.052303 -68 -71 -75 -65 -75 
2016-05-19 21:27:46.161314 -74 -80 -66 -62 -83 
2016-05-19 21:27:46.290331 -81 -76 -70 -65 -77 
2016-05-19 21:27:46.409346 -67 -73 -75 -67 -74 
2016-05-19 21:27:46.518489 -70 -81 -69 -63 -75 
2016-05-19 21:27:46.683387 -69 -73 -74 -64 -76 
2016-05-19 21:27:46.786395 -70 -72 -73 -62 -72 
2016-05-19 21:27:47.044429 -78 -81 -68 -63 -74 
2016-05-19 21:27:47.457496 -68 -71 -73 -64 -74 
2016-05-19 21:27:47.563512 -74 -79 -76 -61 -74 
2016-05-19 21:27:47.668515 -63 -72 -76 -64 -73 
2016-05-19 21:27:47.777537 -74 -72 -77 -59 -75 
2016-05-19 21:27:47.882551 -75 -87 -73 -63 -76 
2016-05-19 21:27:47.987564 -78 -66 -77 -61 -83 
2016-05-19 21:27:48.094704 -73 -77 -77 -62 -71 
2016-05-19 21:27:48.412611 -80 -69 -74 -60 -77 
2016-05-19 21:27:48.831663 -74 -68 -77 -58 -87 
2016-05-19 21:27:48.934677 -88 -65 -79 -63 -74 
2016-05-19 21:27:49.144703 -73 -66 -73 -59 -75 
2016-05-19 21:27:49.345729 -72 -70 -69 -57 -91 
2016-05-19 21:27:49.519752 -79 -74 -71 -71 -82 
2016-05-19 21:27:49.832797 -71 -74 -76 -64 -72 
2016-05-19 21:27:50.151834 -73 -84 -69 -66 -75 
2016-05-19 21:27:50.304855 -78 -69 -65 -68 -73 
2016-05-19 21:27:50.513884 -83 -71 -76 -66 -70 
2016-05-19 21:27:50.721915 -68 -69 -76 -62 -75 
2016-05-19 21:27:50.913932 -72 -71 -79 -61 -79 
2016-05-19 21:27:51.127091 -77 -76 -66 -60 -75 
2016-05-19 21:27:51.335990 -77 -76 -63 -63 -70 
2016-05-19 21:27:51.441003 -74 -83 -75 -68 -80 
2016-05-19 21:27:51.647160 -73 -71 -73 -64 -75 
2016-05-19 21:27:51.855191 -69 -71 -71 -64 -83 
2016-05-19 21:27:52.030081 -71 -73 -75 -67 -77 
2016-05-19 21:27:52.141094 -77 -77 -70 -68 -79 
2016-05-19 21:27:52.242108 -77 -71 -74 -65 -81 
2016-05-19 21:27:52.685174 -71 -73 -71 -61 -77 
2016-05-19 21:27:52.786188 -76 -75 -84 -59 -73 
2016-05-19 21:27:52.967343 -77 -70 -70 -63 -74 
2016-05-19 21:27:53.068228 -79 -74 -65 -62 -82 
2016-05-19 21:27:53.314245 -67 -70 -65 -58 -71 
2016-05-19 21:27:53.419259 -71 -69 -67 -61 -72 
2016-05-19 21:27:53.531275 -72 -77 -67 -57 -81 
2016-05-19 21:27:53.740303 -72 -75 -66 -59 -73 
2016-05-19 21:27:54.251370 -71 -74 -73 -65 -71 
2016-05-19 21:27:54.426393 -69 -74 -80 -56 -71 
2016-05-19 21:27:54.533410 -70 -78 -75 -63 -74 
2016-05-19 21:27:54.782439 -64 -71 -69 -59 -71 
2016-05-19 21:27:54.984463 -71 -72 -68 -59 -71 
2016-05-19 21:27:55.192492 -65 -75 -72 -58 -70 
2016-05-19 21:27:55.294503 -75 -87 -70 -62 -74 
2016-05-19 21:27:55.402520 -63 -73 -77 -55 -70 
2016-05-19 21:27:55.613551 -72 -66 -74 -57 -74 
2016-05-19 21:27:55.822575 -73 -73 -72 -57 -74 
2016-05-19 21:27:55.984594 -67 -73 -75 -58 -77 
2016-05-19 21:27:56.160619 -73 -83 -76 -57 -80 
2016-05-19 21:27:56.357644 -74 -68 -75 -58 -74 
2016-05-19 21:27:56.511793 -85 -74 -72 -57 -73 
2016-05-19 21:27:56.616678 -74 -72 -72 -57 -76 
2016-05-19 21:27:56.727822 -76 -79 -63 -60 -75 
2016-05-19 21:27:56.943750 -66 -73 -73 -59 -72 
2016-05-19 21:27:57.045735 -62 -69 -74 -59 -76 
2016-05-19 21:27:57.244758 -68 -71 -68 -58 -79 
2016-05-19 21:27:57.416783 -69 -72 -68 -58 -72 
2016-05-19 21:27:57.621844 -68 -73 -71 -58 -76 
2016-05-19 21:27:57.831840 -73 -70 -75 -69 -78 
2016-05-19 21:27:58.088000 -72 -68 -73 -63 -79 
2016-05-19 21:27:58.291898 -70 -62 -73 -69 -72 
2016-05-19 21:27:58.564931 -64 -67 -72 -62 -72 
2016-05-19 21:27:58.716953 -72 -72 -74 -61 -84 
2016-05-19 21:27:58.877975 -69 -75 -66 -56 -81 
2016-05-19 21:27:58.984118 -69 -85 -67 -59 -73 
2016-05-19 21:27:59.091003 -68 -66 -64 -66 -81 
2016-05-19 21:27:59.193016 -78 -69 -72 -63 -78 
2016-05-19 21:27:59.405042 -81 -66 -71 -67 -78 
2016-05-19 21:27:59.610068 -82 -72 -77 -72 -79 
2016-05-19 21:27:59.825095 -86 -73 -77 -71 -79 
2016-05-19 21:27:59.928113 -68 -74 -83 -62 -79 
2016-05-19 21:28:00.230148 -73 -73 -80 -75 -79 
2016-05-19 21:28:00.335162 -74 -80 -80 -78 -75 
2016-05-19 21:28:00.542192 -76 -70 -82 -63 -76 
2016-05-19 21:28:00.803227 -71 -74 -78 -72 -73 
2016-05-19 21:28:01.073261 -71 -74 -80 -60 -76 
2016-05-19 21:28:01.177275 -75 -78 -81 -81 -77 
2016-05-19 21:28:01.370298 -69 -75 -84 -58 -76 
2016-05-19 21:28:01.492316 -74 -78 -80 -60 -76 
2016-05-19 21:28:01.703347 -77 -74 -78 -72 -76 
2016-05-19 21:28:01.895367 -77 -78 -79 -61 -75 
2016-05-19 21:28:02.169408 -74 -80 -75 -74 -76 
2016-05-19 21:28:02.477452 -75 -74 -73 -70 -73 
2016-05-19 21:28:02.690477 -71 -81 -83 -68 -74 
2016-05-19 21:28:02.799500 -69 -72 -80 -69 -76 
2016-05-19 21:28:02.909514 -74 -72 -77 -88 -77 
2016-05-19 21:28:03.065526 -71 -80 -78 -60 -76 
2016-05-19 21:28:03.381563 -79 -76 -75 -78 -76 
2016-05-19 21:28:03.908632 -75 -73 -77 -68 -78 
2016-05-19 21:28:04.016775 -71 -76 -75 -75 -75 
2016-05-19 21:28:04.223673 -72 -71 -74 -75 -78 
2016-05-19 21:28:04.481706 -69 -71 -79 -72 -78 
2016-05-19 21:28:04.608726 -71 -71 -77 -60 -76 
2016-05-19 21:28:04.712757 -73 -79 -80 -71 -82 
2016-05-19 21:28:04.818751 -71 -71 -75 -61 -77 
2016-05-19 21:28:05.008903 -77 -71 -75 -74 -83 
2016-05-19 21:28:05.182798 -68 -71 -76 -59 -80 
2016-05-19 21:28:05.287813 -70 -71 -79 -60 -74 
2016-05-19 21:28:05.394831 -69 -72 -75 -68 -80 
2016-05-19 21:28:05.603868 -69 -73 -77 -63 -80 
2016-05-19 21:28:05.756885 -71 -69 -78 -74 -77 
2016-05-19 21:28:05.858886 -87 -69 -77 -69 -77 
2016-05-19 21:28:06.073915 -78 -67 -79 -72 -80 
2016-05-19 21:28:06.181930 -71 -69 -79 -62 -81 
2016-05-19 21:28:06.282951 -72 -69 -77 -71 -75 
2016-05-19 21:28:06.543976 -79 -71 -79 -68 -79 
2016-05-19 21:28:06.922025 -78 -73 -81 -68 -76 
2016-05-19 21:28:07.067045 -73 -70 -76 -71 -83 
2016-05-19 21:28:07.170061 -84 -74 -78 -76 -79 
2016-05-19 21:28:07.270074 -71 -69 -77 -62 -87 
2016-05-19 21:28:07.615120 -71 -70 -78 -70 -81 
2016-05-19 21:28:07.819143 -71 -68 -76 -63 -77 
2016-05-19 21:28:08.032170 -73 -70 -76 -72 -80 
2016-05-19 21:28:08.135188 -81 -71 -75 -69 -77 
2016-05-19 21:28:08.286212 -70 -69 -74 -66 -78 
2016-05-19 21:28:08.392218 -69 -71 -74 -71 -77 
2016-05-19 21:28:08.656249 -72 -70 -75 -70 -78 
2016-05-19 21:28:08.808279 -83 -72 -76 -71 -78 
2016-05-19 21:28:08.998297 -75 -70 -77 -65 -76 
2016-05-19 21:28:09.107311 -70 -71 -78 -65 -80 
2016-05-19 21:28:09.211321 -70 -70 -72 -67 -76 
2016-05-19 21:28:09.314337 -68 -70 -76 -66 -78 
2016-05-19 21:28:09.423354 -82 -71 -73 -66 -75 
2016-05-19 21:28:09.530371 -69 -70 -76 -69 -79 
2016-05-19 21:28:09.632379 -76 -71 -77 -64 -75 
2016-05-19 21:28:09.741391 -69 -70 -78 -68 -79 
2016-05-19 21:28:09.846404 -81 -71 -77 -69 -77 
2016-05-19 21:28:10.094453 -75 -70 -75 -72 -78 
2016-05-19 21:28:10.282465 -69 -70 -74 -73 -79 
2016-05-19 21:28:10.490496 -74 -70 -78 -72 -80 
2016-05-19 21:28:10.592505 -69 -69 -77 -74 -77 
2016-05-19 21:28:10.795536 -74 -70 -76 -77 -79 
2016-05-19 21:28:10.858539 -80 -71 -76 -70 -76 
2016-05-19 21:28:11.033693 -69 -70 -78 -73 -79 
2016-05-19 21:28:11.113585 -71 -70 -74 -74 -77 
2016-05-19 21:28:11.267594 -73 -70 -77 -77 -76 
2016-05-19 21:28:11.466635 -80 -71 -77 -72 -76 
2016-05-19 21:28:11.571634 -68 -72 -79 -73 -78 
2016-05-19 21:28:11.848669 -75 -71 -77 -67 -75 
2016-05-19 21:28:11.963703 -69 -71 -75 -65 -78 
2016-05-19 21:28:12.103706 -74 -72 -76 -71 -75 
2016-05-19 21:28:12.206729 -78 -70 -74 -71 -77 
2016-05-19 21:28:12.407756 -76 -71 -74 -72 -76 
2016-05-19 21:28:12.512763 -79 -71 -80 -66 -75 
2016-05-19 21:28:12.712790 -69 -71 -77 -76 -77 
2016-05-19 21:28:12.819803 -80 -72 -75 -69 -81 
2016-05-19 21:28:12.927826 -73 -71 -74 -75 -76 
2016-05-19 21:28:13.163841 -74 -70 -75 -66 -77 
2016-05-19 21:28:13.350869 -71 -71 -75 -73 -76 
2016-05-19 21:28:13.527889 -69 -72 -74 -63 -76 
2016-05-19 21:28:13.635906 -81 -70 -76 -74 -79 
2016-05-19 21:28:13.774924 -71 -72 -75 -79 -75 
2016-05-19 21:28:13.947944 -69 -72 -82 -75 -75 
2016-05-19 21:28:14.153973 -74 -72 -81 -65 -81 
2016-05-19 21:28:14.370127 -69 -70 -76 -61 -78 
2016-05-19 21:28:14.497012 -70 -69 -75 -70 -80 
2016-05-19 21:28:14.603029 -71 -72 -76 -59 -79 
2016-05-19 21:28:14.817055 -70 -69 -79 -70 -81 
2016-05-19 21:28:14.993081 -81 -72 -74 -59 -74 
2016-05-19 21:28:15.101112 -71 -75 -72 -67 -83 
2016-05-19 21:28:15.231113 -70 -74 -77 -61 -84 
2016-05-19 21:28:15.333124 -80 -76 -72 -79 -81 
2016-05-19 21:28:15.442135 -72 -75 -77 -61 -84 
2016-05-19 21:28:15.543151 -79 -69 -73 -61 -82 
2016-05-19 21:28:15.647162 -72 -79 -79 -70 -84 
2016-05-19 21:28:15.753178 -78 -69 -74 -60 -83 
2016-05-19 21:28:15.975218 -75 -69 -77 -71 -84 
2016-05-19 21:28:16.065219 -70 -72 -73 -60 -88 
2016-05-19 21:28:16.250372 -79 -70 -70 -60 -82 
2016-05-19 21:28:16.296254 -68 -75 -74 -60 -71 
2016-05-19 21:28:16.400263 -79 -70 -71 -71 -80 
2016-05-19 21:28:16.522410 -69 -75 -75 -60 -83 
2016-05-19 21:28:16.615292 -79 -69 -71 -60 -78 
2016-05-19 21:28:16.798317 -76 -77 -76 -65 -79 
2016-05-19 21:28:17.064351 -78 -77 -74 -61 -78 
2016-05-19 21:28:17.319393 -68 -78 -72 -70 -78 
2016-05-19 21:28:17.424405 -78 -77 -76 -61 -71 
2016-05-19 21:28:17.628431 -68 -71 -74 -68 -72 
2016-05-19 21:28:17.738439 -69 -68 -76 -76 -81 
2016-05-19 21:28:17.865454 -78 -77 -76 -67 -72 
2016-05-19 21:28:18.051484 -78 -74 -72 -68 -76 
2016-05-19 21:28:18.260507 -68 -78 -74 -60 -70 
2016-05-19 21:28:18.470533 -73 -74 -77 -68 -71 
2016-05-19 21:28:18.584548 -68 -79 -75 -78 -81 
2016-05-19 21:28:18.812578 -79 -76 -77 -76 -74 
2016-05-19 21:28:19.001607 -82 -68 -76 -72 -74 
2016-05-19 21:28:19.108617 -79 -77 -78 -82 -77 
2016-05-19 21:28:19.435660 -71 -69 -78 -74 -79 
2016-05-19 21:28:19.707693 -77 -68 -78 -76 -77 
2016-05-19 21:28:19.919723 -70 -66 -77 -72 -77 
2016-05-19 21:28:20.129750 -70 -69 -80 -74 -77 
2016-05-19 21:28:20.232761 -68 -68 -86 -81 -81 
2016-05-19 21:28:20.342776 -71 -70 -82 -69 -84 
2016-05-19 21:28:20.446795 -68 -74 -78 -60 -80 
2016-05-19 21:28:20.559809 -72 -68 -79 -71 -76 
2016-05-19 21:28:20.763833 -79 -68 -84 -84 -78 
2016-05-19 21:28:20.879848 -77 -71 -83 -66 -76 
2016-05-19 21:28:21.079874 -77 -71 -80 -77 -74 
2016-05-19 21:28:21.212889 -76 -69 -79 -65 -73 
2016-05-19 21:28:21.411922 -80 -73 -79 -70 -71 
2016-05-19 21:28:21.587070 -76 -75 -76 -62 -77 
2016-05-19 21:28:21.748962 -81 -70 -78 -68 -75 
2016-05-19 21:28:21.856980 -77 -71 -84 -62 -73 
2016-05-19 21:28:22.070004 -75 -71 -78 -68 -75 
2016-05-19 21:28:22.252032 -67 -69 -81 -75 -74 
2016-05-19 21:28:22.458059 -83 -70 -80 -70 -71 
2016-05-19 21:28:22.572074 -81 -69 -82 -69 -80 
2016-05-19 21:28:22.673080 -78 -71 -78 -69 -75 
2016-05-19 21:28:22.867236 -75 -71 -84 -73 -77 
2016-05-19 21:28:22.981123 -78 -77 -75 -74 -84 
2016-05-19 21:28:23.096138 -79 -71 -75 -74 -76 
2016-05-19 21:28:23.199151 -68 -76 -82 -68 -81 
2016-05-19 21:28:23.366173 -79 -70 -76 -71 -70 
2016-05-19 21:28:23.550197 -79 -71 -81 -67 -74 
2016-05-19 21:28:23.882245 -72 -70 -80 -66 -80 
2016-05-19 21:28:23.987383 -83 -75 -76 -65 -80 
2016-05-19 21:28:24.093272 -68 -68 -78 -71 -86 
2016-05-19 21:28:24.413309 -71 -74 -81 -69 -78 
2016-05-19 21:28:48.201414 -73 -73 -78 -67 -76 
2016-05-19 21:28:48.470590 -76 -76 -75 -69 -75 
2016-05-19 21:28:48.664487 -75 -77 -84 -71 -72 
2016-05-19 21:28:49.012532 -75 -80 -79 -69 -74 
2016-05-19 21:28:49.178545 -68 -76 -81 -71 -75 
2016-05-19 21:28:49.341563 -71 -88 -88 -80 -75 
2016-05-19 21:28:49.861631 -72 -76 -78 -73 -73 
2016-05-19 21:28:50.076662 -76 -71 -74 -68 -81 
2016-05-19 21:28:50.182805 -68 -72 -78 -81 -74 
2016-05-19 21:28:50.361696 -68 -77 -78 -68 -73 
2016-05-19 21:28:50.512719 -70 -77 -75 -67 -74 
2016-05-19 21:28:50.631732 -77 -80 -77 -68 -74 
2016-05-19 21:28:50.842762 -69 -75 -75 -69 -76 
2016-05-19 21:28:51.178807 -73 -86 -79 -80 -73 
2016-05-19 21:28:51.305826 -86 -75 -76 -80 -71 
2016-05-19 21:28:51.713878 -75 -85 -76 -73 -77 
2016-05-19 21:28:51.850897 -85 -75 -74 -75 -81 
2016-05-19 21:28:51.981908 -68 -74 -78 -69 -75 
2016-05-19 21:28:52.072923 -84 -72 -76 -69 -72 
2016-05-19 21:28:52.346955 -73 -71 -75 -75 -76 
2016-05-19 21:28:52.529990 -75 -72 -83 -76 -73 
2016-05-19 21:28:52.657003 -67 -69 -75 -76 -77 
2016-05-19 21:28:52.797015 -71 -70 -77 -68 -73 
2016-05-19 21:28:53.073054 -72 -68 -78 -77 -78 
2016-05-19 21:28:53.188069 -83 -71 -74 -77 -75 
2016-05-19 21:28:53.287210 -67 -73 -77 -69 -80 
2016-05-19 21:28:53.394095 -81 -71 -77 -77 -75 
2016-05-19 21:28:53.497106 -69 -74 -78 -69 -82 
2016-05-19 21:28:53.615258 -71 -71 -84 -79 -72 
2016-05-19 21:28:53.914164 -73 -70 -80 -79 -76 
2016-05-19 21:28:54.130191 -77 -73 -76 -74 -81 
2016-05-19 21:28:54.428231 -70 -75 -78 -74 -83 
2016-05-19 21:28:54.568252 -74 -69 -81 -68 -79 
2016-05-19 21:28:54.739272 -78 -72 -79 -80 -80 
2016-05-19 21:28:55.052309 -85 -72 -77 -73 -77 
2016-05-19 21:28:55.201335 -73 -70 -77 -74 -80 
2016-05-19 21:28:55.409358 -79 -75 -80 -80 -77 
2016-05-19 21:28:55.614386 -74 -82 -74 -80 -73 
2016-05-19 21:28:55.908423 -73 -77 -82 -76 -79 
2016-05-19 21:28:56.041446 -69 -70 -78 -78 -78 
2016-05-19 21:28:56.193462 -82 -78 -78 -76 -78 
2016-05-19 21:28:56.307473 -68 -69 -75 -77 -73 
2016-05-19 21:28:56.501505 -69 -70 -76 -76 -75 
2016-05-19 21:28:56.610515 -73 -70 -79 -77 -73 
2016-05-19 21:28:56.881555 -71 -70 -81 -68 -77 
2016-05-19 21:28:57.060574 -75 -70 -79 -75 -75 
2016-05-19 21:28:57.160587 -68 -71 -78 -68 -84 
2016-05-19 21:28:57.337608 -69 -78 -81 -75 -79 
2016-05-19 21:28:57.750671 -78 -73 -86 -69 -76 
2016-05-19 21:28:57.909700 -74 -72 -86 -75 -76 
2016-05-19 21:28:58.020699 -79 -74 -79 -85 -75 
2016-05-19 21:28:58.431893 -75 -72 -80 -76 -82 
2016-05-19 21:28:58.646789 -73 -74 -80 -70 -80 
2016-05-19 21:28:58.858809 -74 -77 -80 -88 -80 
2016-05-19 21:28:59.002825 -69 -76 -84 -68 -79 
2016-05-19 21:28:59.181855 -69 -79 -85 -72 -78 
2016-05-19 21:28:59.456891 -80 -74 -83 -76 -80 
2016-05-19 21:28:59.689918 -79 -74 -83 -66 -78 
2016-05-19 21:28:59.833937 -69 -72 -81 -82 -80 
2016-05-19 21:28:59.949952 -74 -81 -89 -75 -78 
2016-05-19 21:29:00.332006 -73 -74 -78 -86 -78 
2016-05-19 21:29:00.538026 -80 -76 -77 -71 -77 
2016-05-19 21:29:00.641041 -77 -74 -88 -70 -78 
2016-05-19 21:29:00.749056 -79 -74 -76 -80 -78 
2016-05-19 21:29:01.086100 -69 -70 -84 -78 -77 
2016-05-19 21:29:01.190114 -75 -72 -82 -74 -79 
2016-05-19 21:29:01.429145 -69 -73 -78 -67 -76 
2016-05-19 21:29:01.700180 -77 -76 -80 -66 -74 
2016-05-19 21:29:01.972219 -74 -81 -79 -66 -77 
2016-05-19 21:29:02.183240 -77 -75 -83 -72 -78 
2016-05-19 21:29:02.234250 -66 -75 -80 -74 -76 
2016-05-19 21:29:02.369279 -72 -74 -76 -79 -78 
2016-05-19 21:29:02.957357 -78 -74 -76 -71 -86 
2016-05-19 21:29:03.169378 -78 -81 -79 -66 -75 
2016-05-19 21:29:03.414412 -74 -80 -83 -72 -81 
2016-05-19 21:29:03.692455 -83 -81 -81 -79 -80 
2016-05-19 21:29:03.813464 -67 -73 -86 -86 -86 
2016-05-19 21:29:04.331531 -82 -72 -77 -73 -76 
2016-05-19 21:29:04.493556 -68 -84 -87 -79 -80 
2016-05-19 21:29:04.760718 -79 -80 -78 -75 -76 
2016-05-19 21:29:04.859600 -79 -80 -80 -82 -74 
2016-05-19 21:29:05.369667 -77 -74 -79 -71 -77 
2016-05-19 21:29:05.481681 -80 -71 -89 -75 -78 
2016-05-19 21:29:05.976740 -74 -74 -78 -72 -75 
2016-05-19 21:29:06.117761 -69 -82 -73 -81 -74 
425
