2016-05-19 21:10:30.462106 -69 -74 -81 -77 -61 
2016-05-19 21:10:30.775146 -73 -84 -80 -69 -62 
2016-05-19 21:10:30.884157 -70 -73 -75 -78 -61 
2016-05-19 21:10:31.009173 -72 -73 -81 -69 -65 
2016-05-19 21:10:31.115189 -70 -84 -82 -78 -79 
2016-05-19 21:10:31.248211 -71 -73 -75 -68 -66 
2016-05-19 21:10:31.353225 -76 -83 -78 -72 -79 
2016-05-19 21:10:31.461235 -72 -73 -74 -68 -61 
2016-05-19 21:10:31.641261 -79 -74 -79 -76 -79 
2016-05-19 21:10:31.747272 -73 -83 -78 -75 -80 
2016-05-19 21:10:31.853290 -78 -76 -76 -67 -66 
2016-05-19 21:10:32.040310 -76 -83 -86 -71 -75 
2016-05-19 21:10:32.247351 -72 -76 -81 -71 -66 
2016-05-19 21:10:32.351351 -73 -76 -80 -80 -61 
2016-05-19 21:10:32.458369 -73 -87 -80 -71 -60 
2016-05-19 21:10:32.664389 -75 -81 -77 -73 -76 
2016-05-19 21:10:32.772406 -74 -80 -81 -70 -72 
2016-05-19 21:10:32.873423 -72 -83 -75 -72 -65 
2016-05-19 21:10:33.048446 -71 -77 -81 -73 -58 
2016-05-19 21:10:33.178463 -76 -72 -75 -68 -59 
2016-05-19 21:10:33.282473 -71 -77 -77 -71 -81 
2016-05-19 21:10:33.383490 -76 -71 -76 -68 -66 
2016-05-19 21:10:33.809547 -75 -77 -79 -71 -71 
2016-05-19 21:10:33.914561 -70 -80 -89 -77 -77 
2016-05-19 21:10:34.200600 -71 -79 -79 -74 -71 
2016-05-19 21:10:34.444632 -77 -84 -80 -72 -69 
2016-05-19 21:10:34.650659 -74 -78 -80 -73 -63 
2016-05-19 21:10:34.853690 -75 -80 -80 -71 -65 
2016-05-19 21:10:34.958829 -76 -85 -79 -75 -77 
2016-05-19 21:10:35.071715 -74 -79 -77 -75 -66 
2016-05-19 21:10:35.201731 -74 -79 -79 -80 -61 
2016-05-19 21:10:35.304742 -75 -73 -74 -71 -66 
2016-05-19 21:10:35.415759 -74 -78 -81 -75 -77 
2016-05-19 21:10:35.520772 -74 -88 -75 -71 -66 
2016-05-19 21:10:35.625785 -74 -79 -82 -79 -77 
2016-05-19 21:10:35.729797 -75 -86 -75 -71 -66 
2016-05-19 21:10:35.834811 -73 -79 -82 -80 -59 
2016-05-19 21:10:35.935827 -74 -73 -74 -71 -66 
2016-05-19 21:10:36.091847 -75 -80 -80 -80 -59 
2016-05-19 21:10:36.199860 -72 -73 -74 -71 -66 
2016-05-19 21:10:36.351011 -76 -73 -75 -71 -71 
2016-05-19 21:10:36.541906 -74 -82 -74 -76 -71 
2016-05-19 21:10:36.748942 -74 -78 -79 -71 -61 
2016-05-19 21:10:36.961954 -73 -77 -80 -76 -61 
2016-05-19 21:10:37.066967 -70 -73 -79 -80 -76 
2016-05-19 21:10:37.170981 -74 -83 -81 -72 -61 
2016-05-19 21:10:37.273998 -70 -73 -79 -81 -76 
2016-05-19 21:10:37.401029 -74 -73 -80 -71 -66 
2016-05-19 21:10:37.508030 -75 -83 -72 -80 -75 
2016-05-19 21:10:37.682048 -72 -73 -72 -71 -61 
2016-05-19 21:10:37.788062 -76 -83 -81 -80 -66 
2016-05-19 21:10:37.890072 -74 -73 -74 -71 -59 
2016-05-19 21:10:38.101103 -72 -77 -74 -71 -63 
2016-05-19 21:10:38.299132 -69 -79 -81 -76 -70 
2016-05-19 21:10:38.526167 -74 -78 -76 -72 -71 
2016-05-19 21:10:38.635180 -75 -84 -81 -70 -72 
2016-05-19 21:10:38.841206 -74 -79 -81 -70 -66 
2016-05-19 21:10:38.946220 -69 -73 -81 -72 -61 
2016-05-19 21:10:39.466288 -76 -82 -83 -77 -67 
2016-05-19 21:10:39.571302 -77 -73 -81 -72 -65 
2016-05-19 21:10:39.678316 -70 -86 -85 -68 -61 
2016-05-19 21:10:39.882341 -73 -79 -83 -72 -77 
2016-05-19 21:10:39.983357 -77 -73 -81 -69 -66 
2016-05-19 21:10:40.091369 -69 -84 -85 -71 -78 
2016-05-19 21:10:40.311433 -74 -79 -80 -69 -72 
2016-05-19 21:10:40.419418 -77 -73 -83 -71 -61 
2016-05-19 21:10:40.546429 -69 -86 -81 -69 -80 
2016-05-19 21:10:40.740462 -73 -85 -73 -70 -70 
2016-05-19 21:10:40.948474 -73 -78 -73 -69 -73 
2016-05-19 21:10:41.051488 -75 -84 -86 -68 -67 
2016-05-19 21:10:41.252514 -74 -79 -79 -71 -73 
2016-05-19 21:10:41.361528 -76 -85 -79 -70 -61 
2016-05-19 21:10:41.472543 -74 -74 -81 -74 -84 
2016-05-19 21:10:41.575685 -74 -85 -83 -70 -62 
2016-05-19 21:10:41.880593 -73 -79 -84 -72 -70 
2016-05-19 21:10:41.989614 -71 -83 -74 -81 -68 
2016-05-19 21:10:42.142630 -70 -72 -81 -70 -74 
2016-05-19 21:10:42.273647 -73 -77 -77 -76 -62 
2016-05-19 21:10:42.468672 -74 -75 -78 -74 -67 
2016-05-19 21:10:42.887732 -73 -82 -78 -77 -72 
2016-05-19 21:10:42.997741 -67 -74 -80 -75 -80 
2016-05-19 21:13:43.514850 -75 -66 -79 -76 -68 
2016-05-19 21:13:43.677000 -65 -67 -77 -67 -66 
2016-05-19 21:13:43.982911 -72 -65 -72 -64 -68 
2016-05-19 21:13:44.137931 -71 -69 -73 -70 -73 
2016-05-19 21:13:44.347959 -69 -68 -73 -70 -78 
2016-05-19 21:13:44.447971 -64 -70 -71 -70 -70 
2016-05-19 21:13:44.759020 -70 -62 -81 -66 -74 
2016-05-19 21:13:44.878027 -67 -65 -77 -81 -77 
2016-05-19 21:13:44.986042 -68 -61 -71 -66 -75 
2016-05-19 21:13:45.097056 -69 -67 -74 -75 -78 
2016-05-19 21:13:45.242075 -71 -66 -71 -70 -78 
2016-05-19 21:13:45.444105 -71 -64 -70 -73 -70 
2016-05-19 21:13:45.714141 -76 -64 -72 -68 -74 
2016-05-19 21:13:45.816151 -75 -66 -79 -67 -72 
2016-05-19 21:13:46.079189 -69 -66 -70 -68 -74 
2016-05-19 21:13:46.287211 -71 -64 -73 -69 -75 
2016-05-19 21:13:46.439235 -72 -66 -78 -75 -69 
2016-05-19 21:13:46.614258 -78 -63 -70 -74 -74 
2016-05-19 21:13:46.720266 -74 -67 -77 -76 -74 
2016-05-19 21:13:46.919298 -71 -66 -69 -75 -73 
2016-05-19 21:13:47.026308 -74 -65 -76 -68 -74 
2016-05-19 21:13:47.134325 -66 -61 -68 -80 -74 
2016-05-19 21:13:47.235332 -76 -66 -69 -68 -75 
2016-05-19 21:13:47.344355 -68 -61 -75 -73 -72 
2016-05-19 21:13:47.557506 -71 -65 -75 -81 -74 
2016-05-19 21:13:47.683394 -74 -63 -68 -68 -71 
2016-05-19 21:13:47.896422 -67 -64 -69 -66 -68 
2016-05-19 21:13:47.995432 -67 -65 -81 -75 -74 
2016-05-19 21:13:48.192461 -67 -66 -69 -65 -71 
2016-05-19 21:13:48.297474 -68 -66 -68 -65 -75 
2016-05-19 21:13:48.510499 -75 -63 -65 -66 -75 
2016-05-19 21:13:48.616517 -82 -66 -85 -65 -74 
2016-05-19 21:13:48.727530 -68 -67 -71 -72 -69 
2016-05-19 21:13:48.834548 -74 -63 -81 -67 -74 
2016-05-19 21:13:49.035567 -75 -66 -69 -68 -72 
2016-05-19 21:13:51.607907 -70 -63 -70 -72 -77 
2016-05-19 21:13:51.769940 -71 -63 -69 -70 -68 
2016-05-19 21:13:51.920952 -71 -63 -68 -74 -72 
2016-05-19 21:13:52.030100 -70 -69 -73 -76 -78 
2016-05-19 21:13:52.242997 -72 -66 -69 -73 -72 
2016-05-19 21:13:52.518162 -72 -66 -74 -70 -70 
2016-05-19 21:13:52.671050 -81 -69 -70 -73 -70 
2016-05-19 21:13:52.774068 -70 -63 -76 -80 -70 
2016-05-19 21:13:52.933087 -70 -68 -72 -68 -70 
2016-05-19 21:13:53.039110 -73 -68 -82 -78 -70 
2016-05-19 21:13:53.144114 -71 -65 -72 -69 -72 
2016-05-19 21:13:53.253129 -73 -69 -79 -76 -78 
2016-05-19 21:13:53.454285 -71 -67 -80 -71 -67 
2016-05-19 21:13:53.675188 -73 -67 -72 -74 -75 
2016-05-19 21:13:53.850211 -72 -66 -76 -72 -76 
2016-05-19 21:13:53.952220 -72 -64 -71 -74 -72 
2016-05-19 21:13:54.168248 -69 -64 -76 -69 -69 
2016-05-19 21:13:54.276259 -77 -64 -68 -75 -78 
2016-05-19 21:13:54.400284 -66 -66 -73 -61 -69 
2016-05-19 21:13:54.507293 -64 -61 -68 -83 -65 
2016-05-19 21:13:54.611303 -66 -66 -68 -63 -74 
2016-05-19 21:13:54.793330 -69 -63 -73 -71 -70 
2016-05-19 21:13:54.895351 -84 -62 -73 -63 -69 
2016-05-19 21:13:55.079368 -67 -65 -81 -63 -76 
2016-05-19 21:13:55.187381 -71 -73 -72 -62 -72 
2016-05-19 21:13:55.289395 -63 -66 -68 -69 -70 
2016-05-19 21:13:55.396406 -81 -62 -74 -63 -86 
2016-05-19 21:13:55.528426 -70 -65 -67 -63 -67 
2016-05-19 21:13:55.637440 -72 -66 -78 -65 -80 
2016-05-19 21:13:55.747455 -69 -69 -65 -61 -83 
2016-05-19 21:13:55.845473 -71 -66 -67 -61 -74 
2016-05-19 21:13:55.955487 -68 -68 -66 -65 -85 
2016-05-19 21:13:56.059495 -68 -65 -72 -60 -72 
2016-05-19 21:13:56.191509 -67 -63 -68 -57 -71 
2016-05-19 21:13:56.333531 -72 -65 -66 -63 -82 
2016-05-19 21:13:56.551557 -68 -67 -60 -69 -69 
2016-05-19 21:13:56.614698 -65 -62 -70 -69 -69 
2016-05-19 21:13:56.713580 -75 -63 -63 -65 -72 
2016-05-19 21:13:56.819595 -82 -65 -63 -67 -66 
2016-05-19 21:13:56.923608 -65 -67 -67 -72 -85 
2016-05-19 21:13:57.033622 -78 -76 -69 -72 -68 
2016-05-19 21:13:57.135645 -60 -61 -64 -69 -70 
2016-05-19 21:13:57.244651 -76 -70 -74 -61 -67 
2016-05-19 21:13:57.553692 -62 -64 -73 -65 -76 
2016-05-19 21:13:57.712711 -66 -63 -65 -63 -71 
2016-05-19 21:13:57.867732 -72 -64 -63 -59 -75 
2016-05-19 21:13:58.013750 -79 -62 -65 -65 -73 
2016-05-19 21:13:58.163770 -65 -62 -74 -59 -69 
2016-05-19 21:13:58.345799 -68 -85 -77 -64 -69 
2016-05-19 21:13:58.550951 -73 -67 -71 -62 -68 
2016-05-19 21:13:58.659835 -74 -64 -64 -67 -76 
2016-05-19 21:13:58.766980 -77 -68 -81 -63 -69 
2016-05-19 21:13:58.927870 -70 -64 -67 -62 -72 
2016-05-19 21:13:59.034884 -69 -62 -77 -61 -66 
2016-05-19 21:13:59.136894 -69 -81 -66 -63 -76 
2016-05-19 21:13:59.242911 -71 -63 -66 -64 -73 
2016-05-19 21:13:59.346921 -69 -62 -76 -67 -70 
2016-05-19 21:13:59.445942 -69 -63 -66 -66 -72 
2016-05-19 21:13:59.604958 -68 -82 -67 -66 -70 
2016-05-19 21:13:59.708972 -68 -64 -69 -71 -73 
2016-05-19 21:13:59.811982 -74 -79 -80 -71 -77 
2016-05-19 21:13:59.965005 -78 -61 -68 -67 -73 
2016-05-19 21:14:00.147028 -73 -61 -71 -70 -75 
2016-05-19 21:14:00.254043 -80 -62 -64 -73 -71 
2016-05-19 21:14:00.378060 -80 -60 -80 -69 -75 
2016-05-19 21:14:00.589095 -77 -61 -67 -75 -74 
2016-05-19 21:14:00.696106 -72 -63 -67 -79 -74 
2016-05-19 21:14:00.803116 -81 -71 -65 -78 -79 
2016-05-19 21:14:00.906133 -75 -63 -67 -69 -74 
2016-05-19 21:14:01.004149 -80 -69 -65 -77 -81 
2016-05-19 21:14:01.107152 -75 -62 -67 -73 -73 
2016-05-19 21:14:01.523209 -72 -62 -70 -71 -74 
2016-05-19 21:14:01.696237 -74 -64 -66 -76 -74 
2016-05-19 21:14:02.516343 -72 -69 -69 -70 -74 
2016-05-19 21:14:02.620353 -68 -71 -69 -75 -87 
2016-05-19 21:14:02.826384 -69 -68 -66 -68 -68 
2016-05-19 21:14:02.927523 -78 -60 -63 -71 -72 
2016-05-19 21:14:03.058409 -74 -63 -64 -60 -69 
2016-05-19 21:14:03.262433 -71 -64 -66 -73 -68 
2016-05-19 21:14:03.416461 -68 -63 -63 -74 -71 
2016-05-19 21:14:03.628484 -72 -62 -58 -64 -69 
2016-05-19 21:14:03.750500 -68 -62 -61 -67 -65 
2016-05-19 21:14:04.048538 -70 -60 -62 -70 -65 
2016-05-19 21:14:04.151682 -72 -61 -61 -64 -65 
2016-05-19 21:14:04.270568 -76 -62 -67 -68 -71 
2016-05-19 21:14:04.465593 -70 -59 -61 -65 -69 
2016-05-19 21:14:04.571613 -66 -58 -63 -64 -65 
2016-05-19 21:14:04.672617 -68 -61 -60 -69 -70 
2016-05-19 21:14:04.932651 -71 -60 -64 -65 -66 
2016-05-19 21:14:05.036673 -66 -63 -76 -67 -68 
2016-05-19 21:14:05.145683 -74 -63 -71 -68 -69 
2016-05-19 21:14:05.253696 -73 -64 -64 -77 -72 
2016-05-19 21:14:05.394715 -67 -64 -66 -68 -70 
2016-05-19 21:14:05.603742 -65 -62 -66 -76 -68 
2016-05-19 21:14:05.807901 -65 -65 -68 -75 -69 
2016-05-19 21:14:05.995793 -70 -66 -68 -72 -78 
2016-05-19 21:14:06.101812 -67 -66 -70 -69 -71 
2016-05-19 21:14:06.311965 -69 -64 -67 -72 -69 
2016-05-19 21:14:06.630876 -67 -63 -63 -73 -70 
2016-05-19 21:14:06.763893 -70 -62 -66 -75 -68 
2016-05-19 21:14:06.872904 -69 -64 -71 -66 -69 
2016-05-19 21:14:07.028928 -76 -63 -66 -64 -65 
2016-05-19 21:14:07.134941 -70 -65 -68 -69 -65 
2016-05-19 21:14:07.238955 -70 -63 -66 -63 -64 
2016-05-19 21:14:07.378974 -69 -60 -64 -69 -70 
2016-05-19 21:14:07.487997 -67 -63 -68 -63 -73 
2016-05-19 21:14:07.699013 -67 -64 -66 -67 -69 
2016-05-19 21:14:07.805023 -82 -62 -77 -74 -69 
2016-05-19 21:14:07.910037 -70 -68 -65 -61 -68 
2016-05-19 21:14:08.013047 -72 -61 -60 -75 -72 
2016-05-19 21:14:08.186073 -68 -68 -75 -73 -68 
2016-05-19 21:14:08.291086 -68 -74 -59 -65 -71 
2016-05-19 21:14:08.425103 -77 -63 -61 -66 -72 
2016-05-19 21:14:08.643129 -81 -66 -61 -72 -68 
2016-05-19 21:14:08.924168 -72 -67 -59 -66 -67 
2016-05-19 21:14:09.136324 -66 -65 -62 -69 -63 
2016-05-19 21:14:09.450237 -66 -67 -62 -87 -65 
2016-05-19 21:14:09.655264 -73 -79 -60 -70 -65 
2016-05-19 21:14:09.810284 -69 -76 -69 -64 -81 
2016-05-19 21:14:10.015311 -74 -70 -59 -65 -79 
2016-05-19 21:14:10.211337 -67 -86 -61 -69 -76 
2016-05-19 21:14:10.417375 -81 -67 -64 -69 -72 
2016-05-19 21:14:10.605395 -69 -67 -59 -73 -69 
2016-05-19 21:14:10.710409 -83 -67 -75 -67 -69 
2016-05-19 21:14:10.811423 -72 -73 -61 -77 -68 
2016-05-19 21:14:10.912565 -66 -71 -63 -71 -68 
2016-05-19 21:14:11.015449 -74 -75 -61 -67 -72 
2016-05-19 21:14:11.118459 -70 -66 -65 -65 -73 
2016-05-19 21:14:11.255480 -66 -65 -63 -69 -85 
2016-05-19 21:14:11.370495 -66 -65 -64 -69 -74 
2016-05-19 21:14:11.880683 -76 -68 -68 -71 -75 
2016-05-19 21:14:11.996570 -71 -77 -81 -67 -69 
2016-05-19 21:14:12.104713 -68 -78 -69 -61 -78 
2016-05-19 21:14:12.208726 -65 -79 -61 -63 -66 
2016-05-19 21:14:12.315611 -68 -71 -71 -66 -75 
2016-05-19 21:14:12.425625 -67 -71 -60 -67 -66 
2016-05-19 21:14:12.609652 -67 -66 -62 -78 -70 
2016-05-19 21:14:12.795674 -70 -67 -60 -76 -69 
2016-05-19 21:14:12.904689 -67 -71 -59 -75 -66 
2016-05-19 21:14:13.012706 -71 -63 -58 -60 -83 
2016-05-19 21:14:13.118713 -67 -70 -63 -74 -65 
2016-05-19 21:14:13.364749 -72 -60 -65 -65 -69 
2016-05-19 21:14:13.473759 -70 -65 -63 -76 -70 
2016-05-19 21:14:13.579777 -75 -63 -69 -65 -70 
2016-05-19 21:14:13.795804 -73 -66 -68 -70 -80 
2016-05-19 21:14:14.008961 -74 -69 -68 -66 -76 
2016-05-19 21:14:14.116847 -74 -71 -68 -63 -81 
2016-05-19 21:14:14.219861 -76 -63 -67 -66 -76 
2016-05-19 21:14:14.325875 -74 -76 -69 -64 -74 
2016-05-19 21:14:14.540902 -76 -69 -75 -67 -76 
2016-05-19 21:14:14.641043 -75 -64 -65 -65 -72 
2016-05-19 21:14:14.717929 -75 -66 -68 -68 -77 
2016-05-19 21:14:14.820939 -76 -71 -76 -65 -73 
2016-05-19 21:14:14.894949 -74 -64 -68 -67 -77 
2016-05-19 21:14:15.063967 -75 -63 -69 -64 -72 
2016-05-19 21:14:15.354013 -80 -69 -72 -66 -74 
2016-05-19 21:14:15.456028 -77 -63 -69 -65 -70 
2016-05-19 21:14:15.559040 -74 -68 -82 -67 -71 
2016-05-19 21:14:15.737195 -75 -65 -64 -67 -71 
2016-05-19 21:14:15.966095 -79 -69 -66 -66 -71 
2016-05-19 21:14:16.152120 -78 -67 -65 -69 -69 
2016-05-19 21:14:16.255133 -78 -70 -79 -65 -70 
2016-05-19 21:14:16.359148 -78 -70 -67 -67 -74 
2016-05-19 21:14:16.463165 -80 -63 -75 -66 -69 
2016-05-19 21:14:16.723190 -74 -72 -64 -65 -71 
2016-05-19 21:14:16.933226 -74 -75 -65 -66 -69 
2016-05-19 21:14:17.034232 -69 -62 -66 -66 -72 
2016-05-19 21:14:17.138253 -73 -67 -65 -65 -72 
2016-05-19 21:14:17.312271 -70 -62 -66 -66 -72 
2016-05-19 21:14:17.443294 -69 -65 -65 -67 -70 
2016-05-19 21:14:17.656316 -70 -71 -69 -66 -72 
2016-05-19 21:14:17.974355 -71 -66 -66 -65 -70 
2016-05-19 21:14:18.175384 -77 -82 -69 -64 -72 
2016-05-19 21:14:18.284395 -68 -60 -76 -64 -75 
2016-05-19 21:14:18.453425 -77 -72 -65 -64 -74 
2016-05-19 21:14:18.598443 -77 -85 -72 -64 -72 
2016-05-19 21:14:18.778468 -75 -64 -72 -64 -75 
2016-05-19 21:14:18.887477 -76 -82 -65 -65 -70 
2016-05-19 21:14:19.096504 -73 -64 -68 -65 -70 
2016-05-19 21:14:19.410546 -74 -71 -66 -65 -70 
2016-05-19 21:14:19.514556 -77 -67 -85 -66 -75 
2016-05-19 21:14:19.623578 -76 -62 -65 -67 -72 
2016-05-19 21:14:19.728593 -78 -68 -83 -66 -74 
2016-05-19 21:14:20.159660 -75 -69 -69 -66 -72 
2016-05-19 21:14:20.349667 -73 -66 -63 -67 -73 
2016-05-19 21:14:20.458687 -78 -68 -62 -69 -71 
2016-05-19 21:14:20.563701 -73 -63 -80 -66 -72 
2016-05-19 21:14:20.759719 -76 -64 -62 -66 -70 
2016-05-19 21:14:20.861735 -76 -70 -66 -68 -70 
2016-05-19 21:14:20.966749 -71 -68 -63 -71 -72 
2016-05-19 21:14:21.073892 -77 -69 -64 -66 -69 
2016-05-19 21:14:21.208785 -74 -69 -67 -70 -74 
2016-05-19 21:14:21.421808 -72 -68 -73 -65 -71 
2016-05-19 21:14:21.596823 -71 -68 -63 -66 -71 
2016-05-19 21:14:21.807851 -70 -67 -63 -66 -69 
2016-05-19 21:14:21.982874 -69 -68 -84 -66 -72 
2016-05-19 21:14:22.111891 -72 -71 -63 -67 -75 
2016-05-19 21:14:22.214901 -73 -69 -61 -66 -69 
2016-05-19 21:14:22.322918 -68 -73 -78 -67 -75 
2016-05-19 21:14:22.422931 -73 -69 -61 -68 -68 
2016-05-19 21:14:22.526945 -68 -74 -67 -69 -73 
2016-05-19 21:14:22.634956 -72 -68 -62 -66 -68 
2016-05-19 21:14:22.776977 -73 -63 -66 -68 -74 
2016-05-19 21:14:22.875993 -68 -74 -71 -68 -76 
2016-05-19 21:14:22.990005 -72 -74 -63 -69 -73 
2016-05-19 21:14:23.264045 -70 -67 -59 -73 -70 
2016-05-19 21:14:23.368056 -69 -64 -69 -73 -81 
2016-05-19 21:14:23.475066 -82 -63 -61 -69 -77 
2016-05-19 21:14:23.607086 -72 -60 -57 -68 -68 
2016-05-19 21:14:23.843117 -81 -70 -59 -63 -69 
2016-05-19 21:14:23.999141 -73 -61 -55 -64 -71 
2016-05-19 21:14:24.103151 -74 -75 -58 -65 -70 
2016-05-19 21:14:24.208164 -69 -63 -52 -60 -84 
2016-05-19 21:14:24.316179 -80 -66 -57 -66 -69 
2016-05-19 21:14:24.546338 -82 -69 -61 -60 -66 
2016-05-19 21:14:24.754365 -74 -74 -68 -76 -69 
2016-05-19 21:14:24.857249 -78 -64 -65 -63 -77 
2016-05-19 21:14:24.960260 -82 -60 -67 -72 -76 
2016-05-19 21:14:25.275301 -69 -74 -69 -67 -82 
2016-05-19 21:14:25.380321 -69 -67 -71 -74 -70 
2016-05-19 21:14:25.485363 -75 -61 -66 -61 -74 
2016-05-19 21:14:25.614365 -69 -63 -65 -58 -89 
2016-05-19 21:14:25.723370 -66 -64 -71 -68 -77 
2016-05-19 21:14:25.830381 -74 -62 -64 -69 -77 
2016-05-19 21:14:26.147425 -69 -69 -72 -64 -69 
2016-05-19 21:14:26.334458 -67 -61 -65 -62 -71 
2016-05-19 21:14:26.438463 -70 -59 -68 -60 -76 
2016-05-19 21:14:26.548478 -68 -65 -68 -64 -76 
2016-05-19 21:14:26.663493 -74 -66 -64 -64 -68 
2016-05-19 21:14:26.768506 -74 -85 -69 -60 -75 
2016-05-19 21:14:27.073546 -73 -65 -60 -63 -74 
2016-05-19 21:14:27.292575 -74 -61 -65 -60 -69 
2016-05-19 21:14:27.399594 -71 -59 -62 -69 -75 
2016-05-19 21:14:27.505599 -69 -63 -60 -66 -70 
2016-05-19 21:14:27.723631 -72 -60 -64 -66 -71 
2016-05-19 21:14:28.024675 -76 -60 -61 -68 -73 
2016-05-19 21:14:28.228697 -86 -59 -65 -68 -75 
2016-05-19 21:14:28.493732 -84 -58 -62 -69 -75 
2016-05-19 21:14:28.597745 -78 -62 -60 -65 -67 
2016-05-19 21:14:28.764775 -73 -59 -65 -66 -65 
2016-05-19 21:14:28.868780 -75 -59 -62 -62 -79 
2016-05-19 21:14:29.072807 -75 -62 -62 -67 -69 
2016-05-19 21:14:29.172836 -75 -64 -62 -66 -74 
2016-05-19 21:14:29.277834 -75 -57 -64 -68 -68 
2016-05-19 21:14:29.491862 -78 -65 -73 -63 -66 
2016-05-19 21:14:29.801902 -79 -62 -63 -67 -72 
2016-05-19 21:14:29.909922 -80 -61 -59 -78 -66 
2016-05-19 21:14:30.014935 -72 -58 -64 -62 -70 
2016-05-19 21:14:30.125942 -83 -62 -59 -69 -70 
2016-05-19 21:14:30.235089 -77 -58 -64 -62 -69 
2016-05-19 21:14:30.339105 -68 -66 -65 -63 -69 
2016-05-19 21:14:30.545997 -72 -58 -62 -58 -68 
2016-05-19 21:14:30.753027 -73 -61 -61 -57 -70 
2016-05-19 21:14:31.045070 -74 -61 -60 -60 -67 
2016-05-19 21:14:31.261090 -79 -58 -61 -57 -69 
2016-05-19 21:14:31.349111 -73 -57 -62 -67 -62 
2016-05-19 21:14:31.554131 -76 -58 -62 -61 -71 
2016-05-19 21:14:31.742156 -72 -62 -65 -56 -70 
2016-05-19 21:14:32.022193 -75 -59 -63 -63 -71 
2016-05-19 21:14:32.127207 -82 -67 -62 -75 -67 
2016-05-19 21:14:32.441244 -69 -60 -62 -67 -72 
2016-05-19 21:14:32.610274 -75 -64 -66 -71 -66 
2016-05-19 21:14:32.712282 -74 -70 -61 -72 -69 
2016-05-19 21:14:33.067331 -69 -69 -63 -65 -70 
2016-05-19 21:14:33.270361 -69 -72 -59 -62 -72 
2016-05-19 21:14:33.375374 -68 -75 -60 -59 -77 
2016-05-19 21:14:33.686408 -72 -72 -60 -64 -71 
2016-05-19 21:14:33.867436 -69 -65 -60 -63 -74 
2016-05-19 21:14:33.975453 -70 -79 -61 -59 -75 
2016-05-19 21:14:34.107467 -71 -62 -59 -58 -80 
2016-05-19 21:14:34.289489 -72 -62 -61 -64 -83 
2016-05-19 21:14:34.423507 -73 -73 -62 -61 -74 
2016-05-19 21:14:34.535525 -76 -62 -63 -59 -80 
2016-05-19 21:14:34.835690 -73 -66 -61 -63 -76 
2016-05-19 21:14:34.943574 -73 -69 -64 -61 -76 
2016-05-19 21:14:35.155732 -73 -65 -59 -61 -77 
2016-05-19 21:14:35.259618 -74 -65 -56 -64 -78 
2016-05-19 21:14:35.360634 -72 -62 -61 -58 -78 
2016-05-19 21:14:35.466639 -74 -73 -64 -64 -78 
2016-05-19 21:14:35.568696 -71 -62 -62 -58 -76 
2016-05-19 21:14:35.756671 -79 -65 -61 -56 -77 
2016-05-19 21:14:35.965704 -75 -64 -61 -62 -76 
2016-05-19 21:14:36.070718 -72 -65 -59 -58 -73 
2016-05-19 21:14:36.177728 -71 -64 -62 -64 -72 
2016-05-19 21:14:36.307746 -73 -70 -63 -68 -75 
2016-05-19 21:14:36.414760 -74 -63 -64 -58 -69 
2016-05-19 21:14:36.628787 -69 -63 -62 -63 -77 
2016-05-19 21:14:36.735805 -73 -60 -65 -62 -73 
2016-05-19 21:14:36.840818 -76 -69 -63 -63 -72 
2016-05-19 21:14:37.058843 -75 -62 -64 -64 -74 
2016-05-19 21:14:37.224865 -73 -62 -66 -67 -69 
2016-05-19 21:14:37.436021 -77 -64 -66 -62 -70 
2016-05-19 21:14:37.540909 -66 -60 -70 -59 -71 
2016-05-19 21:14:37.776934 -80 -69 -68 -71 -73 
2016-05-19 21:14:37.882950 -71 -78 -75 -64 -66 
2016-05-19 21:14:38.086974 -68 -66 -72 -59 -66 
2016-05-19 21:14:38.213994 -71 -65 -71 -70 -65 
2016-05-19 21:14:38.322009 -74 -61 -71 -63 -84 
2016-05-19 21:14:38.511037 -71 -68 -73 -59 -68 
2016-05-19 21:14:38.842074 -70 -65 -70 -63 -66 
2016-05-19 21:14:39.005097 -67 -65 -69 -58 -74 
2016-05-19 21:14:39.112108 -77 -73 -80 -64 -70 
2016-05-19 21:14:39.323139 -71 -73 -71 -63 -69 
2016-05-19 21:14:39.432150 -71 -68 -73 -63 -69 
2016-05-19 21:14:39.536213 -65 -69 -67 -62 -67 
2016-05-19 21:14:39.640181 -67 -76 -88 -60 -68 
2016-05-19 21:14:39.766201 -76 -68 -70 -58 -77 
2016-05-19 21:14:39.878211 -78 -63 -72 -53 -68 
2016-05-19 21:14:40.013229 -67 -65 -75 -64 -72 
2016-05-19 21:14:40.117240 -76 -73 -70 -54 -78 
2016-05-19 21:14:40.290265 -72 -69 -72 -58 -78 
2016-05-19 21:14:40.397283 -71 -67 -70 -58 -75 
2016-05-19 21:14:40.506306 -76 -64 -71 -70 -69 
2016-05-19 21:14:40.615315 -67 -73 -77 -66 -69 
2016-05-19 21:14:40.798339 -73 -69 -68 -74 -69 
2016-05-19 21:14:40.921360 -71 -72 -74 -61 -67 
2016-05-19 21:14:41.026373 -69 -73 -66 -58 -72 
2016-05-19 21:14:41.213393 -72 -65 -68 -67 -66 
2016-05-19 21:14:41.338409 -70 -65 -78 -53 -70 
2016-05-19 21:14:41.540565 -74 -68 -69 -59 -69 
2016-05-19 21:14:41.645449 -70 -66 -73 -59 -67 
2016-05-19 21:14:41.851481 -75 -63 -67 -56 -71 
2016-05-19 21:14:41.962488 -83 -68 -76 -64 -70 
2016-05-19 21:14:42.068635 -75 -59 -78 -73 -68 
2016-05-19 21:14:42.170518 -74 -72 -66 -60 -77 
2016-05-19 21:14:42.475557 -85 -64 -68 -67 -69 
2016-05-19 21:14:42.580701 -80 -66 -74 -75 -77 
2016-05-19 21:14:42.683586 -77 -69 -74 -68 -71 
2016-05-19 21:14:42.789600 -75 -64 -74 -57 -77 
2016-05-19 21:14:43.005627 -71 -66 -76 -63 -77 
2016-05-19 21:14:43.212786 -76 -62 -69 -75 -66 
2016-05-19 21:14:43.614706 -71 -66 -69 -67 -69 
2016-05-19 21:14:43.718720 -78 -60 -74 -54 -68 
2016-05-19 21:14:44.056769 -74 -63 -70 -66 -66 
2016-05-19 21:14:44.162775 -78 -66 -79 -57 -75 
2016-05-19 21:14:44.265792 -68 -68 -71 -62 -70 
2016-05-19 21:14:44.476949 -70 -69 -72 -65 -71 
2016-05-19 21:14:44.579833 -77 -74 -69 -68 -70 
2016-05-19 21:14:44.683846 -69 -62 -75 -60 -72 
2016-05-19 21:14:44.794861 -85 -73 -72 -64 -71 
2016-05-19 21:14:44.895874 -69 -61 -68 -66 -86 
2016-05-19 21:14:44.997884 -79 -74 -71 -63 -72 
2016-05-19 21:14:45.297923 -72 -66 -76 -67 -74 
2016-05-19 21:14:45.404943 -79 -70 -74 -64 -72 
2016-05-19 21:14:45.516962 -66 -70 -78 -61 -73 
2016-05-19 21:14:45.719984 -67 -68 -67 -65 -74 
2016-05-19 21:14:45.829135 -67 -70 -72 -63 -69 
2016-05-19 21:14:46.236049 -71 -68 -74 -65 -77 
2016-05-19 21:14:46.341192 -67 -73 -70 -63 -82 
2016-05-19 21:14:46.640095 -69 -64 -74 -64 -73 
2016-05-19 21:14:46.846121 -69 -68 -67 -66 -74 
2016-05-19 21:14:46.953132 -76 -71 -67 -69 -80 
2016-05-19 21:14:47.056149 -69 -75 -79 -62 -72 
2016-05-19 21:14:47.201176 -72 -67 -77 -64 -75 
2016-05-19 21:14:47.490206 -82 -62 -65 -63 -69 
2016-05-19 21:14:47.699239 -86 -73 -67 -59 -74 
2016-05-19 21:14:47.908257 -84 -69 -68 -67 -79 
2016-05-19 21:14:48.116287 -86 -70 -71 -65 -69 
2016-05-19 21:14:48.265307 -71 -69 -70 -55 -72 
2016-05-19 21:14:48.372324 -86 -64 -72 -62 -70 
2016-05-19 21:14:48.475334 -72 -71 -65 -56 -81 
2016-05-19 21:14:48.577351 -89 -63 -72 -69 -70 
2016-05-19 21:14:48.750370 -75 -61 -65 -63 -71 
2016-05-19 21:14:49.001403 -77 -74 -70 -71 -68 
2016-05-19 21:14:49.165553 -83 -75 -70 -55 -68 
2016-05-19 21:14:49.267441 -70 -62 -64 -63 -69 
2016-05-19 21:14:49.402459 -68 -67 -66 -67 -70 
2016-05-19 21:14:49.672494 -80 -73 -67 -58 -74 
2016-05-19 21:14:49.801507 -75 -68 -69 -63 -70 
2016-05-19 21:14:49.904521 -79 -77 -75 -57 -71 
2016-05-19 21:14:50.014536 -67 -66 -71 -63 -69 
2016-05-19 21:14:50.203568 -69 -76 -70 -62 -66 
2016-05-19 21:14:50.412592 -66 -66 -71 -67 -72 
2016-05-19 21:14:50.524602 -75 -65 -66 -60 -65 
2016-05-19 21:14:50.632620 -68 -68 -72 -61 -71 
2016-05-19 21:14:50.783633 -67 -65 -77 -57 -76 
2016-05-19 21:14:50.995664 -73 -81 -75 -63 -67 
2016-05-19 21:14:51.103675 -71 -77 -79 -64 -77 
2016-05-19 21:14:51.211692 -69 -64 -67 -77 -75 
2016-05-19 21:14:51.453852 -74 -68 -71 -64 -79 
2016-05-19 21:14:51.622749 -72 -62 -64 -63 -70 
2016-05-19 21:14:51.723757 -80 -68 -68 -78 -75 
2016-05-19 21:14:51.828770 -70 -64 -64 -63 -75 
2016-05-19 21:14:51.973921 -64 -62 -71 -68 -77 
2016-05-19 21:14:52.076805 -71 -68 -76 -78 -71 
2016-05-19 21:14:52.282835 -72 -68 -65 -66 -69 
2016-05-19 21:14:52.525992 -68 -65 -69 -65 -74 
2016-05-19 21:14:52.888908 -71 -68 -71 -66 -77 
2016-05-19 21:14:53.048929 -67 -86 -61 -63 -70 
2016-05-19 21:14:53.470987 -73 -74 -66 -66 -74 
2016-05-19 21:14:53.754021 -72 -71 -74 -67 -67 
2016-05-19 21:14:53.859036 -69 -72 -58 -60 -74 
2016-05-19 21:14:53.958179 -71 -73 -58 -63 -66 
2016-05-19 21:14:54.159081 -65 -69 -66 -72 -80 
2016-05-19 21:14:54.266090 -67 -63 -59 -67 -74 
2016-05-19 21:14:54.475118 -64 -73 -65 -65 -72 
2016-05-19 21:14:54.688149 -66 -69 -68 -64 -76 
2016-05-19 21:14:54.795159 -67 -72 -74 -56 -71 
2016-05-19 21:14:55.000186 -68 -68 -78 -65 -78 
2016-05-19 21:14:55.204210 -63 -69 -66 -64 -73 
2016-05-19 21:14:55.307227 -70 -67 -70 -71 -75 
2016-05-19 21:14:55.496252 -69 -74 -66 -62 -71 
2016-05-19 21:14:55.599263 -68 -74 -62 -64 -73 
2016-05-19 21:14:55.793294 -73 -68 -71 -66 -79 
2016-05-19 21:14:55.901305 -67 -65 -68 -80 -78 
2016-05-19 21:14:56.054454 -71 -85 -74 -69 -76 
2016-05-19 21:14:56.160342 -75 -77 -77 -62 -72 
2016-05-19 21:14:56.366493 -69 -76 -79 -65 -74 
2016-05-19 21:14:56.473382 -77 -80 -78 -74 -82 
2016-05-19 21:14:56.679403 -71 -76 -76 -68 -78 
2016-05-19 21:14:56.789428 -75 -78 -79 -64 -79 
2016-05-19 21:14:56.998576 -71 -80 -77 -71 -77 
2016-05-19 21:14:57.411501 -73 -87 -72 -68 -74 
2016-05-19 21:14:57.621529 -72 -81 -77 -68 -75 
2016-05-19 21:14:57.727542 -76 -82 -86 -60 -78 
2016-05-19 21:14:57.905566 -72 -84 -71 -75 -74 
2016-05-19 21:14:58.113597 -76 -76 -74 -75 -80 
2016-05-19 21:14:58.214735 -76 -78 -74 -74 -81 
2016-05-19 21:14:58.376627 -79 -78 -73 -58 -78 
2016-05-19 21:14:58.484639 -69 -80 -73 -81 -78 
2016-05-19 21:14:58.683671 -74 -81 -72 -63 -80 
2016-05-19 21:14:58.788685 -69 -78 -70 -81 -75 
2016-05-19 21:14:58.902824 -73 -79 -83 -73 -80 
2016-05-19 21:14:59.007710 -72 -72 -74 -60 -78 
2016-05-19 21:14:59.109721 -74 -70 -86 -74 -77 
2016-05-19 21:14:59.319748 -72 -72 -78 -65 -76 
2016-05-19 21:14:59.528781 -70 -77 -76 -71 -73 
2016-05-19 21:14:59.631791 -70 -75 -74 -77 -75 
2016-05-19 21:14:59.737805 -73 -77 -80 -72 -75 
2016-05-19 21:15:00.046847 -71 -74 -75 -74 -76 
2016-05-19 21:15:00.151859 -71 -76 -79 -74 -77 
2016-05-19 21:15:00.259871 -78 -87 -77 -59 -76 
2016-05-19 21:15:00.369887 -76 -74 -86 -69 -79 
2016-05-19 21:15:00.777942 -70 -78 -75 -72 -75 
2016-05-19 21:15:00.987969 -76 -75 -73 -67 -75 
2016-05-19 21:15:01.195996 -71 -74 -72 -69 -76 
2016-05-19 21:15:01.300007 -78 -74 -72 -72 -75 
2016-05-19 21:15:01.508036 -77 -79 -74 -66 -77 
2016-05-19 21:15:01.613050 -73 -80 -73 -60 -78 
2016-05-19 21:15:02.002101 -73 -73 -75 -60 -78 
2016-05-19 21:15:02.227131 -81 -71 -75 -71 -77 
2016-05-19 21:15:02.458160 -75 -72 -70 -74 -75 
2016-05-19 21:15:02.660185 -74 -77 -72 -71 -76 
2016-05-19 21:15:02.871343 -74 -78 -70 -59 -74 
2016-05-19 21:15:03.055367 -87 -81 -76 -64 -74 
2016-05-19 21:15:03.261265 -73 -75 -70 -67 -84 
2016-05-19 21:15:03.299274 -73 -77 -69 -61 -77 
2016-05-19 21:15:03.503425 -71 -80 -78 -64 -77 
2016-05-19 21:15:03.710321 -77 -73 -75 -66 -75 
2016-05-19 21:15:03.921354 -74 -78 -77 -65 -73 
2016-05-19 21:15:04.019368 -72 -80 -91 -65 -75 
2016-05-19 21:15:04.124383 -81 -73 -79 -57 -75 
2016-05-19 21:15:04.313403 -76 -74 -90 -67 -74 
2016-05-19 21:15:04.515426 -74 -82 -82 -65 -80 
2016-05-19 21:15:04.616443 -72 -78 -78 -78 -75 
2016-05-19 21:15:04.719586 -75 -76 -78 -65 -76 
2016-05-19 21:15:04.921482 -69 -79 -73 -70 -74 
2016-05-19 21:15:04.977489 -69 -71 -84 -68 -74 
2016-05-19 21:15:05.079632 -86 -80 -70 -58 -78 
2016-05-19 21:15:05.384546 -73 -76 -70 -72 -77 
2016-05-19 21:15:05.488556 -70 -76 -77 -68 -80 
2016-05-19 21:15:05.592570 -87 -77 -69 -86 -77 
2016-05-19 21:15:05.703586 -70 -74 -75 -67 -72 
2016-05-19 21:15:06.031756 -76 -84 -72 -70 -81 
2016-05-19 21:15:06.139646 -75 -75 -75 -65 -76 
2016-05-19 21:15:06.330664 -74 -87 -73 -70 -77 
2016-05-19 21:15:06.438680 -78 -77 -70 -71 -77 
2016-05-19 21:15:06.549699 -71 -80 -80 -57 -81 
2016-05-19 21:15:06.659714 -75 -73 -78 -73 -76 
2016-05-19 21:15:06.862736 -75 -74 -75 -68 -76 
2016-05-19 21:15:06.965747 -67 -78 -74 -65 -79 
2016-05-19 21:15:07.073763 -71 -73 -71 -77 -80 
2016-05-19 21:15:07.176776 -66 -77 -75 -65 -81 
2016-05-19 21:15:07.460811 -71 -75 -70 -72 -85 
2016-05-19 21:15:07.596832 -77 -76 -82 -75 -75 
2016-05-19 21:15:07.901871 -76 -85 -76 -63 -81 
2016-05-19 21:15:08.112899 -73 -82 -77 -61 -79 
2016-05-19 21:15:08.224042 -68 -81 -76 -59 -83 
2016-05-19 21:15:08.433941 -74 -78 -80 -63 -77 
2016-05-19 21:15:08.536954 -74 -73 -69 -70 -77 
2016-05-19 21:15:08.742981 -75 -74 -76 -74 -77 
2016-05-19 21:15:08.953009 -74 -76 -74 -71 -81 
2016-05-19 21:15:09.071022 -75 -78 -74 -69 -78 
2016-05-19 21:15:09.244046 -69 -83 -69 -74 -82 
2016-05-19 21:15:09.453074 -70 -75 -74 -71 -82 
2016-05-19 21:15:09.554088 -81 -72 -76 -71 -83 
2016-05-19 21:15:09.663102 -69 -75 -69 -63 -79 
2016-05-19 21:15:09.878130 -76 -75 -70 -67 -79 
2016-05-19 21:15:09.983143 -78 -75 -71 -71 -76 
2016-05-19 21:15:10.091155 -67 -75 -78 -64 -80 
2016-05-19 21:15:10.193170 -83 -74 -69 -71 -81 
2016-05-19 21:15:10.407200 -74 -72 -70 -66 -80 
2016-05-19 21:15:10.514213 -68 -74 -66 -61 -81 
2016-05-19 21:15:10.633228 -70 -83 -71 -67 -85 
2016-05-19 21:15:10.741240 -70 -72 -84 -64 -83 
2016-05-19 21:15:10.923266 -72 -71 -78 -63 -81 
2016-05-19 21:15:11.132294 -70 -71 -75 -63 -78 
2016-05-19 21:15:11.240437 -77 -71 -70 -71 -81 
2016-05-19 21:15:11.376455 -77 -77 -75 -62 -79 
2016-05-19 21:15:11.544477 -73 -71 -70 -62 -87 
2016-05-19 21:15:11.754375 -75 -75 -73 -62 -79 
2016-05-19 21:15:11.909395 -77 -78 -69 -77 -80 
2016-05-19 21:15:12.013409 -74 -84 -76 -64 -84 
2016-05-19 21:15:12.116420 -80 -77 -70 -75 -79 
2016-05-19 21:15:12.224565 -75 -84 -77 -64 -85 
2016-05-19 21:15:12.597485 -68 -80 -73 -66 -83 
2016-05-19 21:15:12.801512 -71 -78 -79 -62 -83 
2016-05-19 21:15:13.013539 -71 -76 -79 -66 -81 
2016-05-19 21:15:13.121552 -76 -79 -90 -61 -84 
2016-05-19 21:15:13.333581 -72 -77 -72 -67 -82 
2016-05-19 21:15:13.439595 -67 -77 -69 -59 -85 
2016-05-19 21:15:13.542608 -77 -80 -75 -71 -82 
2016-05-19 21:15:13.645625 -80 -78 -70 -61 -87 
2016-05-19 21:15:13.797641 -79 -78 -79 -71 -84 
2016-05-19 21:15:13.991665 -66 -78 -70 -75 -88 
2016-05-19 21:17:07.797533 -77 -64 -70 -63 -78 
2016-05-19 21:17:08.104572 -67 -67 -67 -64 -73 
2016-05-19 21:17:08.209588 -76 -72 -66 -59 -68 
2016-05-19 21:17:08.320612 -62 -64 -67 -60 -66 
2016-05-19 21:17:08.633649 -69 -69 -68 -61 -69 
2016-05-19 21:17:08.849677 -73 -67 -63 -62 -72 
2016-05-19 21:17:08.955697 -69 -74 -78 -62 -75 
2016-05-19 21:17:09.161740 -72 -74 -63 -62 -69 
2016-05-19 21:17:09.271788 -75 -71 -72 -57 -69 
2016-05-19 21:17:09.378738 -69 -68 -70 -62 -62 
2016-05-19 21:17:09.578765 -64 -69 -63 -62 -68 
2016-05-19 21:17:09.682778 -66 -71 -75 -60 -68 
2016-05-19 21:17:09.789792 -77 -69 -63 -62 -73 
2016-05-19 21:17:09.894805 -63 -79 -72 -59 -68 
2016-05-19 21:17:10.002823 -79 -68 -63 -62 -71 
2016-05-19 21:17:10.212847 -73 -76 -67 -60 -68 
2016-05-19 21:17:10.422883 -65 -70 -77 -62 -69 
2016-05-19 21:17:10.536026 -62 -80 -63 -61 -66 
2016-05-19 21:17:10.640907 -66 -73 -73 -61 -73 
2016-05-19 21:17:10.931939 -62 -74 -66 -59 -70 
2016-05-19 21:17:11.143971 -61 -73 -75 -61 -71 
2016-05-19 21:17:11.351000 -67 -70 -67 -61 -70 
2016-05-19 21:17:11.462008 -72 -67 -66 -62 -70 
2016-05-19 21:17:11.767048 -71 -59 -65 -68 -67 
2016-05-19 21:17:11.875065 -68 -62 -84 -64 -73 
2016-05-19 21:17:12.165103 -77 -57 -59 -67 -65 
2016-05-19 21:17:12.310122 -65 -59 -63 -65 -68 
2016-05-19 21:17:12.419182 -69 -62 -62 -58 -65 
2016-05-19 21:17:12.581161 -65 -61 -62 -85 -71 
2016-05-19 21:17:12.931208 -67 -59 -68 -61 -70 
2016-05-19 21:17:13.139239 -80 -57 -61 -63 -66 
2016-05-19 21:17:13.245243 -69 -62 -66 -65 -70 
2016-05-19 21:17:13.422271 -67 -68 -62 -63 -69 
2016-05-19 21:17:13.542287 -68 -63 -66 -63 -70 
2016-05-19 21:17:13.647300 -73 -57 -62 -61 -70 
2016-05-19 21:17:13.862329 -71 -60 -68 -59 -71 
2016-05-19 21:17:13.969357 -65 -64 -62 -59 -61 
2016-05-19 21:17:14.078360 -66 -64 -64 -54 -66 
2016-05-19 21:17:14.263384 -65 -65 -60 -56 -65 
2016-05-19 21:17:14.383400 -66 -66 -63 -56 -64 
2016-05-19 21:17:14.499416 -72 -64 -61 -56 -63 
2016-05-19 21:17:14.606434 -65 -64 -65 -58 -64 
2016-05-19 21:17:14.805454 -65 -60 -64 -56 -66 
2016-05-19 21:17:15.126501 -70 -61 -60 -54 -72 
2016-05-19 21:17:15.317518 -68 -59 -59 -58 -76 
676
