10 Peores
   43.2320    1.0000    5.0000    4.0000    5.0000    3.0000
   44.4751    1.0000    2.0000    4.0000    5.0000    3.0000
   44.5270    1.0000    5.0000    4.0000    5.0000    5.0000
   44.5442    1.0000    3.0000    4.0000    5.0000    3.0000
   44.5752    1.0000    3.0000    4.0000    2.0000    3.0000
   44.6954    1.0000    2.0000    5.0000    5.0000    3.0000
   44.9586    1.0000    5.0000    4.0000    2.0000    3.0000
   45.1061    1.0000    5.0000    5.0000    5.0000    3.0000
   45.3496    1.0000    2.0000    4.0000    5.0000    5.0000
   45.5852    1.0000    5.0000    5.0000    2.0000    3.0000

10 Mejores
   75.2562    5.0000    1.0000    2.0000    6.0000    1.0000
   75.3194    5.0000    1.0000    2.0000    1.0000    1.0000
   75.4248    4.0000    1.0000    2.0000    3.0000    2.0000
   75.6209    4.0000    4.0000    2.0000    3.0000    1.0000
   75.6280    5.0000    4.0000    2.0000    1.0000    1.0000
   75.9422    4.0000    4.0000    2.0000    1.0000    1.0000
   75.9615    3.0000    1.0000    2.0000    1.0000    1.0000
   76.8627    4.0000    1.0000    2.0000    3.0000    4.0000
   77.2270    4.0000    1.0000    2.0000    6.0000    1.0000
   77.4497    4.0000    1.0000    2.0000    1.0000    4.0000
   77.8894    4.0000    1.0000    2.0000    1.0000    1.0000