2016-05-19 23:02:36.485015 -78 -59 -72 -61 -67 
2016-05-19 23:02:36.697039 -76 -65 -74 -64 -70 
2016-05-19 23:02:36.869061 -70 -61 -67 -60 -60 
2016-05-19 23:02:36.973074 -69 -61 -67 -65 -91 
2016-05-19 23:02:37.122094 -73 -68 -66 -57 -67 
2016-05-19 23:02:37.318129 -74 -63 -74 -61 -64 
2016-05-19 23:02:37.499143 -73 -61 -69 -60 -65 
2016-05-19 23:02:37.604157 -78 -57 -75 -72 -74 
2016-05-19 23:02:37.740178 -80 -59 -67 -71 -75 
2016-05-19 23:02:37.865194 -74 -65 -72 -65 -82 
2016-05-19 23:02:37.967205 -70 -58 -74 -69 -69 
2016-05-19 23:02:38.166228 -72 -63 -70 -66 -72 
2016-05-19 23:02:38.374259 -68 -60 -74 -62 -71 
2016-05-19 23:02:38.482271 -69 -63 -67 -54 -71 
2016-05-19 23:02:38.591283 -68 -57 -78 -63 -66 
2016-05-19 23:02:38.691296 -71 -64 -63 -68 -83 
2016-05-19 23:02:38.897326 -71 -62 -69 -61 -72 
2016-05-19 23:02:39.105356 -86 -61 -69 -61 -75 
2016-05-19 23:02:39.208366 -62 -60 -77 -61 -67 
2016-05-19 23:02:39.426392 -62 -63 -71 -68 -68 
2016-05-19 23:02:39.514406 -74 -68 -69 -66 -71 
2016-05-19 23:02:39.717432 -66 -65 -70 -66 -71 
2016-05-19 23:02:39.931458 -66 -71 -73 -63 -73 
2016-05-19 23:02:40.138493 -67 -68 -76 -62 -74 
2016-05-19 23:02:40.565547 -70 -71 -67 -60 -71 
2016-05-19 23:02:40.668562 -67 -61 -73 -57 -68 
2016-05-19 23:02:40.788573 -66 -59 -68 -63 -67 
2016-05-19 23:02:40.892586 -66 -63 -72 -57 -65 
2016-05-19 23:02:41.091609 -65 -58 -67 -64 -65 
2016-05-19 23:02:41.195629 -75 -64 -73 -66 -71 
2016-05-19 23:02:41.403675 -69 -63 -68 -63 -71 
2016-05-19 23:02:41.628683 -66 -58 -68 -59 -66 
2016-05-19 23:02:41.732696 -75 -52 -69 -71 -69 
2016-05-19 23:02:41.837710 -74 -61 -70 -56 -77 
2016-05-19 23:02:42.038865 -74 -61 -68 -61 -70 
2016-05-19 23:02:42.239773 -64 -60 -68 -64 -78 
2016-05-19 23:02:42.463792 -67 -61 -69 -57 -74 
2016-05-19 23:02:42.978859 -65 -56 -70 -61 -86 
2016-05-19 23:02:43.184885 -64 -60 -68 -70 -70 
2016-05-19 23:02:43.406913 -69 -57 -69 -65 -78 
2016-05-19 23:02:43.515933 -80 -61 -67 -58 -70 
2016-05-19 23:02:43.721956 -69 -60 -70 -60 -77 
2016-05-19 23:02:43.827971 -67 -65 -66 -56 -72 
2016-05-19 23:02:44.233022 -67 -61 -68 -57 -70 
2016-05-19 23:02:44.342042 -67 -59 -73 -70 -72 
2016-05-19 23:02:44.556079 -69 -62 -67 -63 -75 
2016-05-19 23:02:44.659086 -70 -62 -74 -56 -71 
2016-05-19 23:02:44.856115 -72 -58 -70 -67 -74 
2016-05-19 23:02:45.061143 -70 -59 -69 -59 -70 
2016-05-19 23:02:45.170152 -71 -55 -66 -78 -72 
2016-05-19 23:02:45.274166 -65 -62 -66 -55 -73 
2016-05-19 23:02:45.478193 -71 -62 -72 -69 -72 
2016-05-19 23:02:45.689220 -71 -80 -76 -59 -73 
2016-05-19 23:02:46.024264 -72 -58 -66 -62 -72 
2016-05-19 23:02:46.235291 -66 -64 -68 -61 -73 
2016-05-19 23:02:46.444319 -70 -62 -68 -74 -69 
2016-05-19 23:02:46.552330 -67 -57 -75 -57 -75 
2016-05-19 23:02:46.659347 -65 -87 -67 -62 -79 
2016-05-19 23:02:46.955386 -65 -77 -72 -57 -72 
2016-05-19 23:02:47.064400 -79 -55 -65 -70 -75 
2016-05-19 23:02:47.191423 -71 -52 -66 -62 -78 
2016-05-19 23:02:47.501455 -74 -59 -72 -57 -72 
2016-05-19 23:02:47.699476 -70 -59 -72 -69 -74 
2016-05-19 23:02:47.826495 -67 -70 -67 -64 -74 
2016-05-19 23:02:48.035519 -72 -59 -67 -68 -78 
2016-05-19 23:02:48.248548 -71 -58 -69 -62 -76 
2016-05-19 23:02:48.363562 -75 -60 -68 -64 -74 
2016-05-19 23:02:48.733612 -70 -70 -65 -62 -77 
2016-05-19 23:02:48.886634 -65 -66 -67 -57 -72 
2016-05-19 23:02:48.992641 -69 -67 -65 -65 -77 
2016-05-19 23:02:49.199673 -71 -60 -70 -62 -70 
2016-05-19 23:02:49.417704 -69 -57 -69 -67 -77 
2016-05-19 23:02:49.621739 -69 -70 -74 -73 -71 
2016-05-19 23:02:50.037789 -77 -70 -67 -68 -75 
2016-05-19 23:02:50.193808 -67 -66 -74 -68 -75 
2016-05-19 23:02:50.398835 -88 -70 -75 -63 -77 
2016-05-19 23:02:50.499849 -73 -59 -65 -68 -69 
2016-05-19 23:02:50.785886 -71 -67 -67 -66 -67 
2016-05-19 23:02:50.893900 -64 -71 -64 -57 -73 
2016-05-19 23:02:51.102924 -84 -67 -62 -62 -74 
2016-05-19 23:02:51.285951 -70 -61 -63 -70 -75 
2016-05-19 23:02:51.384984 -72 -66 -70 -68 -77 
2016-05-19 23:02:51.493979 -71 -66 -65 -71 -77 
2016-05-19 23:02:51.632007 -73 -72 -75 -66 -69 
2016-05-19 23:02:51.811013 -65 -74 -73 -65 -68 
2016-05-19 23:02:52.018036 -70 -66 -64 -69 -69 
2016-05-19 23:02:52.142060 -66 -69 -64 -65 -72 
2016-05-19 23:02:52.347087 -66 -65 -68 -66 -70 
2016-05-19 23:02:52.451096 -67 -61 -62 -60 -77 
2016-05-19 23:02:52.652127 -77 -61 -78 -63 -73 
2016-05-19 23:02:52.793139 -72 -60 -74 -75 -79 
2016-05-19 23:02:52.896283 -66 -58 -70 -63 -74 
2016-05-19 23:02:53.104183 -70 -56 -65 -65 -71 
2016-05-19 23:02:53.319211 -69 -54 -81 -65 -66 
2016-05-19 23:02:53.624388 -68 -54 -64 -64 -65 
2016-05-19 23:02:53.927292 -66 -70 -68 -76 -71 
2016-05-19 23:02:54.064308 -61 -56 -65 -72 -67 
2016-05-19 23:02:54.169320 -62 -55 -84 -62 -71 
2016-05-19 23:02:54.274335 -60 -59 -67 -60 -69 
2016-05-19 23:02:54.455358 -64 -74 -68 -62 -75 
2016-05-19 23:02:54.664387 -71 -57 -66 -62 -68 
2016-05-19 23:02:54.874412 -64 -59 -74 -61 -64 
2016-05-19 23:02:55.083437 -75 -60 -67 -60 -69 
2016-05-19 23:02:55.201455 -63 -58 -69 -61 -63 
2016-05-19 23:02:55.303466 -71 -64 -70 -57 -64 
2016-05-19 23:02:55.407487 -80 -62 -81 -65 -62 
2016-05-19 23:02:55.828542 -69 -62 -75 -64 -65 
2016-05-19 23:02:55.931551 -66 -58 -68 -64 -66 
2016-05-19 23:02:56.140578 -68 -57 -72 -65 -63 
2016-05-19 23:02:56.245591 -67 -64 -76 -70 -69 
2016-05-19 23:02:56.428613 -66 -64 -70 -57 -64 
2016-05-19 23:02:56.581635 -67 -54 -68 -62 -68 
2016-05-19 23:02:56.685649 -60 -56 -65 -61 -63 
2016-05-19 23:02:56.791663 -79 -54 -71 -68 -68 
2016-05-19 23:02:57.182718 -65 -53 -69 -61 -60 
2016-05-19 23:02:57.284727 -71 -52 -75 -60 -68 
2016-05-19 23:02:57.601769 -70 -58 -68 -63 -62 
2016-05-19 23:02:57.706782 -72 -56 -65 -62 -62 
2016-05-19 23:02:57.900808 -66 -59 -67 -59 -61 
2016-05-19 23:02:58.106835 -66 -68 -65 -60 -70 
2016-05-19 23:02:58.208978 -68 -62 -67 -66 -78 
2016-05-19 23:02:58.315862 -69 -62 -65 -60 -64 
2016-05-19 23:02:58.423873 -67 -66 -65 -60 -77 
2016-05-19 23:02:58.528887 -62 -61 -62 -67 -65 
2016-05-19 23:02:58.729045 -66 -71 -74 -67 -72 
2016-05-19 23:02:58.845931 -70 -62 -67 -63 -70 
2016-05-19 23:02:59.041959 -65 -59 -65 -63 -69 
2016-05-19 23:02:59.143967 -61 -52 -67 -55 -83 
2016-05-19 23:02:59.313989 -64 -52 -68 -61 -73 
2016-05-19 23:02:59.419003 -67 -58 -67 -64 -69 
2016-05-19 23:02:59.529151 -62 -58 -63 -62 -75 
2016-05-19 23:02:59.796057 -67 -56 -65 -62 -83 
2016-05-19 23:02:59.905071 -67 -52 -65 -58 -69 
2016-05-19 23:03:00.062090 -66 -57 -71 -64 -65 
2016-05-19 23:03:00.167103 -67 -58 -59 -63 -67 
2016-05-19 23:03:00.268122 -72 -61 -65 -71 -69 
2016-05-19 23:03:00.370130 -68 -68 -60 -60 -72 
2016-05-19 23:03:00.636165 -81 -64 -68 -60 -72 
2016-05-19 23:03:00.740179 -69 -62 -76 -59 -69 
2016-05-19 23:03:00.846192 -70 -62 -69 -71 -64 
2016-05-19 23:03:00.944202 -70 -62 -59 -75 -74 
2016-05-19 23:03:01.052220 -72 -61 -70 -61 -62 
2016-05-19 23:03:01.155233 -68 -62 -68 -68 -86 
2016-05-19 23:03:01.256246 -74 -62 -69 -62 -64 
2016-05-19 23:03:01.377391 -69 -59 -68 -63 -65 
2016-05-19 23:03:01.483279 -71 -61 -61 -66 -72 
2016-05-19 23:03:01.685302 -69 -65 -67 -77 -63 
2016-05-19 23:03:01.787316 -67 -63 -72 -61 -69 
2016-05-19 23:03:02.209500 -69 -68 -68 -67 -72 
2016-05-19 23:03:02.318391 -68 -63 -65 -64 -72 
2016-05-19 23:03:05.907854 -66 -61 -70 -62 -65 
2016-05-19 23:03:06.008872 -77 -51 -71 -59 -83 
2016-05-19 23:03:06.108883 -72 -54 -64 -52 -68 
2016-05-19 23:03:06.297936 -64 -53 -69 -55 -72 
2016-05-19 23:03:06.539933 -67 -61 -66 -70 -62 
2016-05-19 23:03:06.752964 -68 -62 -69 -55 -62 
2016-05-19 23:03:06.928995 -62 -75 -74 -58 -63 
2016-05-19 23:03:07.138151 -67 -80 -71 -59 -64 
2016-05-19 23:03:07.349046 -72 -62 -73 -63 -72 
2016-05-19 23:03:07.558107 -66 -67 -75 -63 -66 
2016-05-19 23:03:07.663090 -73 -71 -66 -62 -56 
2016-05-19 23:03:07.772098 -71 -66 -69 -63 -65 
2016-05-19 23:03:07.875107 -76 -64 -68 -57 -62 
2016-05-19 23:03:07.974128 -71 -64 -71 -69 -66 
2016-05-19 23:03:08.105137 -67 -81 -68 -54 -68 
2016-05-19 23:03:08.228162 -67 -77 -82 -68 -68 
2016-05-19 23:03:08.334175 -68 -67 -67 -54 -75 
2016-05-19 23:03:08.442186 -71 -62 -69 -68 -69 
2016-05-19 23:03:08.544202 -68 -63 -67 -56 -74 
2016-05-19 23:03:08.647212 -85 -66 -71 -63 -65 
2016-05-19 23:03:08.752226 -70 -67 -71 -66 -72 
2016-05-19 23:03:08.913246 -69 -63 -68 -62 -67 
2016-05-19 23:03:09.030259 -65 -61 -74 -59 -66 
2016-05-19 23:03:09.239293 -72 -59 -69 -57 -63 
2016-05-19 23:03:09.344307 -62 -72 -74 -63 -68 
2016-05-19 23:03:09.449320 -61 -62 -69 -69 -78 
2016-05-19 23:03:09.617338 -71 -63 -64 -61 -63 
2016-05-19 23:03:09.751356 -63 -62 -66 -72 -62 
2016-05-19 23:03:09.963383 -68 -59 -73 -59 -66 
2016-05-19 23:03:10.266425 -78 -64 -66 -64 -65 
2016-05-19 23:03:10.485449 -65 -65 -79 -63 -72 
2016-05-19 23:03:10.589469 -60 -59 -66 -55 -71 
2016-05-19 23:03:10.795489 -65 -62 -67 -58 -67 
2016-05-19 23:03:10.901507 -64 -63 -80 -56 -62 
2016-05-19 23:03:11.007520 -67 -67 -84 -62 -66 
2016-05-19 23:03:11.157539 -65 -66 -77 -56 -65 
2016-05-19 23:03:11.368587 -71 -62 -75 -60 -70 
2016-05-19 23:03:11.521588 -69 -65 -68 -57 -64 
2016-05-19 23:03:11.698739 -78 -65 -74 -60 -70 
2016-05-19 23:03:11.917638 -69 -70 -62 -61 -68 
2016-05-19 23:03:12.026655 -82 -71 -89 -58 -65 
2016-05-19 23:03:12.237680 -77 -69 -71 -57 -70 
2016-05-19 23:03:12.462710 -69 -64 -62 -60 -68 
2016-05-19 23:03:12.733746 -68 -66 -73 -61 -73 
2016-05-19 23:03:12.841760 -72 -76 -65 -60 -59 
2016-05-19 23:03:12.980775 -70 -63 -64 -63 -60 
2016-05-19 23:03:13.180801 -64 -69 -76 -62 -66 
2016-05-19 23:03:13.282819 -80 -78 -65 -57 -63 
2016-05-19 23:03:13.408853 -65 -65 -63 -58 -77 
2016-05-19 23:03:13.514976 -77 -65 -68 -64 -65 
2016-05-19 23:03:13.720872 -69 -68 -59 -65 -66 
2016-05-19 23:03:13.826891 -72 -66 -64 -59 -75 
2016-05-19 23:03:14.033915 -71 -65 -67 -65 -71 
2016-05-19 23:03:14.140927 -71 -64 -73 -58 -68 
2016-05-19 23:03:14.243943 -72 -65 -66 -66 -76 
2016-05-19 23:03:14.412972 -72 -63 -75 -64 -72 
2016-05-19 23:03:14.655008 -72 -66 -66 -57 -70 
2016-05-19 23:03:14.966041 -70 -69 -64 -63 -77 
2016-05-19 23:03:15.069058 -75 -62 -66 -71 -70 
2016-05-19 23:03:15.171203 -67 -63 -60 -60 -75 
2016-05-19 23:03:15.297087 -68 -68 -60 -61 -71 
2016-05-19 23:03:15.450111 -77 -69 -77 -65 -68 
2016-05-19 23:03:15.717146 -72 -63 -60 -59 -69 
2016-05-19 23:03:15.825153 -72 -66 -79 -68 -74 
2016-05-19 23:03:16.115316 -71 -63 -70 -63 -67 
2016-05-19 23:03:16.220209 -71 -63 -65 -76 -83 
2016-05-19 23:03:16.502239 -68 -62 -71 -67 -59 
2016-05-19 23:03:16.711266 -68 -62 -67 -59 -68 
2016-05-19 23:03:16.872286 -61 -64 -61 -58 -77 
2016-05-19 23:03:16.980303 -66 -61 -65 -53 -64 
2016-05-19 23:03:17.083442 -66 -65 -65 -74 -68 
2016-05-19 23:03:17.557375 -64 -63 -68 -64 -65 
2016-05-19 23:03:17.659391 -69 -59 -82 -63 -69 
2016-05-19 23:03:17.775407 -68 -61 -69 -55 -68 
2016-05-19 23:03:17.880421 -70 -59 -65 -51 -67 
2016-05-19 23:03:17.985434 -62 -64 -75 -70 -63 
2016-05-19 23:03:18.127450 -59 -64 -64 -66 -77 
2016-05-19 23:03:18.230467 -64 -61 -63 -69 -64 
2016-05-19 23:03:18.509500 -65 -63 -71 -61 -71 
2016-05-19 23:03:18.618533 -62 -65 -65 -54 -64 
2016-05-19 23:03:18.821538 -74 -64 -70 -63 -61 
2016-05-19 23:03:18.993564 -64 -65 -64 -62 -62 
2016-05-19 23:03:19.099706 -68 -66 -71 -68 -66 
2016-05-19 23:03:19.384622 -62 -67 -66 -64 -65 
2016-05-19 23:03:19.693654 -61 -71 -61 -68 -64 
2016-05-19 23:03:20.010699 -67 -67 -68 -58 -67 
2016-05-19 23:03:20.111706 -63 -77 -71 -55 -63 
2016-05-19 23:03:20.315741 -67 -72 -63 -66 -62 
2016-05-19 23:03:20.421746 -64 -80 -63 -59 -65 
2016-05-19 23:03:20.609773 -73 -68 -69 -58 -64 
2016-05-19 23:03:20.805804 -57 -67 -65 -53 -67 
2016-05-19 23:03:20.911811 -62 -58 -61 -53 -75 
2016-05-19 23:03:21.090841 -64 -64 -68 -64 -67 
2016-05-19 23:03:21.582901 -62 -63 -57 -67 -67 
2016-05-19 23:03:21.693916 -56 -67 -69 -65 -71 
2016-05-19 23:03:21.901941 -64 -71 -64 -63 -65 
2016-05-19 23:03:22.053963 -70 -63 -59 -69 -66 
2016-05-19 23:03:22.156980 -61 -63 -55 -62 -77 
2016-05-19 23:03:22.265994 -67 -64 -81 -57 -67 
2016-05-19 23:03:22.344003 -60 -67 -68 -51 -71 
2016-05-19 23:03:22.533025 -62 -72 -59 -54 -69 
2016-05-19 23:03:22.847068 -67 -63 -67 -53 -66 
2016-05-19 23:03:23.165108 -63 -76 -66 -50 -65 
2016-05-19 23:03:23.272120 -60 -69 -71 -49 -61 
2016-05-19 23:03:23.382134 -61 -69 -77 -59 -64 
2016-05-19 23:03:23.483149 -65 -68 -69 -48 -60 
2016-05-19 23:03:23.941213 -61 -64 -65 -53 -59 
2016-05-19 23:03:24.106235 -65 -62 -70 -54 -61 
2016-05-19 23:03:24.207241 -63 -71 -64 -61 -59 
2016-05-19 23:03:24.357268 -74 -61 -68 -64 -60 
2016-05-19 23:03:24.546301 -66 -67 -65 -54 -63 
2016-05-19 23:03:24.723318 -61 -62 -72 -62 -64 
2016-05-19 23:03:24.879340 -62 -63 -62 -59 -63 
2016-05-19 23:03:25.053363 -65 -62 -62 -58 -63 
2016-05-19 23:03:25.154375 -71 -66 -62 -60 -69 
2016-05-19 23:03:25.256393 -62 -61 -65 -51 -69 
2016-05-19 23:03:25.470417 -64 -62 -65 -56 -71 
2016-05-19 23:03:25.571435 -68 -68 -75 -52 -73 
2016-05-19 23:03:25.880470 -72 -63 -56 -58 -64 
2016-05-19 23:03:25.991496 -60 -68 -68 -58 -63 
2016-05-19 23:03:26.099499 -68 -63 -71 -69 -64 
2016-05-19 23:03:26.520553 -64 -64 -73 -63 -66 
2016-05-19 23:03:26.728581 -63 -61 -72 -66 -69 
2016-05-19 23:03:26.942606 -65 -62 -63 -63 -69 
2016-05-19 23:03:27.092618 -63 -65 -60 -63 -73 
2016-05-19 23:03:27.200634 -63 -76 -60 -59 -71 
2016-05-19 23:03:27.307645 -64 -65 -67 -63 -70 
2016-05-19 23:03:27.411666 -66 -83 -60 -53 -75 
2016-05-19 23:03:27.523677 -67 -63 -60 -65 -68 
2016-05-19 23:03:27.733704 -65 -61 -61 -59 -66 
2016-05-19 23:03:27.834718 -63 -63 -63 -49 -71 
2016-05-19 23:03:28.145758 -64 -62 -62 -57 -63 
2016-05-19 23:03:28.278775 -68 -62 -63 -48 -67 
2016-05-19 23:03:28.380917 -59 -60 -59 -55 -60 
2016-05-19 23:03:28.486806 -65 -66 -64 -62 -66 
2016-05-19 23:03:28.590816 -67 -63 -60 -56 -65 
2016-05-19 23:03:28.694829 -66 -64 -63 -51 -68 
2016-05-19 23:03:28.803845 -63 -62 -60 -71 -66 
2016-05-19 23:03:28.909008 -58 -66 -65 -52 -64 
2016-05-19 23:03:29.018872 -62 -66 -61 -55 -62 
2016-05-19 23:03:29.119885 -59 -64 -63 -51 -63 
2016-05-19 23:03:29.246905 -66 -66 -65 -52 -67 
2016-05-19 23:03:29.543941 -60 -66 -66 -56 -62 
2016-05-19 23:03:29.653084 -64 -66 -65 -57 -69 
2016-05-19 23:03:29.820015 -63 -73 -62 -55 -68 
2016-05-19 23:03:29.926995 -63 -60 -66 -64 -62 
2016-05-19 23:03:30.038003 -66 -75 -60 -59 -62 
2016-05-19 23:03:30.137023 -64 -65 -59 -62 -63 
2016-05-19 23:03:30.455060 -68 -67 -67 -63 -66 
2016-05-19 23:03:30.657090 -66 -61 -72 -60 -72 
2016-05-19 23:03:30.782130 -57 -65 -67 -56 -68 
2016-05-19 23:03:30.988133 -53 -65 -71 -59 -69 
2016-05-19 23:03:31.203156 -60 -65 -67 -58 -65 
2016-05-19 23:03:31.450191 -73 -66 -83 -67 -67 
2016-05-19 23:03:31.618215 -80 -69 -71 -66 -66 
2016-05-19 23:03:31.757235 -64 -72 -74 -65 -66 
2016-05-19 23:03:31.860258 -66 -65 -70 -70 -74 
2016-05-19 23:03:32.038269 -67 -65 -72 -75 -83 
2016-05-19 23:03:32.147285 -73 -70 -80 -66 -83 
2016-05-19 23:03:32.350317 -71 -70 -71 -66 -74 
2016-05-19 23:03:32.602349 -73 -69 -66 -66 -68 
2016-05-19 23:03:32.911410 -67 -70 -75 -62 -74 
2016-05-19 23:03:33.019399 -66 -70 -77 -74 -86 
2016-05-19 23:03:33.121408 -69 -61 -68 -61 -72 
2016-05-19 23:03:33.307436 -68 -66 -72 -69 -66 
2016-05-19 23:03:33.508461 -69 -65 -73 -69 -63 
316
