2016-05-19 21:53:07.429332 -78 -75 -77 -78 -76 
2016-05-19 21:53:07.749373 -73 -77 -86 -78 -75 
2016-05-19 21:53:07.854388 -84 -72 -72 -72 -82 
2016-05-19 21:53:08.010408 -80 -84 -80 -75 -75 
2016-05-19 21:53:08.122419 -71 -87 -73 -71 -81 
2016-05-19 21:53:08.337447 -74 -76 -74 -70 -78 
2016-05-19 21:53:08.440464 -78 -72 -74 -82 -77 
2016-05-19 21:53:08.546484 -81 -75 -84 -78 -76 
2016-05-19 21:53:08.758506 -82 -79 -80 -76 -76 
2016-05-19 21:53:08.974534 -78 -77 -76 -69 -80 
2016-05-19 21:53:09.207561 -79 -76 -75 -73 -75 
2016-05-19 21:53:09.345590 -75 -69 -82 -72 -77 
2016-05-19 21:53:09.456601 -74 -72 -75 -70 -77 
2016-05-19 21:53:09.650622 -79 -72 -80 -69 -79 
2016-05-19 21:53:09.865653 -72 -72 -83 -74 -75 
2016-05-19 21:53:10.079678 -70 -78 -84 -74 -77 
2016-05-19 21:53:10.225697 -73 -75 -84 -73 -77 
2016-05-19 21:53:10.477727 -71 -77 -81 -72 -78 
2016-05-19 21:53:10.578743 -72 -74 -81 -66 -74 
2016-05-19 21:53:10.954792 -73 -77 -84 -75 -71 
2016-05-19 21:53:11.062804 -74 -73 -79 -75 -83 
2016-05-19 21:53:11.164813 -73 -77 -89 -72 -70 
2016-05-19 21:53:11.269826 -76 -76 -77 -81 -76 
2016-05-19 21:53:11.542860 -74 -77 -80 -73 -74 
2016-05-19 21:53:11.681884 -78 -75 -82 -71 -75 
2016-05-19 21:53:11.791898 -74 -76 -78 -67 -81 
2016-05-19 21:53:11.898908 -81 -76 -75 -71 -75 
2016-05-19 21:53:12.103935 -84 -74 -76 -68 -74 
2016-05-19 21:53:12.208949 -74 -71 -81 -68 -76 
2016-05-19 21:53:12.308962 -75 -78 -76 -79 -70 
2016-05-19 21:53:12.412973 -76 -72 -82 -72 -73 
2016-05-19 21:53:12.731017 -84 -77 -78 -77 -72 
2016-05-19 21:53:12.841031 -75 -70 -89 -71 -75 
2016-05-19 21:53:12.987055 -82 -81 -79 -79 -70 
2016-05-19 21:53:13.144071 -73 -75 -75 -69 -71 
2016-05-19 21:53:13.255086 -74 -80 -81 -68 -73 
2016-05-19 21:53:13.468110 -71 -79 -79 -68 -79 
2016-05-19 21:53:13.647141 -78 -77 -80 -71 -82 
2016-05-19 21:53:13.858161 -73 -75 -75 -73 -78 
2016-05-19 21:53:14.076193 -71 -82 -77 -76 -78 
2016-05-19 21:53:14.211210 -71 -69 -80 -75 -76 
2016-05-19 21:53:14.382236 -76 -69 -75 -78 -72 
2016-05-19 21:53:14.590260 -76 -85 -83 -75 -80 
2016-05-19 21:53:14.698271 -74 -77 -75 -72 -77 
2016-05-19 21:53:15.004314 -76 -74 -89 -71 -72 
2016-05-19 21:53:15.109328 -79 -70 -75 -73 -75 
2016-05-19 21:53:15.268345 -74 -73 -83 -72 -77 
2016-05-19 21:53:15.448369 -79 -77 -76 -75 -76 
2016-05-19 21:53:15.638394 -80 -83 -78 -76 -78 
2016-05-19 21:53:15.738407 -81 -70 -88 -73 -73 
2016-05-19 21:53:15.940436 -81 -78 -77 -73 -75 
2016-05-19 21:53:16.051451 -78 -78 -77 -75 -79 
2016-05-19 21:53:16.152468 -78 -88 -86 -70 -76 
2016-05-19 21:53:16.364492 -74 -74 -74 -71 -77 
2016-05-19 21:53:16.491508 -76 -69 -77 -69 -76 
2016-05-19 21:53:16.593519 -73 -87 -74 -72 -72 
2016-05-19 21:53:16.691534 -78 -78 -85 -75 -78 
2016-05-19 21:53:16.797552 -73 -87 -74 -69 -76 
2016-05-19 21:53:17.049581 -78 -69 -77 -77 -77 
2016-05-19 21:53:17.211602 -73 -79 -77 -71 -78 
2016-05-19 21:53:17.531643 -76 -78 -74 -73 -72 
2016-05-19 21:53:17.846685 -75 -74 -78 -71 -75 
2016-05-19 21:53:17.955705 -83 -77 -75 -71 -73 
2016-05-19 21:53:18.154725 -79 -78 -90 -66 -70 
2016-05-19 21:53:18.262743 -77 -75 -81 -74 -83 
2016-05-19 21:53:18.407762 -81 -84 -84 -78 -76 
2016-05-19 21:53:18.621786 -79 -78 -85 -73 -76 
2016-05-19 21:53:18.723797 -80 -72 -80 -69 -82 
2016-05-19 21:53:18.887825 -70 -73 -82 -70 -82 
2016-05-19 21:53:19.194861 -74 -72 -81 -69 -75 
2016-05-19 21:53:19.344881 -78 -90 -80 -73 -81 
2016-05-19 21:53:19.768934 -74 -75 -82 -69 -76 
2016-05-19 21:53:19.840946 -83 -83 -81 -76 -74 
2016-05-19 21:53:19.951961 -73 -69 -80 -69 -74 
2016-05-19 21:53:20.139985 -75 -77 -78 -70 -75 
2016-05-19 21:53:20.546038 -79 -76 -80 -70 -79 
2016-05-19 21:53:20.656052 -85 -73 -78 -69 -78 
2016-05-19 21:53:20.771067 -82 -74 -77 -73 -78 
2016-05-19 21:53:20.977094 -81 -66 -74 -74 -79 
2016-05-19 21:53:21.185124 -81 -76 -77 -86 -81 
2016-05-19 21:53:21.381147 -78 -71 -80 -75 -80 
2016-05-19 21:53:21.507187 -78 -76 -76 -77 -77 
2016-05-19 21:53:21.763201 -76 -76 -81 -73 -79 
2016-05-19 21:53:22.020230 -79 -68 -75 -76 -75 
2016-05-19 21:53:22.223261 -86 -67 -76 -73 -81 
2016-05-19 21:53:22.436292 -78 -70 -75 -72 -77 
2016-05-19 21:53:22.538310 -84 -73 -78 -68 -80 
2016-05-19 21:53:22.851346 -76 -71 -76 -74 -81 
2016-05-19 21:53:23.070375 -77 -69 -78 -76 -77 
2016-05-19 21:53:23.277402 -72 -74 -74 -72 -78 
2016-05-19 21:53:23.487430 -73 -71 -78 -75 -77 
2016-05-19 21:53:23.695456 -73 -70 -82 -76 -82 
2016-05-19 21:53:24.015506 -75 -69 -79 -76 -80 
2016-05-19 21:53:24.143520 -77 -72 -83 -72 -81 
2016-05-19 21:53:24.337540 -75 -75 -84 -72 -86 
2016-05-19 21:53:24.477559 -76 -73 -81 -71 -77 
2016-05-19 21:53:24.654579 -74 -75 -78 -73 -79 
2016-05-19 21:53:24.757595 -73 -75 -85 -75 -81 
2016-05-19 21:53:25.094636 -72 -71 -83 -73 -79 
2016-05-19 21:53:25.201653 -76 -70 -86 -71 -80 
2016-05-19 21:53:25.304663 -75 -71 -86 -75 -80 
2016-05-19 21:53:25.624706 -72 -73 -77 -69 -80 
2016-05-19 21:53:25.731723 -86 -75 -81 -74 -77 
2016-05-19 21:53:25.837736 -74 -75 -83 -66 -80 
2016-05-19 21:53:25.944747 -80 -70 -79 -71 -80 
2016-05-19 21:53:26.160779 -79 -75 -75 -70 -79 
2016-05-19 21:53:26.266793 -77 -78 -79 -68 -78 
2016-05-19 21:53:26.374803 -71 -69 -80 -71 -76 
2016-05-19 21:53:26.483825 -87 -76 -80 -70 -82 
2016-05-19 21:53:26.631840 -73 -70 -81 -71 -83 
2016-05-19 21:53:26.840868 -72 -73 -81 -68 -83 
2016-05-19 21:53:26.961883 -78 -77 -78 -70 -78 
2016-05-19 21:53:27.062896 -72 -69 -80 -69 -77 
2016-05-19 21:53:27.359932 -77 -75 -81 -72 -84 
2016-05-19 21:53:27.462948 -77 -68 -84 -69 -76 
2016-05-19 21:53:27.668980 -74 -69 -80 -71 -75 
2016-05-19 21:53:27.876003 -74 -68 -82 -72 -76 
2016-05-19 21:53:28.299063 -74 -73 -80 -70 -76 
2016-05-19 21:53:28.462082 -75 -74 -77 -69 -82 
2016-05-19 21:53:28.711111 -78 -74 -80 -74 -78 
2016-05-19 21:53:28.819131 -71 -72 -78 -73 -78 
2016-05-19 21:53:29.195171 -74 -71 -77 -72 -82 
2016-05-19 21:53:29.364202 -71 -72 -80 -71 -79 
2016-05-19 21:53:29.892266 -73 -68 -78 -68 -81 
2016-05-19 21:53:30.036285 -78 -68 -75 -69 -76 
2016-05-19 21:53:30.210304 -80 -64 -80 -73 -76 
2016-05-19 21:53:30.353326 -73 -72 -86 -71 -84 
2016-05-19 21:53:30.558354 -75 -73 -75 -74 -79 
2016-05-19 21:53:30.769385 -72 -71 -80 -75 -79 
2016-05-19 21:53:30.977408 -74 -76 -76 -73 -78 
2016-05-19 21:53:31.084427 -77 -79 -79 -72 -76 
2016-05-19 21:53:31.187435 -74 -69 -75 -74 -81 
2016-05-19 21:53:31.298450 -72 -77 -81 -72 -78 
2016-05-19 21:53:31.607483 -77 -69 -77 -73 -81 
2016-05-19 21:53:31.796508 -76 -69 -78 -73 -86 
2016-05-19 21:53:31.902522 -75 -66 -77 -73 -80 
2016-05-19 21:53:32.182558 -78 -68 -78 -72 -80 
2016-05-19 21:53:32.285569 -80 -72 -80 -86 -77 
2016-05-19 21:53:32.486605 -74 -71 -78 -74 -74 
2016-05-19 21:53:32.651626 -78 -71 -78 -73 -82 
2016-05-19 21:53:32.855650 -78 -83 -76 -71 -80 
2016-05-19 21:53:32.963667 -77 -67 -78 -67 -76 
2016-05-19 21:53:33.181695 -85 -63 -76 -69 -77 
2016-05-19 21:53:33.381722 -74 -63 -77 -65 -81 
2016-05-19 21:53:33.538742 -80 -71 -86 -66 -83 
2016-05-19 21:53:33.812778 -80 -71 -76 -73 -80 
2016-05-19 21:53:33.914795 -79 -74 -76 -78 -84 
2016-05-19 21:53:34.222832 -86 -75 -72 -70 -79 
2016-05-19 21:53:34.330843 -76 -70 -78 -81 -85 
2016-05-19 21:53:34.534877 -75 -68 -84 -71 -84 
2016-05-19 21:53:34.743899 -79 -66 -80 -71 -74 
2016-05-19 21:53:34.849919 -74 -64 -78 -69 -81 
2016-05-19 21:53:34.957928 -75 -66 -85 -79 -84 
2016-05-19 21:53:35.163955 -73 -73 -89 -70 -79 
2016-05-19 21:53:35.267968 -79 -69 -77 -73 -77 
2016-05-19 21:53:35.371982 -74 -71 -82 -69 -79 
2016-05-19 21:53:35.472995 -82 -76 -80 -67 -80 
2016-05-19 21:53:35.631012 -84 -79 -78 -84 -77 
2016-05-19 21:53:35.737029 -84 -69 -76 -69 -78 
2016-05-19 21:53:35.901048 -77 -70 -77 -71 -84 
2016-05-19 21:53:36.120084 -83 -74 -77 -68 -82 
2016-05-19 21:53:36.225098 -83 -75 -78 -81 -86 
2016-05-19 21:53:36.566139 -76 -77 -80 -71 -81 
2016-05-19 21:53:36.780171 -79 -79 -77 -66 -87 
2016-05-19 21:53:37.039198 -78 -77 -81 -69 -86 
2016-05-19 21:53:37.464255 -76 -76 -83 -69 -80 
2016-05-19 21:53:37.572273 -79 -71 -81 -68 -81 
2016-05-19 21:53:37.676282 -77 -76 -76 -72 -79 
2016-05-19 21:53:37.783296 -76 -68 -78 -68 -80 
2016-05-19 21:53:37.993324 -81 -78 -85 -70 -81 
2016-05-19 21:53:38.096345 -78 -84 -83 -79 -83 
2016-05-19 21:53:38.278361 -74 -90 -81 -69 -82 
2016-05-19 21:53:38.381372 -76 -75 -79 -67 -84 
2016-05-19 21:53:38.488389 -85 -74 -79 -67 -85 
2016-05-19 21:53:38.668412 -80 -76 -85 -66 -80 
2016-05-19 21:53:38.772426 -81 -80 -75 -69 -81 
2016-05-19 21:53:38.875447 -79 -76 -82 -66 -83 
2016-05-19 21:53:38.984453 -84 -85 -73 -71 -80 
2016-05-19 21:53:39.236485 -83 -79 -77 -67 -79 
2016-05-19 21:53:39.402509 -82 -78 -82 -65 -83 
2016-05-19 21:53:39.712548 -81 -75 -78 -66 -84 
2016-05-19 21:53:40.026587 -81 -68 -76 -68 -81 
2016-05-19 21:53:40.137604 -80 -69 -78 -67 -77 
2016-05-19 21:53:40.342631 -83 -78 -77 -66 -79 
2016-05-19 21:53:40.448645 -82 -73 -83 -74 -77 
2016-05-19 21:53:40.755701 -85 -71 -76 -68 -78 
2016-05-19 21:53:40.867700 -81 -72 -80 -67 -80 
2016-05-19 21:53:41.010724 -90 -81 -75 -67 -77 
2016-05-19 21:53:41.126730 -82 -68 -78 -71 -80 
2016-05-19 21:53:41.332761 -81 -76 -79 -69 -80 
2016-05-19 21:53:41.544788 -83 -70 -86 -69 -78 
2016-05-19 21:53:41.758816 -85 -74 -81 -69 -79 
2016-05-19 21:53:41.853828 -79 -71 -81 -66 -81 
2016-05-19 21:53:41.961839 -79 -69 -83 -71 -80 
2016-05-19 21:53:42.147866 -87 -69 -82 -69 -82 
2016-05-19 21:53:42.349893 -82 -74 -79 -69 -86 
2016-05-19 21:53:42.555925 -82 -76 -80 -71 -77 
2016-05-19 21:53:42.736940 -86 -83 -79 -70 -79 
2016-05-19 21:53:42.841954 -79 -70 -76 -71 -85 
2016-05-19 21:53:43.018981 -80 -88 -75 -71 -79 
2016-05-19 21:53:43.221012 -82 -78 -77 -70 -82 
2016-05-19 21:53:43.413032 -78 -72 -77 -67 -81 
2016-05-19 21:53:43.516050 -86 -74 -78 -71 -79 
2016-05-19 21:53:43.719072 -80 -75 -77 -71 -84 
2016-05-19 21:53:43.956108 -77 -70 -79 -70 -81 
2016-05-19 21:53:44.152125 -74 -68 -75 -74 -79 
2016-05-19 21:53:44.271149 -80 -71 -87 -79 -83 
2016-05-19 21:53:44.456175 -75 -70 -86 -83 -82 
2016-05-19 21:53:44.574184 -82 -65 -78 -65 -80 
2016-05-19 21:53:44.857217 -75 -70 -80 -69 -78 
2016-05-19 21:53:44.966240 -77 -69 -80 -73 -81 
2016-05-19 21:53:45.126261 -79 -76 -87 -71 -83 
2016-05-19 21:53:45.385282 -80 -70 -84 -71 -86 
2016-05-19 21:53:45.596336 -83 -72 -83 -74 -84 
2016-05-19 21:53:45.806341 -75 -81 -78 -73 -80 
2016-05-19 21:53:46.224392 -78 -74 -78 -71 -88 
2016-05-19 21:53:46.329405 -79 -74 -79 -73 -84 
2016-05-19 21:53:46.538433 -78 -71 -78 -73 -81 
2016-05-19 21:53:46.646451 -76 -77 -79 -69 -78 
2016-05-19 21:53:46.787463 -75 -75 -75 -66 -88 
2016-05-19 21:53:46.991495 -75 -82 -74 -71 -80 
2016-05-19 21:53:47.254526 -80 -79 -75 -74 -76 
2016-05-19 21:53:47.359540 -81 -75 -74 -79 -71 
2016-05-19 21:53:47.490557 -81 -78 -78 -72 -79 
2016-05-19 21:53:47.592568 -81 -77 -80 -68 -77 
2016-05-19 21:53:47.700584 -87 -76 -78 -74 -78 
2016-05-19 21:53:47.800598 -80 -74 -78 -69 -75 
2016-05-19 21:53:48.213652 -89 -77 -75 -78 -76 
2016-05-19 21:53:48.472682 -83 -73 -73 -81 -79 
2016-05-19 21:53:48.579700 -85 -85 -72 -72 -68 
2016-05-19 21:53:48.791731 -83 -80 -73 -71 -76 
2016-05-19 21:53:49.102765 -79 -80 -72 -74 -81 
2016-05-19 21:53:49.312792 -82 -75 -71 -79 -79 
2016-05-19 21:53:49.415809 -81 -75 -80 -84 -72 
2016-05-19 21:53:49.515822 -81 -76 -84 -84 -75 
2016-05-19 21:53:49.652837 -84 -79 -82 -75 -75 
2016-05-19 21:53:49.814861 -79 -71 -74 -83 -76 
2016-05-19 21:53:49.924875 -81 -66 -74 -73 -72 
2016-05-19 21:53:50.093897 -79 -70 -74 -76 -77 
2016-05-19 21:53:50.350931 -76 -70 -71 -79 -78 
2016-05-19 21:53:50.552955 -75 -66 -72 -74 -83 
2016-05-19 21:53:50.721983 -76 -79 -82 -73 -80 
2016-05-19 21:53:50.862995 -81 -71 -76 -86 -74 
2016-05-19 21:53:51.005017 -83 -68 -89 -75 -75 
2016-05-19 21:53:51.171038 -85 -68 -76 -71 -76 
2016-05-19 21:53:51.380066 -82 -70 -77 -74 -73 
2016-05-19 21:53:51.481078 -90 -80 -86 -69 -75 
2016-05-19 21:53:51.627102 -78 -67 -74 -72 -68 
2016-05-19 21:53:51.834125 -76 -74 -72 -76 -76 
2016-05-19 21:53:52.032154 -75 -70 -71 -76 -81 
2016-05-19 21:53:52.139164 -77 -67 -78 -72 -69 
2016-05-19 21:53:52.240178 -76 -74 -81 -76 -89 
2016-05-19 21:53:52.585223 -91 -69 -77 -75 -73 
2016-05-19 21:53:52.745244 -81 -73 -81 -79 -75 
2016-05-19 21:53:52.887266 -76 -72 -75 -74 -87 
2016-05-19 21:53:53.092294 -86 -71 -81 -74 -75 
2016-05-19 21:53:53.200303 -80 -69 -81 -78 -75 
2016-05-19 21:53:53.303313 -80 -74 -74 -76 -84 
2016-05-19 21:53:53.606356 -78 -70 -78 -80 -81 
2016-05-19 21:53:53.752379 -84 -72 -78 -81 -78 
2016-05-19 21:53:53.855389 -87 -71 -77 -75 -83 
2016-05-19 21:53:53.996407 -83 -73 -72 -82 -85 
2016-05-19 21:53:54.241439 -82 -69 -81 -78 -76 
2016-05-19 21:53:54.452470 -87 -69 -79 -76 -77 
2016-05-19 21:53:54.659494 -82 -69 -79 -74 -81 
2016-05-19 21:53:54.974535 -87 -71 -76 -76 -80 
2016-05-19 21:53:55.291576 -77 -67 -76 -79 -79 
2016-05-19 21:53:55.477604 -82 -69 -75 -77 -79 
2016-05-19 21:53:55.586615 -79 -68 -83 -70 -75 
2016-05-19 21:53:55.794645 -82 -71 -76 -71 -85 
2016-05-19 21:53:55.920659 -87 -72 -87 -81 -78 
2016-05-19 21:53:56.133683 -83 -70 -76 -73 -77 
2016-05-19 21:53:56.275705 -84 -73 -72 -75 -76 
2016-05-19 21:53:56.376717 -87 -67 -84 -71 -77 
2016-05-19 21:53:56.732768 -82 -70 -75 -75 -90 
2016-05-19 21:53:56.907791 -85 -74 -79 -71 -80 
2016-05-19 21:53:57.068806 -80 -75 -76 -80 -80 
2016-05-19 21:53:57.273832 -84 -72 -78 -74 -80 
2016-05-19 21:53:57.381857 -84 -70 -78 -77 -77 
2016-05-19 21:53:57.590884 -83 -72 -78 -79 -78 
2016-05-19 21:53:57.804912 -90 -72 -75 -77 -79 
2016-05-19 21:53:58.050944 -88 -73 -74 -85 -83 
2016-05-19 21:53:58.192967 -89 -74 -76 -75 -74 
2016-05-19 21:53:58.322983 -84 -71 -81 -84 -81 
2016-05-19 21:53:58.528011 -81 -72 -76 -78 -76 
2016-05-19 21:53:58.730032 -87 -71 -78 -76 -82 
2016-05-19 21:53:59.037073 -87 -71 -74 -76 -84 
2016-05-19 21:53:59.316110 -86 -69 -75 -79 -80 
2016-05-19 21:53:59.483135 -83 -68 -72 -78 -85 
2016-05-19 21:53:59.585145 -90 -72 -78 -75 -87 
2016-05-19 21:53:59.766168 -88 -72 -74 -76 -80 
2016-05-19 21:53:59.976196 -85 -71 -76 -77 -79 
2016-05-19 21:54:00.079206 -86 -74 -71 -81 -83 
2016-05-19 21:54:00.183227 -84 -70 -81 -75 -84 
2016-05-19 21:54:00.394247 -90 -70 -73 -76 -78 
2016-05-19 21:54:00.596278 -82 -70 -78 -73 -82 
2016-05-19 21:54:00.808310 -84 -70 -77 -80 -78 
2016-05-19 21:54:01.118351 -86 -70 -70 -83 -77 
2016-05-19 21:54:01.324368 -86 -73 -71 -74 -80 
2016-05-19 21:54:01.423389 -87 -68 -72 -73 -87 
2016-05-19 21:54:01.617410 -84 -71 -73 -73 -76 
2016-05-19 21:54:01.723428 -86 -75 -78 -75 -75 
2016-05-19 21:54:01.827438 -81 -70 -81 -72 -83 
2016-05-19 21:54:02.031464 -85 -73 -81 -75 -81 
2016-05-19 21:54:02.140478 -83 -77 -77 -81 -80 
2016-05-19 21:54:02.243497 -84 -71 -80 -75 -79 
2016-05-19 21:54:02.558538 -80 -73 -79 -79 -77 
2016-05-19 21:54:02.873579 -80 -72 -74 -79 -74 
2016-05-19 21:54:03.078633 -78 -72 -76 -76 -74 
2016-05-19 21:54:03.290621 -79 -74 -77 -76 -78 
2016-05-19 21:54:03.393638 -84 -70 -79 -83 -78 
2016-05-19 21:54:03.502649 -77 -74 -68 -75 -72 
2016-05-19 21:54:03.605668 -84 -70 -77 -85 -77 
2016-05-19 21:54:03.711677 -80 -75 -83 -83 -87 
2016-05-19 21:54:03.864693 -77 -71 -74 -86 -80 
2016-05-19 21:54:04.236744 -78 -71 -76 -75 -80 
2016-05-19 21:54:04.551786 -84 -71 -79 -76 -71 
2016-05-19 21:54:04.654796 -80 -73 -87 -84 -80 
2016-05-19 21:54:04.762813 -83 -75 -68 -81 -84 
2016-05-19 21:54:04.898835 -84 -83 -83 -77 -78 
2016-05-19 21:54:05.112859 -76 -72 -80 -78 -90 
2016-05-19 21:54:05.288887 -83 -79 -70 -85 -77 
2016-05-19 21:54:05.597923 -78 -72 -72 -69 -80 
2016-05-19 21:54:05.858960 -84 -73 -74 -73 -77 
2016-05-19 21:54:06.023982 -85 -73 -78 -69 -76 
2016-05-19 21:54:06.279014 -79 -86 -78 -72 -79 
2016-05-19 21:54:06.595049 -83 -81 -77 -71 -80 
2016-05-19 21:54:06.770073 -85 -74 -71 -70 -79 
2016-05-19 21:54:06.981103 -75 -76 -69 -71 -75 
2016-05-19 21:54:07.090134 -84 -72 -72 -83 -82 
2016-05-19 21:54:07.197131 -84 -67 -69 -68 -81 
2016-05-19 21:54:07.301145 -86 -77 -82 -69 -79 
2016-05-19 21:54:07.402165 -78 -69 -75 -66 -75 
2016-05-19 21:54:07.511179 -78 -81 -79 -71 -79 
2016-05-19 21:54:07.718207 -83 -76 -83 -65 -82 
2016-05-19 21:54:07.824225 -87 -71 -80 -75 -82 
2016-05-19 21:54:08.033248 -83 -70 -81 -67 -88 
2016-05-19 21:54:08.244280 -77 -68 -76 -68 -80 
2016-05-19 21:54:08.373291 -84 -70 -75 -71 -85 
2016-05-19 21:54:08.654339 -78 -76 -80 -75 -76 
2016-05-19 21:54:08.862356 -78 -69 -77 -73 -74 
2016-05-19 21:54:08.971370 -84 -65 -79 -71 -79 
2016-05-19 21:54:09.110386 -80 -65 -77 -75 -75 
2016-05-19 21:54:09.212402 -75 -77 -74 -69 -80 
2016-05-19 21:54:09.395423 -86 -71 -75 -68 -81 
2016-05-19 21:54:09.504445 -83 -79 -81 -74 -81 
2016-05-19 21:54:09.607453 -81 -69 -80 -71 -81 
2016-05-19 21:54:09.813480 -77 -72 -85 -73 -81 
2016-05-19 21:54:09.916497 -76 -71 -84 -70 -81 
2016-05-19 21:54:10.047511 -75 -68 -79 -75 -73 
2016-05-19 21:54:10.252537 -77 -73 -81 -70 -77 
2016-05-19 21:54:10.415563 -91 -71 -82 -71 -83 
2016-05-19 21:54:10.626587 -81 -71 -79 -74 -77 
2016-05-19 21:54:10.730597 -74 -75 -77 -68 -75 
2016-05-19 21:54:10.838615 -85 -73 -84 -72 -80 
2016-05-19 21:54:10.938628 -75 -76 -75 -70 -75 
2016-05-19 21:54:11.012637 -78 -71 -81 -69 -75 
2016-05-19 21:54:11.114655 -76 -75 -74 -70 -84 
2016-05-19 21:54:11.222665 -78 -74 -85 -71 -76 
2016-05-19 21:54:11.328678 -75 -75 -77 -73 -84 
2016-05-19 21:54:11.436692 -90 -71 -82 -71 -76 
2016-05-19 21:54:11.540702 -76 -69 -80 -73 -75 
2016-05-19 21:54:11.647720 -92 -71 -82 -72 -83 
2016-05-19 21:54:11.754738 -76 -68 -81 -71 -75 
2016-05-19 21:54:11.974767 -79 -68 -79 -72 -79 
2016-05-19 21:54:12.078776 -86 -74 -77 -69 -75 
2016-05-19 21:54:12.187790 -78 -69 -81 -75 -82 
2016-05-19 21:54:12.390813 -81 -74 -77 -69 -79 
2016-05-19 21:54:12.489835 -84 -75 -84 -75 -75 
2016-05-19 21:54:12.596844 -77 -68 -79 -70 -83 
2016-05-19 21:54:12.700854 -82 -77 -83 -69 -75 
2016-05-19 21:54:12.876881 -88 -68 -78 -72 -84 
2016-05-19 21:54:13.010895 -78 -68 -80 -77 -85 
2016-05-19 21:54:13.206924 -84 -73 -79 -68 -84 
2016-05-19 21:54:13.415954 -87 -72 -78 -71 -75 
2016-05-19 21:54:13.520962 -78 -75 -84 -70 -75 
2016-05-19 21:54:13.623977 -85 -68 -80 -74 -84 
2016-05-19 21:54:13.739998 -78 -73 -77 -70 -85 
2016-05-19 21:54:13.896010 -86 -78 -78 -72 -76 
2016-05-19 21:54:13.998027 -78 -70 -81 -72 -83 
2016-05-19 21:54:14.104041 -89 -70 -76 -72 -75 
2016-05-19 21:54:14.397079 -80 -71 -78 -71 -78 
2016-05-19 21:54:14.606103 -82 -71 -80 -73 -81 
2016-05-19 21:54:14.713120 -81 -76 -83 -72 -83 
2016-05-19 21:54:14.846138 -86 -70 -84 -72 -77 
2016-05-19 21:54:15.024160 -77 -76 -81 -72 -75 
2016-05-19 21:54:15.127174 -90 -77 -83 -71 -86 
2016-05-19 21:54:15.226185 -77 -70 -81 -72 -77 
2016-05-19 21:54:15.511221 -86 -73 -82 -73 -81 
2016-05-19 21:54:15.613238 -81 -75 -80 -72 -76 
2016-05-19 21:54:15.744254 -86 -73 -79 -72 -75 
2016-05-19 21:54:15.850273 -80 -72 -80 -71 -76 
2016-05-19 21:54:16.236316 -89 -75 -81 -69 -81 
2016-05-19 21:54:16.340337 -78 -69 -78 -73 -78 
2016-05-19 21:54:16.447347 -88 -77 -81 -73 -86 
2016-05-19 21:54:16.553360 -78 -69 -81 -72 -80 
2016-05-19 21:54:16.654374 -91 -74 -81 -71 -74 
2016-05-19 21:54:16.763387 -78 -71 -77 -72 -80 
2016-05-19 21:54:16.872402 -79 -73 -81 -71 -76 
2016-05-19 21:54:17.050434 -78 -74 -82 -72 -77 
2016-05-19 21:54:17.464472 -83 -73 -79 -71 -77 
2016-05-19 21:54:17.563485 -76 -71 -81 -71 -84 
2016-05-19 21:54:17.671496 -78 -72 -77 -72 -78 
2016-05-19 21:54:17.771509 -86 -77 -81 -70 -87 
2016-05-19 21:54:17.876523 -79 -69 -84 -72 -78 
2016-05-19 21:54:18.143562 -78 -74 -83 -71 -74 
2016-05-19 21:54:18.353588 -78 -73 -82 -71 -75 
2016-05-19 21:54:18.531609 -79 -70 -86 -71 -87 
2016-05-19 21:54:18.740643 -78 -73 -80 -72 -81 
2016-05-19 21:54:18.960671 -90 -73 -82 -72 -78 
2016-05-19 21:54:19.105690 -80 -71 -80 -73 -80 
2016-05-19 21:54:19.290714 -79 -69 -79 -71 -76 
2016-05-19 21:54:19.482736 -83 -75 -81 -69 -77 
2016-05-19 21:54:19.696761 -83 -71 -80 -69 -82 
2016-05-19 21:54:19.806776 -90 -74 -78 -77 -83 
2016-05-19 21:54:20.042809 -85 -71 -81 -70 -77 
2016-05-19 21:54:20.217832 -77 -74 -82 -72 -82 
2016-05-19 21:54:20.320850 -80 -68 -80 -69 -76 
2016-05-19 21:54:20.634886 -76 -74 -77 -75 -80 
2016-05-19 21:54:20.740904 -77 -69 -86 -75 -75 
2016-05-19 21:54:20.867917 -79 -71 -80 -78 -76 
2016-05-19 21:54:21.142953 -84 -71 -88 -75 -84 
2016-05-19 21:54:21.355984 -82 -73 -85 -69 -78 
2016-05-19 21:54:21.464995 -89 -75 -80 -75 -72 
2016-05-19 21:54:21.573009 -84 -69 -80 -76 -82 
2016-05-19 21:54:21.923077 -79 -63 -79 -72 -80 
2016-05-19 21:54:22.111083 -83 -59 -72 -78 -79 
2016-05-19 21:54:22.416124 -77 -65 -79 -71 -82 
2016-05-19 21:54:22.516136 -81 -65 -73 -68 -78 
2016-05-19 21:54:22.643149 -77 -63 -81 -77 -80 
2016-05-19 21:54:22.830173 -85 -67 -76 -74 -77 
2016-05-19 21:54:23.051206 -75 -64 -77 -74 -83 
2016-05-19 21:54:23.261234 -94 -68 -78 -75 -83 
2016-05-19 21:54:23.477255 -83 -67 -77 -72 -82 
2016-05-19 21:54:23.590272 -81 -80 -75 -72 -81 
2016-05-19 21:54:23.795299 -89 -74 -76 -73 -81 
2016-05-19 21:54:23.999326 -86 -65 -76 -72 -79 
2016-05-19 21:54:24.211357 -84 -65 -77 -76 -82 
2016-05-19 21:54:24.321372 -81 -66 -74 -66 -78 
2016-05-19 21:54:24.424382 -86 -66 -73 -71 -80 
2016-05-19 21:54:24.536400 -83 -65 -73 -72 -79 
2016-05-19 21:54:24.742420 -78 -65 -73 -69 -89 
2016-05-19 21:54:24.956454 -80 -66 -75 -72 -80 
2016-05-19 21:54:25.249489 -77 -67 -75 -76 -82 
2016-05-19 21:54:25.462515 -76 -72 -76 -76 -78 
2016-05-19 21:54:25.781562 -75 -70 -80 -72 -77 
2016-05-19 21:54:25.882601 -78 -68 -73 -75 -80 
2016-05-19 21:54:26.302624 -80 -71 -74 -71 -82 
2016-05-19 21:54:26.481653 -79 -65 -81 -68 -83 
2016-05-19 21:54:26.583663 -88 -78 -80 -69 -84 
2016-05-19 21:54:26.936714 -80 -72 -77 -67 -80 
2016-05-19 21:54:27.142733 -79 -68 -75 -68 -76 
2016-05-19 21:54:27.247747 -85 -69 -81 -70 -83 
2016-05-19 21:54:27.457778 -75 -69 -79 -66 -84 
2016-05-19 21:54:27.566796 -79 -69 -82 -74 -78 
2016-05-19 21:54:27.670805 -84 -68 -76 -64 -88 
2016-05-19 21:54:27.777817 -77 -69 -74 -73 -74 
2016-05-19 21:54:27.880833 -84 -74 -84 -69 -76 
2016-05-19 21:54:27.983846 -77 -68 -74 -65 -75 
2016-05-19 21:54:28.191877 -80 -68 -79 -72 -79 
2016-05-19 21:54:28.614929 -80 -68 -77 -70 -88 
2016-05-19 21:54:28.914968 -82 -67 -80 -72 -83 
2016-05-19 21:54:29.020982 -81 -68 -79 -71 -77 
2016-05-19 21:54:29.121999 -79 -69 -76 -70 -75 
2016-05-19 21:54:29.339024 -81 -67 -73 -67 -81 
2016-05-19 21:54:29.649064 -75 -69 -80 -73 -81 
2016-05-19 21:54:29.928097 -83 -69 -82 -74 -78 
2016-05-19 21:54:30.083118 -84 -66 -76 -71 -78 
2016-05-19 21:54:30.189134 -80 -69 -80 -68 -82 
2016-05-19 21:54:30.390160 -79 -68 -77 -69 -81 
2016-05-19 21:54:30.598185 -80 -69 -77 -66 -80 
2016-05-19 21:54:30.918226 -80 -66 -75 -69 -82 
2016-05-19 21:54:31.085251 -84 -65 -77 -68 -83 
2016-05-19 21:54:31.225270 -83 -75 -84 -73 -83 
2016-05-19 21:54:31.650325 -88 -66 -79 -67 -80 
2016-05-19 21:54:31.863350 -83 -67 -77 -65 -78 
2016-05-19 21:54:32.066380 -83 -66 -79 -69 -78 
2016-05-19 21:54:32.285409 -84 -66 -81 -68 -81 
2016-05-19 21:54:32.391430 -81 -66 -78 -72 -82 
2016-05-19 21:54:32.496443 -85 -66 -80 -71 -80 
2016-05-19 21:54:32.600457 -79 -65 -76 -68 -80 
2016-05-19 21:54:32.719472 -77 -71 -79 -75 -85 
2016-05-19 21:54:32.823482 -75 -71 -81 -72 -76 
2016-05-19 21:54:33.025515 -76 -73 -79 -68 -81 
2016-05-19 21:54:33.234539 -78 -71 -77 -70 -81 
2016-05-19 21:54:33.343550 -78 -68 -76 -69 -78 
2016-05-19 21:54:33.664596 -79 -69 -76 -69 -79 
2016-05-19 21:54:33.969636 -80 -69 -76 -67 -79 
2016-05-19 21:54:34.160660 -80 -67 -75 -70 -80 
2016-05-19 21:54:34.302684 -76 -69 -77 -66 -83 
2016-05-19 21:54:34.408690 -80 -68 -77 -65 -82 
2016-05-19 21:54:34.795744 -80 -65 -77 -73 -79 
2016-05-19 21:54:34.896756 -78 -72 -75 -68 -81 
2016-05-19 21:54:34.999771 -83 -67 -80 -72 -79 
2016-05-19 21:54:35.127792 -79 -68 -74 -66 -82 
2016-05-19 21:54:35.450835 -83 -67 -75 -70 -79 
2016-05-19 21:54:35.649856 -84 -69 -78 -68 -81 
2016-05-19 21:54:35.763867 -84 -66 -76 -68 -78 
2016-05-19 21:54:36.069911 -83 -66 -77 -68 -80 
2016-05-19 21:54:36.185926 -81 -68 -74 -67 -80 
2016-05-19 21:54:36.383948 -84 -68 -77 -67 -83 
2016-05-19 21:54:36.507972 -81 -68 -80 -68 -80 
2016-05-19 21:54:36.608977 -81 -69 -81 -68 -83 
2016-05-19 21:54:36.781002 -84 -67 -76 -69 -81 
2016-05-19 21:54:36.985029 -89 -66 -78 -69 -82 
2016-05-19 21:54:37.090043 -76 -68 -72 -79 -79 
2016-05-19 21:54:37.280068 -78 -69 -78 -67 -82 
2016-05-19 21:54:37.647116 -82 -71 -82 -64 -75 
2016-05-19 21:54:37.755130 -82 -67 -82 -78 -83 
2016-05-19 21:54:37.921151 -86 -78 -80 -86 -86 
2016-05-19 21:54:38.113182 -77 -77 -83 -72 -78 
2016-05-19 21:54:38.329202 -83 -74 -80 -69 -79 
2016-05-19 21:54:38.482225 -83 -76 -84 -69 -80 
2016-05-19 21:54:38.787264 -77 -75 -80 -66 -76 
2016-05-19 21:54:38.995292 -77 -69 -83 -67 -75 
2016-05-19 21:54:39.187317 -82 -70 -79 -70 -77 
2016-05-19 21:54:39.294328 -81 -67 -82 -68 -81 
2016-05-19 21:54:39.628381 -80 -73 -77 -75 -80 
2016-05-19 21:54:39.834399 -77 -77 -80 -67 -74 
2016-05-19 21:54:40.038433 -75 -74 -83 -67 -84 
2016-05-19 21:54:40.365479 -72 -75 -85 -69 -78 
2016-05-19 21:54:40.567497 -75 -75 -84 -69 -81 
2016-05-19 21:54:40.766526 -80 -79 -80 -72 -80 
2016-05-19 21:54:40.979549 -81 -76 -78 -76 -80 
2016-05-19 21:54:41.186581 -83 -78 -82 -73 -80 
2016-05-19 21:54:41.297593 -73 -81 -75 -77 -81 
2016-05-19 21:54:41.504616 -74 -74 -73 -76 -82 
2016-05-19 21:54:41.783660 -79 -76 -75 -72 -78 
2016-05-19 21:54:41.886670 -74 -82 -80 -73 -77 
2016-05-19 21:54:41.988689 -74 -75 -80 -69 -86 
2016-05-19 21:54:42.156710 -71 -85 -82 -74 -76 
2016-05-19 21:54:42.362732 -73 -78 -81 -67 -92 
2016-05-19 21:54:42.474743 -75 -87 -87 -79 -78 
2016-05-19 21:54:42.679770 -70 -78 -79 -72 -80 
2016-05-19 21:54:42.897802 -73 -81 -81 -68 -90 
2016-05-19 21:54:43.102828 -71 -78 -80 -75 -80 
2016-05-19 21:54:43.205852 -69 -77 -88 -81 -84 
2016-05-19 21:54:43.415871 -70 -76 -84 -80 -81 
2016-05-19 21:54:43.515895 -79 -78 -80 -86 -78 
2016-05-19 21:54:43.625907 -73 -74 -78 -78 -81 
2016-05-19 21:54:43.829921 -76 -73 -81 -75 -78 
2016-05-19 21:54:43.934934 -69 -77 -77 -71 -82 
2016-05-19 21:54:44.047952 -81 -73 -79 -72 -78 
2016-05-19 21:54:44.299981 -79 -77 -86 -70 -82 
2016-05-19 21:54:44.515009 -85 -77 -73 -72 -86 
2016-05-19 21:54:44.830051 -70 -76 -75 -72 -82 
2016-05-19 21:54:44.990072 -83 -77 -72 -73 -90 
2016-05-19 21:54:45.392120 -73 -75 -77 -78 -79 
2016-05-19 21:54:45.571144 -69 -77 -75 -78 -76 
2016-05-19 21:54:45.728164 -70 -74 -79 -72 -82 
2016-05-19 21:54:45.933191 -76 -76 -81 -66 -77 
2016-05-19 21:54:46.200222 -76 -78 -80 -65 -75 
2016-05-19 21:54:46.408253 -73 -77 -73 -72 -83 
2016-05-19 21:54:46.513266 -71 -74 -72 -64 -82 
2016-05-19 21:54:46.860309 -70 -77 -81 -69 -78 
2016-05-19 21:54:46.968326 -72 -81 -73 -71 -82 
2016-05-19 21:54:47.055334 -72 -75 -91 -66 -73 
2016-05-19 21:54:47.240358 -69 -75 -79 -71 -79 
2016-05-19 21:54:47.357377 -69 -83 -72 -66 -77 
2016-05-19 21:54:47.461390 -69 -75 -81 -65 -81 
2016-05-19 21:54:47.561404 -69 -77 -71 -74 -83 
2016-05-19 21:54:47.779435 -73 -78 -86 -73 -80 
2016-05-19 21:54:48.083472 -70 -75 -82 -76 -83 
2016-05-19 21:54:48.400510 -71 -78 -91 -73 -86 
2016-05-19 21:54:48.507528 -77 -76 -91 -78 -81 
2016-05-19 21:54:48.834573 -72 -84 -77 -79 -82 
2016-05-19 21:54:49.068599 -72 -82 -77 -74 -82 
2016-05-19 21:54:49.349641 -78 -82 -78 -72 -80 
2016-05-19 21:54:49.482654 -75 -74 -81 -74 -81 
2016-05-19 21:54:49.700680 -72 -79 -79 -72 -78 
2016-05-19 21:54:49.902712 -73 -77 -76 -76 -84 
2016-05-19 21:54:50.102735 -71 -84 -83 -67 -79 
2016-05-19 21:54:50.300759 -75 -86 -78 -70 -80 
2016-05-19 21:54:50.523791 -75 -74 -81 -71 -83 
2016-05-19 21:54:50.736818 -74 -75 -77 -78 -78 
2016-05-19 21:54:50.948846 -76 -80 -74 -77 -84 
2016-05-19 21:54:51.068861 -80 -72 -72 -76 -82 
2016-05-19 21:54:51.265887 -77 -84 -71 -79 -84 
2016-05-19 21:54:52.001983 -77 -77 -78 -74 -83 
2016-05-19 21:54:52.196012 -78 -75 -79 -81 -81 
2016-05-19 21:54:52.297022 -81 -78 -79 -76 -85 
2016-05-19 21:54:52.638066 -82 -80 -79 -82 -85 
2016-05-19 21:54:52.824090 -81 -85 -84 -74 -89 
2016-05-19 21:54:53.169136 -84 -82 -85 -76 -85 
2016-05-19 21:54:53.481174 -80 -82 -82 -75 -87 
2016-05-19 21:54:54.007246 -86 -81 -84 -77 -87 
2016-05-19 21:54:54.322288 -85 -77 -83 -79 -85 
2016-05-19 21:54:54.606322 -88 -82 -87 -83 -87 
2016-05-19 21:54:54.815355 -82 -75 -87 -79 -92 
2016-05-19 21:54:55.045384 -84 -81 -85 -78 -88 
2016-05-19 21:54:55.436429 -86 -85 -83 -75 -89 
2016-05-19 21:54:55.646457 -91 -88 -85 -80 -87 
2016-05-19 21:54:56.071512 -87 -83 -88 -78 -84 
2016-05-19 21:54:56.484569 -92 -88 -88 -82 -84 
2016-05-19 21:54:56.943629 -89 -85 -93 -82 -82 
2016-05-19 21:54:57.330684 -88 -78 -88 -82 -87 
2016-05-19 21:54:57.547715 -94 -78 -85 -83 -83 
2016-05-19 21:54:58.003776 -88 -77 -85 -78 -88 
2016-05-19 21:54:58.894884 -86 -82 -87 -81 -90 
2016-05-19 21:54:59.119913 -87 -91 -87 -78 -90 
2016-05-19 21:54:59.249930 -90 -75 -86 -81 -90 
2016-05-19 21:54:59.433955 -87 -76 -87 -87 -89 
2016-05-19 21:54:59.542973 -89 -92 -84 -82 -89 
2016-05-19 21:55:00.508099 -90 -79 -87 -82 -91 
2016-05-19 21:55:00.727121 -90 -75 -90 -76 -87 
2016-05-19 21:55:01.319202 -91 -81 -87 -78 -90 
2016-05-19 21:55:02.469360 -88 -83 -88 -79 -87 
2016-05-19 21:55:02.876417 -86 -81 -87 -80 -84 
2016-05-19 21:55:03.203454 -88 -78 -87 -77 -86 
2016-05-19 21:55:03.545508 -88 -90 -86 -78 -90 
2016-05-19 21:55:03.690522 -90 -74 -86 -80 -88 
2016-05-19 21:55:03.965566 -86 -80 -86 -78 -92 
2016-05-19 21:55:04.218587 -87 -77 -90 -75 -85 
2016-05-19 21:55:04.350615 -86 -82 -87 -77 -91 
2016-05-19 21:55:04.790662 -85 -79 -88 -76 -86 
2016-05-19 21:55:04.897673 -86 -75 -90 -80 -88 
2016-05-19 21:55:05.544753 -83 -77 -84 -80 -87 
2016-05-19 21:55:26.098437 -84 -82 -84 -80 -86 
2016-05-19 21:55:26.240453 -86 -81 -82 -86 -84 
2016-05-19 21:55:26.871538 -83 -80 -85 -79 -85 
2016-05-19 21:55:27.077565 -89 -78 -83 -83 -84 
2016-05-19 21:55:27.311596 -91 -81 -82 -82 -83 
2016-05-19 21:55:27.524636 -88 -90 -87 -80 -85 
2016-05-19 21:55:27.915686 -86 -77 -82 -81 -87 
2016-05-19 21:55:28.027696 -89 -78 -86 -82 -89 
2016-05-19 21:55:28.254737 -91 -81 -81 -84 -86 
2016-05-19 21:55:28.547758 -84 -80 -83 -84 -86 
2016-05-19 21:55:28.756785 -84 -83 -83 -81 -88 
2016-05-19 21:55:28.967835 -84 -84 -83 -84 -81 
2016-05-19 21:55:29.212858 -86 -80 -83 -84 -85 
2016-05-19 21:55:29.382866 -92 -78 -80 -80 -87 
2016-05-19 21:55:29.619902 -90 -83 -86 -87 -81 
2016-05-19 21:55:30.227978 -86 -82 -82 -83 -83 
2016-05-19 21:55:30.437005 -86 -84 -84 -83 -81 
2016-05-19 21:55:30.652033 -92 -82 -84 -87 -85 
2016-05-19 21:55:45.936028 -86 -82 -85 -84 -83 
2016-05-19 21:55:46.664123 -84 -82 -83 -83 -83 
2016-05-19 21:55:46.812146 -83 -82 -84 -80 -80 
2016-05-19 21:55:47.023168 -82 -88 -80 -78 -81 
2016-05-19 21:55:47.230198 -82 -87 -84 -78 -84 
2016-05-19 21:55:47.603244 -86 -86 -86 -87 -84 
2016-05-19 21:55:47.770268 -83 -88 -87 -81 -80 
2016-05-19 21:55:48.191323 -90 -85 -87 -86 -78 
2016-05-19 21:55:48.654384 -84 -84 -83 -82 -84 
2016-05-19 21:55:48.804403 -84 -87 -83 -81 -83 
2016-05-19 21:55:49.047439 -85 -90 -83 -83 -90 
2016-05-19 21:55:49.450487 -87 -86 -87 -79 -83 
2016-05-19 21:55:49.764528 -88 -86 -83 -83 -82 
2016-05-19 21:55:49.980557 -90 -88 -81 -81 -83 
2016-05-19 21:55:50.184583 -87 -86 -83 -81 -85 
2016-05-19 21:55:50.396611 -84 -88 -83 -81 -84 
2016-05-19 21:55:50.523625 -85 -88 -85 -83 -81 
2016-05-19 21:55:51.066698 -86 -83 -84 -79 -82 
2016-05-19 21:55:51.668774 -86 -85 -82 -82 -81 
2016-05-19 21:55:51.938809 -87 -86 -83 -83 -80 
2016-05-19 21:55:52.080840 -83 -85 -85 -82 -78 
2016-05-19 21:55:52.184845 -84 -88 -85 -80 -81 
2016-05-19 21:55:52.401880 -84 -86 -82 -84 -80 
2016-05-19 21:55:52.602928 -84 -83 -82 -84 -79 
2016-05-19 21:55:52.906938 -83 -83 -83 -79 -79 
2016-05-19 21:56:05.259556 -84 -83 -87 -81 -82 
2016-05-19 21:56:05.529592 -88 -84 -87 -80 -80 
2016-05-19 21:56:05.942642 -87 -86 -87 -81 -81 
2016-05-19 21:56:06.321691 -84 -83 -86 -80 -87 
2016-05-19 21:56:06.546721 -84 -84 -87 -80 -82 
2016-05-19 21:56:06.700737 -83 -87 -87 -79 -82 
2016-05-19 21:56:07.839920 -86 -83 -87 -80 -82 
2016-05-19 21:56:08.166940 -82 -82 -87 -80 -80 
2016-05-19 21:56:08.429979 -84 -83 -88 -80 -82 
2016-05-19 21:56:08.776044 -89 -84 -86 -81 -82 
2016-05-19 21:56:09.185078 -87 -85 -89 -82 -86 
2016-05-19 21:56:09.320094 -90 -87 -87 -80 -86 
2016-05-19 21:56:09.588125 -89 -89 -85 -79 -83 
2016-05-19 21:56:09.799152 -89 -83 -91 -80 -84 
2016-05-19 21:56:10.449238 -89 -87 -87 -84 -83 
2016-05-19 21:56:10.590262 -85 -81 -90 -85 -84 
2016-05-19 21:56:11.131324 -87 -80 -88 -79 -82 
2016-05-19 21:56:11.304350 -84 -86 -88 -82 -88 
2016-05-19 21:56:12.015437 -81 -81 -87 -79 -82 
2016-05-19 21:56:12.336473 -85 -81 -89 -79 -82 
2016-05-19 21:56:13.362610 -84 -83 -87 -81 -82 
2016-05-19 21:56:13.628652 -85 -81 -86 -81 -84 
2016-05-19 21:56:14.566765 -85 -85 -87 -81 -85 
2016-05-19 21:56:14.774794 -81 -83 -86 -80 -85 
2016-05-19 21:56:14.990827 -84 -81 -90 -82 -89 
2016-05-19 21:56:15.793928 -85 -82 -87 -80 -84 
2016-05-19 21:56:15.966948 -82 -81 -88 -80 -87 
2016-05-19 21:56:16.231982 -85 -81 -86 -81 -85 
2016-05-19 21:56:16.407005 -82 -81 -88 -81 -84 
2016-05-19 21:56:17.163106 -86 -81 -88 -81 -82 
2016-05-19 21:56:18.070225 -87 -82 -87 -83 -83 
2016-05-19 21:56:18.189241 -87 -83 -87 -88 -89 
2016-05-19 21:56:18.248248 -86 -81 -87 -83 -87 
2016-05-19 21:56:18.480278 -91 -84 -88 -84 -86 
2016-05-19 21:56:19.122370 -83 -83 -85 -82 -87 
2016-05-19 21:56:20.085493 -87 -85 -86 -81 -86 
2016-05-19 21:56:20.206509 -86 -83 -85 -78 -87 
2016-05-19 21:56:20.353524 -85 -80 -83 -85 -86 
2016-05-19 21:56:20.481545 -87 -84 -85 -78 -85 
2016-05-19 21:56:20.669589 -87 -81 -86 -78 -86 
2016-05-19 21:56:21.014618 -85 -81 -86 -81 -87 
2016-05-19 21:56:21.435682 -84 -82 -86 -80 -87 
2016-05-19 21:56:21.700701 -85 -84 -86 -79 -87 
2016-05-19 21:56:21.859725 -89 -81 -86 -78 -87 
2016-05-19 21:56:22.364790 -88 -82 -87 -81 -85 
2016-05-19 21:56:22.504827 -92 -84 -91 -80 -85 
2016-05-19 21:56:22.703856 -87 -83 -84 -77 -88 
2016-05-19 21:56:22.915860 -89 -83 -86 -80 -89 
2016-05-19 21:56:23.704961 -86 -84 -90 -79 -87 
709
