2016-05-19 21:54:40.365479 -74 -75 -84 -69 -78 
2016-05-19 21:54:40.567497 -75 -75 -84 -69 -81 
2016-05-19 21:54:40.766526 -80 -79 -80 -72 -80 
2016-05-19 21:54:40.979549 -81 -76 -78 -76 -80 
2016-05-19 21:54:41.186581 -83 -78 -82 -73 -80 
2016-05-19 21:54:41.297593 -73 -81 -75 -77 -81 
2016-05-19 21:54:41.504616 -74 -74 -73 -76 -82 
2016-05-19 21:54:41.783660 -79 -76 -75 -72 -78 
2016-05-19 21:54:41.886670 -74 -82 -80 -73 -77 
2016-05-19 21:54:41.988689 -74 -75 -80 -69 -86 
2016-05-19 21:54:42.156710 -71 -85 -82 -74 -76 
2016-05-19 21:54:42.362732 -73 -78 -81 -67 -92 
2016-05-19 21:54:42.474743 -75 -87 -87 -79 -78 
2016-05-19 21:54:42.679770 -70 -78 -79 -72 -80 
2016-05-19 21:54:42.897802 -73 -81 -81 -68 -90 
2016-05-19 21:54:43.102828 -71 -78 -80 -75 -80 
2016-05-19 21:54:43.205852 -69 -77 -88 -81 -84 
2016-05-19 21:54:43.415871 -70 -76 -84 -80 -81 
2016-05-19 21:54:43.515895 -79 -78 -80 -86 -78 
2016-05-19 21:54:43.625907 -73 -74 -78 -78 -81 
2016-05-19 21:54:43.829921 -76 -73 -81 -75 -78 
2016-05-19 21:54:43.934934 -69 -77 -77 -71 -82 
2016-05-19 21:54:44.047952 -81 -73 -79 -72 -78 
2016-05-19 21:54:44.299981 -79 -77 -86 -70 -82 
2016-05-19 21:54:44.515009 -85 -77 -73 -72 -86 
2016-05-19 21:54:44.830051 -70 -76 -75 -72 -82 
2016-05-19 21:54:44.990072 -83 -77 -72 -73 -90 
2016-05-19 21:54:45.392120 -73 -75 -77 -78 -79 
2016-05-19 21:54:45.571144 -69 -77 -75 -78 -76 
2016-05-19 21:54:45.728164 -70 -74 -79 -72 -82 
2016-05-19 21:54:45.933191 -76 -76 -81 -66 -77 
2016-05-19 21:54:46.200222 -76 -78 -80 -65 -75 
2016-05-19 21:54:46.408253 -73 -77 -73 -72 -83 
2016-05-19 21:54:46.513266 -71 -74 -72 -64 -82 
2016-05-19 21:54:46.860309 -70 -77 -81 -69 -78 
2016-05-19 21:54:46.968326 -72 -81 -73 -71 -82 
2016-05-19 21:54:47.055334 -72 -75 -91 -66 -73 
2016-05-19 21:54:47.240358 -69 -75 -79 -71 -79 
2016-05-19 21:54:47.357377 -69 -83 -72 -66 -77 
2016-05-19 21:54:47.461390 -69 -75 -81 -65 -81 
2016-05-19 21:54:47.561404 -69 -77 -71 -74 -83 
2016-05-19 21:54:47.779435 -73 -78 -86 -73 -80 
2016-05-19 21:54:48.083472 -70 -75 -82 -76 -83 
2016-05-19 21:54:48.400510 -71 -78 -91 -73 -86 
2016-05-19 21:54:48.507528 -77 -76 -91 -78 -81 
2016-05-19 21:54:48.834573 -72 -84 -77 -79 -82 
2016-05-19 21:54:49.068599 -72 -82 -77 -74 -82 
2016-05-19 21:54:49.349641 -78 -82 -78 -72 -80 
2016-05-19 21:54:49.482654 -75 -74 -81 -74 -81 
2016-05-19 21:54:49.700680 -72 -79 -79 -72 -78 
2016-05-19 21:54:49.902712 -73 -77 -76 -76 -84 
2016-05-19 21:54:50.102735 -71 -84 -83 -67 -79 
2016-05-19 21:54:50.300759 -75 -86 -78 -70 -80 
2016-05-19 21:54:50.523791 -75 -74 -81 -71 -83 
2016-05-19 21:54:50.736818 -74 -75 -77 -78 -78 
2016-05-19 21:54:50.948846 -76 -80 -74 -77 -84 
2016-05-19 21:54:51.068861 -80 -72 -72 -76 -82 
2016-05-19 21:54:51.265887 -77 -84 -71 -79 -84 
2016-05-19 21:54:52.001983 -77 -77 -78 -74 -83 
2016-05-19 21:54:52.196012 -78 -75 -79 -81 -81 
2016-05-19 21:54:52.297022 -81 -78 -79 -76 -85 
2016-05-19 21:54:52.638066 -82 -80 -79 -82 -85 
2016-05-19 21:54:52.824090 -81 -85 -84 -74 -89 
2016-05-19 21:54:53.169136 -84 -82 -85 -76 -85 
2016-05-19 21:54:53.481174 -80 -82 -82 -75 -87 
2016-05-19 21:54:54.007246 -86 -81 -84 -77 -87 
2016-05-19 21:54:54.322288 -85 -77 -83 -79 -85 
2016-05-19 21:54:54.606322 -88 -82 -87 -83 -87 
2016-05-19 21:54:54.815355 -82 -75 -87 -79 -92 
2016-05-19 21:54:55.045384 -84 -81 -85 -78 -88 
2016-05-19 21:54:55.436429 -86 -85 -83 -75 -89 
2016-05-19 21:54:55.646457 -91 -88 -85 -80 -87 
2016-05-19 21:54:56.071512 -87 -83 -88 -78 -84 
2016-05-19 21:54:56.484569 -92 -88 -88 -82 -84 
2016-05-19 21:54:56.943629 -89 -85 -93 -82 -82 
2016-05-19 21:54:57.330684 -88 -78 -88 -82 -87 
2016-05-19 21:54:57.547715 -94 -78 -85 -83 -83 
2016-05-19 21:54:58.003776 -88 -77 -85 -78 -88 
2016-05-19 21:54:58.894884 -86 -82 -87 -81 -90 
2016-05-19 21:54:59.119913 -87 -91 -87 -78 -90 
2016-05-19 21:54:59.249930 -90 -75 -86 -81 -90 
2016-05-19 21:54:59.433955 -87 -76 -87 -87 -89 
2016-05-19 21:54:59.542973 -89 -92 -84 -82 -89 
2016-05-19 21:55:00.508099 -90 -79 -87 -82 -91 
2016-05-19 21:55:00.727121 -90 -75 -90 -76 -87 
2016-05-19 21:55:01.319202 -91 -81 -87 -78 -90 
2016-05-19 21:55:02.469360 -88 -83 -88 -79 -87 
2016-05-19 21:55:02.876417 -86 -81 -87 -80 -84 
2016-05-19 21:55:03.203454 -88 -78 -87 -77 -86 
2016-05-19 21:55:03.545508 -88 -90 -86 -78 -90 
2016-05-19 21:55:03.690522 -90 -74 -86 -80 -88 
2016-05-19 21:55:03.965566 -86 -80 -86 -78 -92 
2016-05-19 21:55:04.218587 -87 -77 -90 -75 -85 
2016-05-19 21:55:04.350615 -86 -82 -87 -77 -91 
2016-05-19 21:55:04.790662 -85 -79 -88 -76 -86 
2016-05-19 21:55:04.897673 -86 -75 -90 -80 -88 
2016-05-19 21:55:05.544753 -83 -77 -84 -80 -87 
2016-05-19 21:55:26.098437 -84 -82 -84 -80 -86 
2016-05-19 21:55:26.240453 -86 -81 -82 -86 -84 
2016-05-19 21:55:26.871538 -83 -80 -85 -79 -85 
2016-05-19 21:55:27.077565 -89 -78 -83 -83 -84 
2016-05-19 21:55:27.311596 -91 -81 -82 -82 -83 
2016-05-19 21:55:27.524636 -88 -90 -87 -80 -85 
2016-05-19 21:55:27.915686 -86 -77 -82 -81 -87 
2016-05-19 21:55:28.027696 -89 -78 -86 -82 -89 
2016-05-19 21:55:28.254737 -91 -81 -81 -84 -86 
2016-05-19 21:55:28.547758 -84 -80 -83 -84 -86 
2016-05-19 21:55:28.756785 -84 -83 -83 -81 -88 
2016-05-19 21:55:28.967835 -84 -84 -83 -84 -81 
2016-05-19 21:55:29.212858 -86 -80 -83 -84 -85 
2016-05-19 21:55:29.382866 -92 -78 -80 -80 -87 
2016-05-19 21:55:29.619902 -90 -83 -86 -87 -81 
2016-05-19 21:55:30.227978 -86 -82 -82 -83 -83 
2016-05-19 21:55:30.437005 -86 -84 -84 -83 -81 
2016-05-19 21:55:30.652033 -92 -82 -84 -87 -85 
2016-05-19 21:55:45.936028 -86 -82 -85 -84 -83 
2016-05-19 21:55:46.664123 -84 -82 -83 -83 -83 
2016-05-19 21:55:46.812146 -83 -82 -84 -80 -80 
2016-05-19 21:55:47.023168 -82 -88 -80 -78 -81 
2016-05-19 21:55:47.230198 -82 -87 -84 -78 -84 
2016-05-19 21:55:47.603244 -86 -86 -86 -87 -84 
2016-05-19 21:55:47.770268 -83 -88 -87 -81 -80 
2016-05-19 21:55:48.191323 -90 -85 -87 -86 -78 
2016-05-19 21:55:48.654384 -84 -84 -83 -82 -84 
2016-05-19 21:55:48.804403 -84 -87 -83 -81 -83 
2016-05-19 21:55:49.047439 -85 -90 -83 -83 -90 
2016-05-19 21:55:49.450487 -87 -86 -87 -79 -83 
2016-05-19 21:55:49.764528 -88 -86 -83 -83 -82 
2016-05-19 21:55:49.980557 -90 -88 -81 -81 -83 
2016-05-19 21:55:50.184583 -87 -86 -83 -81 -85 
2016-05-19 21:55:50.396611 -84 -88 -83 -81 -84 
2016-05-19 21:55:50.523625 -85 -88 -85 -83 -81 
2016-05-19 21:55:51.066698 -86 -83 -84 -79 -82 
2016-05-19 21:55:51.668774 -86 -85 -82 -82 -81 
2016-05-19 21:55:51.938809 -87 -86 -83 -83 -80 
2016-05-19 21:55:52.080840 -83 -85 -85 -82 -78 
2016-05-19 21:55:52.184845 -84 -88 -85 -80 -81 
2016-05-19 21:55:52.401880 -84 -86 -82 -84 -80 
2016-05-19 21:55:52.602928 -84 -83 -82 -84 -79 
2016-05-19 21:55:52.906938 -83 -83 -83 -79 -79 
2016-05-19 21:56:05.259556 -84 -83 -87 -81 -82 
2016-05-19 21:56:05.529592 -88 -84 -87 -80 -80 
2016-05-19 21:56:05.942642 -87 -86 -87 -81 -81 
2016-05-19 21:56:06.321691 -84 -83 -86 -80 -87 
2016-05-19 21:56:06.546721 -84 -84 -87 -80 -82 
2016-05-19 21:56:06.700737 -83 -87 -87 -79 -82 
2016-05-19 21:56:07.839920 -86 -83 -87 -80 -82 
2016-05-19 21:56:08.166940 -82 -82 -87 -80 -80 
2016-05-19 21:56:08.429979 -84 -83 -88 -80 -82 
2016-05-19 21:56:08.776044 -89 -84 -86 -81 -82 
2016-05-19 21:56:09.185078 -87 -85 -89 -82 -86 
2016-05-19 21:56:09.320094 -90 -87 -87 -80 -86 
2016-05-19 21:56:09.588125 -89 -89 -85 -79 -83 
2016-05-19 21:56:09.799152 -89 -83 -91 -80 -84 
2016-05-19 21:56:10.449238 -89 -87 -87 -84 -83 
2016-05-19 21:56:10.590262 -85 -81 -90 -85 -84 
2016-05-19 21:56:11.131324 -87 -80 -88 -79 -82 
2016-05-19 21:56:11.304350 -84 -86 -88 -82 -88 
2016-05-19 21:56:12.015437 -81 -81 -87 -79 -82 
2016-05-19 21:56:12.336473 -85 -81 -89 -79 -82 
2016-05-19 21:56:13.362610 -84 -83 -87 -81 -82 
2016-05-19 21:56:13.628652 -85 -81 -86 -81 -84 
2016-05-19 21:56:14.566765 -85 -85 -87 -81 -85 
2016-05-19 21:56:14.774794 -81 -83 -86 -80 -85 
2016-05-19 21:56:14.990827 -84 -81 -90 -82 -89 
2016-05-19 21:56:15.793928 -85 -82 -87 -80 -84 
2016-05-19 21:56:15.966948 -82 -81 -88 -80 -87 
2016-05-19 21:56:16.231982 -85 -81 -86 -81 -85 
2016-05-19 21:56:16.407005 -82 -81 -88 -81 -84 
2016-05-19 21:56:17.163106 -86 -81 -88 -81 -82 
2016-05-19 21:56:18.070225 -87 -82 -87 -83 -83 
2016-05-19 21:56:18.189241 -87 -83 -87 -88 -89 
2016-05-19 21:56:18.248248 -86 -81 -87 -83 -87 
2016-05-19 21:56:18.480278 -91 -84 -88 -84 -86 
2016-05-19 21:56:19.122370 -83 -83 -85 -82 -87 
2016-05-19 21:56:20.085493 -87 -85 -86 -81 -86 
2016-05-19 21:56:20.206509 -86 -83 -85 -78 -87 
2016-05-19 21:56:20.353524 -85 -80 -83 -85 -86 
2016-05-19 21:56:20.481545 -87 -84 -85 -78 -85 
2016-05-19 21:56:20.669589 -87 -81 -86 -78 -86 
2016-05-19 21:56:21.014618 -85 -81 -86 -81 -87 
2016-05-19 21:56:21.435682 -84 -82 -86 -80 -87 
2016-05-19 21:56:21.700701 -85 -84 -86 -79 -87 
2016-05-19 21:56:21.859725 -89 -81 -86 -78 -87 
2016-05-19 21:56:22.364790 -88 -82 -87 -81 -85 
2016-05-19 21:56:22.504827 -92 -84 -91 -80 -85 
2016-05-19 21:56:22.703856 -87 -83 -84 -77 -88 
2016-05-19 21:56:22.915860 -89 -83 -86 -80 -89 
2016-05-19 21:56:23.704961 -86 -84 -90 -79 -87 
189
