2016-05-19 23:30:56.861743 -55 -62 -54 -58 -56 
2016-05-19 23:30:57.087779 -49 -61 -60 -70 -56 
2016-05-19 23:30:57.393809 -53 -62 -55 -64 -52 
2016-05-19 23:30:57.496828 -57 -70 -61 -75 -54 
2016-05-19 23:30:57.602833 -51 -63 -57 -61 -55 
2016-05-19 23:30:57.705850 -43 -64 -60 -58 -64 
2016-05-19 23:30:57.811867 -45 -63 -57 -62 -51 
2016-05-19 23:30:58.088901 -51 -72 -57 -62 -51 
2016-05-19 23:30:58.197911 -45 -63 -61 -66 -55 
2016-05-19 23:30:58.345933 -50 -59 -60 -64 -60 
2016-05-19 23:30:58.537962 -44 -68 -58 -66 -59 
2016-05-19 23:30:58.745993 -47 -76 -58 -60 -63 
2016-05-19 23:30:58.846006 -50 -62 -62 -65 -68 
2016-05-19 23:30:58.953156 -47 -61 -54 -62 -54 
2016-05-19 23:30:59.157052 -47 -64 -60 -65 -48 
2016-05-19 23:30:59.341070 -52 -74 -60 -64 -57 
2016-05-19 23:30:59.441086 -44 -72 -52 -70 -46 
2016-05-19 23:30:59.549098 -49 -61 -57 -67 -61 
2016-05-19 23:30:59.652116 -44 -71 -56 -65 -48 
2016-05-19 23:30:59.763122 -60 -61 -62 -76 -64 
2016-05-19 23:30:59.899143 -47 -67 -54 -63 -54 
2016-05-19 23:31:00.007162 -51 -79 -69 -64 -50 
2016-05-19 23:31:00.109164 -43 -67 -58 -62 -53 
2016-05-19 23:31:00.217306 -50 -73 -65 -63 -51 
2016-05-19 23:31:00.358194 -46 -77 -57 -61 -54 
2016-05-19 23:31:00.568220 -45 -70 -54 -75 -60 
2016-05-19 23:31:00.671237 -51 -65 -63 -67 -61 
2016-05-19 23:31:00.777256 -43 -59 -54 -75 -62 
2016-05-19 23:31:00.881266 -52 -64 -60 -65 -61 
2016-05-19 23:31:01.088289 -60 -59 -57 -66 -53 
2016-05-19 23:31:01.188301 -45 -59 -62 -66 -64 
2016-05-19 23:31:01.377458 -49 -60 -57 -70 -54 
2016-05-19 23:31:01.482346 -51 -68 -53 -78 -57 
2016-05-19 23:31:01.671368 -47 -62 -54 -70 -56 
2016-05-19 23:31:01.887399 -47 -64 -54 -66 -61 
2016-05-19 23:31:02.092426 -50 -65 -58 -64 -56 
2016-05-19 23:31:02.274447 -53 -64 -59 -64 -61 
2016-05-19 23:31:02.469472 -46 -63 -53 -62 -52 
2016-05-19 23:31:02.575485 -50 -65 -56 -61 -53 
2016-05-19 23:31:02.892531 -57 -63 -65 -58 -60 
2016-05-19 23:31:03.001670 -48 -71 -57 -69 -56 
2016-05-19 23:31:03.212573 -54 -67 -54 -70 -58 
2016-05-19 23:31:03.412599 -54 -63 -63 -57 -58 
2016-05-19 23:31:03.567619 -45 -62 -54 -57 -56 
2016-05-19 23:31:03.881658 -44 -59 -57 -59 -54 
2016-05-19 23:31:03.988668 -51 -62 -63 -59 -60 
2016-05-19 23:31:04.199698 -45 -62 -58 -62 -68 
2016-05-19 23:31:04.306712 -44 -64 -54 -61 -62 
2016-05-19 23:31:04.413723 -48 -67 -61 -57 -59 
2016-05-19 23:31:04.616753 -57 -62 -58 -62 -60 
2016-05-19 23:31:04.932798 -47 -61 -56 -64 -59 
2016-05-19 23:31:05.034807 -43 -68 -54 -58 -59 
2016-05-19 23:31:05.210829 -48 -64 -54 -58 -64 
2016-05-19 23:31:05.422862 -56 -63 -53 -60 -61 
2016-05-19 23:31:05.631885 -56 -63 -54 -63 -58 
2016-05-19 23:31:05.739899 -48 -63 -57 -63 -53 
2016-05-19 23:31:05.845913 -69 -59 -56 -66 -61 
2016-05-19 23:31:05.952931 -43 -66 -61 -56 -58 
2016-05-19 23:31:06.054940 -57 -66 -55 -59 -63 
2016-05-19 23:31:06.470995 -56 -63 -54 -58 -65 
2016-05-19 23:31:06.736029 -54 -67 -56 -62 -56 
2016-05-19 23:31:06.893054 -51 -60 -56 -57 -66 
2016-05-19 23:31:07.110078 -52 -63 -57 -63 -61 
2016-05-19 23:31:07.257098 -45 -67 -59 -56 -52 
2016-05-19 23:31:07.465125 -52 -70 -56 -69 -52 
2016-05-19 23:31:07.677152 -49 -60 -67 -56 -52 
2016-05-19 23:31:07.892180 -57 -59 -62 -63 -49 
2016-05-19 23:31:08.091206 -49 -60 -58 -65 -52 
2016-05-19 23:31:08.194345 -53 -60 -58 -61 -47 
2016-05-19 23:31:08.297233 -49 -62 -57 -59 -50 
2016-05-19 23:31:08.452260 -49 -61 -67 -65 -48 
2016-05-19 23:31:08.664295 -49 -64 -64 -72 -48 
2016-05-19 23:31:08.771302 -50 -63 -66 -57 -45 
2016-05-19 23:31:08.874449 -41 -64 -63 -67 -46 
2016-05-19 23:31:08.977329 -47 -71 -70 -61 -44 
2016-05-19 23:31:09.081342 -47 -67 -60 -52 -51 
2016-05-19 23:31:09.298505 -50 -65 -62 -67 -54 
2016-05-19 23:31:09.442519 -45 -60 -64 -62 -48 
2016-05-19 23:31:09.545406 -47 -66 -57 -77 -48 
2016-05-19 23:31:09.754557 -47 -61 -67 -57 -48 
2016-05-19 23:31:09.926453 -44 -61 -56 -58 -70 
2016-05-19 23:31:10.028468 -47 -76 -76 -59 -55 
2016-05-19 23:31:10.136473 -44 -59 -72 -52 -50 
2016-05-19 23:31:10.237486 -51 -61 -63 -69 -73 
2016-05-19 23:31:10.389507 -43 -57 -63 -66 -55 
2016-05-19 23:31:10.603535 -46 -60 -63 -65 -57 
2016-05-19 23:31:10.841565 -49 -61 -67 -63 -66 
2016-05-19 23:31:10.951580 -47 -71 -78 -71 -45 
2016-05-19 23:31:11.055593 -48 -67 -59 -65 -45 
2016-05-19 23:31:11.284627 -43 -57 -57 -64 -52 
2016-05-19 23:31:11.439644 -50 -77 -68 -63 -58 
2016-05-19 23:31:11.752684 -56 -61 -74 -68 -51 
2016-05-19 23:31:11.921706 -57 -63 -73 -63 -49 
2016-05-19 23:31:12.025720 -59 -65 -64 -62 -48 
2016-05-19 23:31:12.132734 -56 -78 -76 -62 -44 
2016-05-19 23:31:12.235749 -55 -62 -69 -72 -51 
2016-05-19 23:31:12.339761 -52 -68 -61 -61 -53 
2016-05-19 23:31:12.652801 -62 -68 -70 -62 -52 
2016-05-19 23:31:12.759816 -52 -67 -62 -62 -53 
2016-05-19 23:31:12.864830 -65 -66 -80 -64 -51 
2016-05-19 23:31:13.070856 -59 -67 -78 -63 -51 
2016-05-19 23:31:13.287902 -51 -67 -68 -60 -54 
2016-05-19 23:31:13.391898 -52 -66 -69 -63 -47 
2016-05-19 23:31:13.501914 -49 -65 -76 -75 -53 
2016-05-19 23:31:13.702939 -51 -57 -73 -72 -61 
2016-05-19 23:31:13.894966 -51 -64 -67 -74 -50 
2016-05-19 23:31:14.099124 -50 -63 -71 -66 -65 
2016-05-19 23:31:14.201005 -50 -64 -67 -73 -48 
2016-05-19 23:31:14.306018 -48 -62 -76 -61 -60 
2016-05-19 23:31:14.753076 -53 -64 -77 -68 -52 
2016-05-19 23:31:14.939234 -48 -68 -65 -64 -57 
2016-05-19 23:31:15.046115 -49 -66 -86 -60 -52 
2016-05-19 23:31:15.153128 -51 -76 -72 -68 -56 
2016-05-19 23:31:15.463169 -56 -64 -70 -57 -56 
2016-05-19 23:31:15.598186 -50 -63 -70 -61 -65 
2016-05-19 23:31:15.774211 -46 -64 -72 -64 -62 
2016-05-19 23:31:15.881224 -49 -62 -76 -58 -48 
2016-05-19 23:31:15.991238 -63 -65 -66 -54 -65 
2016-05-19 23:31:16.113254 -49 -68 -83 -59 -52 
2016-05-19 23:31:16.218267 -52 -69 -74 -69 -64 
2016-05-19 23:31:16.406292 -50 -67 -74 -67 -56 
2016-05-19 23:31:16.508305 -61 -71 -71 -61 -51 
2016-05-19 23:31:16.612319 -53 -62 -70 -75 -64 
2016-05-19 23:31:16.821346 -72 -64 -69 -67 -52 
2016-05-19 23:31:16.926360 -57 -62 -69 -66 -47 
2016-05-19 23:31:17.024379 -43 -61 -81 -52 -60 
2016-05-19 23:31:17.128387 -61 -60 -66 -66 -45 
2016-05-19 23:31:17.260404 -44 -58 -75 -53 -58 
2016-05-19 23:31:17.367418 -59 -65 -66 -63 -65 
2016-05-19 23:31:17.572445 -49 -68 -70 -57 -58 
2016-05-19 23:31:17.678458 -43 -60 -67 -63 -52 
2016-05-19 23:31:17.785472 -52 -70 -82 -65 -52 
2016-05-19 23:31:17.968496 -41 -59 -66 -61 -49 
2016-05-19 23:31:18.174525 -47 -58 -69 -54 -56 
2016-05-19 23:31:18.356547 -42 -69 -67 -68 -53 
2016-05-19 23:31:18.568575 -42 -67 -69 -63 -52 
2016-05-19 23:31:18.746599 -43 -66 -68 -61 -52 
2016-05-19 23:31:18.848611 -55 -66 -66 -70 -54 
2016-05-19 23:31:18.946624 -42 -69 -75 -54 -49 
2016-05-19 23:31:19.057638 -54 -66 -65 -66 -55 
2016-05-19 23:31:19.157652 -41 -68 -70 -55 -49 
2016-05-19 23:31:19.461691 -48 -62 -63 -61 -55 
2016-05-19 23:31:19.564706 -43 -72 -66 -54 -49 
2016-05-19 23:31:19.666718 -57 -60 -75 -66 -52 
2016-05-19 23:31:19.770732 -43 -63 -68 -54 -49 
2016-05-19 23:31:19.878746 -59 -73 -79 -66 -52 
2016-05-19 23:31:19.982759 -42 -61 -71 -54 -50 
2016-05-19 23:31:20.092774 -42 -65 -66 -59 -51 
2016-05-19 23:31:20.307804 -46 -64 -66 -62 -61 
2016-05-19 23:31:20.413815 -42 -61 -72 -55 -58 
2016-05-19 23:31:20.585838 -47 -62 -70 -65 -51 
2016-05-19 23:31:20.798867 -48 -61 -74 -77 -53 
2016-05-19 23:31:21.017894 -51 -60 -70 -54 -56 
2016-05-19 23:31:21.220921 -48 -59 -68 -67 -54 
2016-05-19 23:31:21.357942 -55 -67 -69 -59 -52 
2016-05-19 23:31:21.532962 -49 -57 -75 -63 -48 
2016-05-19 23:31:21.746990 -57 -63 -70 -59 -53 
2016-05-19 23:31:21.851003 -52 -79 -71 -52 -63 
2016-05-19 23:31:22.017025 -50 -62 -72 -60 -53 
2016-05-19 23:31:22.226053 -50 -64 -71 -65 -50 
2016-05-19 23:31:22.371071 -44 -64 -69 -56 -50 
2016-05-19 23:31:22.617103 -49 -66 -68 -62 -56 
2016-05-19 23:31:22.718117 -51 -63 -65 -62 -49 
2016-05-19 23:31:22.882139 -51 -58 -68 -62 -53 
2016-05-19 23:31:23.094165 -45 -59 -65 -71 -54 
2016-05-19 23:31:23.199180 -48 -65 -63 -74 -62 
2016-05-19 23:31:23.305224 -48 -59 -80 -62 -50 
2016-05-19 23:31:23.514233 -45 -57 -64 -66 -55 
2016-05-19 23:31:23.621243 -47 -62 -63 -58 -52 
2016-05-19 23:31:23.727257 -42 -57 -65 -68 -51 
2016-05-19 23:31:23.943284 -44 -64 -64 -80 -54 
2016-05-19 23:31:24.047298 -45 -59 -62 -60 -58 
2016-05-19 23:31:24.218320 -48 -72 -63 -67 -52 
2016-05-19 23:31:24.366340 -60 -60 -61 -63 -50 
2016-05-19 23:31:24.536362 -44 -62 -65 -59 -45 
2016-05-19 23:31:24.711385 -44 -63 -65 -64 -63 
2016-05-19 23:31:24.819403 -50 -67 -63 -82 -45 
2016-05-19 23:31:25.133432 -50 -57 -69 -55 -45 
2016-05-19 23:31:25.314460 -50 -68 -65 -53 -57 
2016-05-19 23:31:25.515479 -50 -65 -74 -73 -51 
2016-05-19 23:31:25.703507 -48 -63 -61 -62 -55 
2016-05-19 23:31:25.805517 -45 -71 -70 -52 -59 
2016-05-19 23:31:25.924665 -42 -59 -75 -57 -58 
2016-05-19 23:31:26.074560 -40 -60 -67 -58 -43 
2016-05-19 23:31:26.395594 -44 -59 -65 -58 -50 
2016-05-19 23:31:26.559622 -42 -77 -66 -79 -44 
2016-05-19 23:31:26.665629 -48 -56 -60 -54 -43 
2016-05-19 23:31:26.975670 -52 -63 -67 -59 -41 
2016-05-19 23:31:27.079690 -53 -63 -65 -54 -39 
2016-05-19 23:31:27.173699 -44 -62 -66 -57 -40 
2016-05-19 23:31:27.281714 -44 -62 -60 -52 -42 
2016-05-19 23:31:27.383726 -56 -51 -66 -63 -42 
2016-05-19 23:31:27.590751 -51 -63 -71 -59 -46 
2016-05-19 23:31:27.805778 -58 -59 -68 -57 -46 
2016-05-19 23:31:27.908796 -45 -69 -70 -65 -51 
2016-05-19 23:31:28.036940 -56 -65 -81 -55 -42 
2016-05-19 23:31:28.177830 -45 -59 -65 -64 -47 
2016-05-19 23:31:28.344857 -45 -59 -65 -54 -43 
2016-05-19 23:31:28.553878 -51 -68 -68 -71 -49 
2016-05-19 23:31:28.675892 -42 -60 -62 -59 -45 
2016-05-19 23:31:28.930926 -47 -59 -66 -57 -49 
2016-05-19 23:31:29.098950 -49 -63 -63 -60 -45 
2016-05-19 23:31:29.178961 -51 -73 -70 -66 -51 
2016-05-19 23:31:29.265970 -44 -59 -74 -69 -47 
2016-05-19 23:31:29.477128 -45 -57 -69 -62 -56 
2016-05-19 23:31:29.662024 -44 -65 -67 -64 -45 
2016-05-19 23:31:29.808043 -47 -61 -61 -60 -48 
2016-05-19 23:31:29.915062 -46 -62 -67 -65 -46 
2016-05-19 23:31:30.018070 -47 -56 -65 -67 -50 
2016-05-19 23:31:30.120088 -45 -60 -67 -60 -43 
2016-05-19 23:31:30.235103 -50 -56 -69 -62 -47 
2016-05-19 23:31:30.338112 -49 -62 -70 -62 -48 
2016-05-19 23:31:30.530141 -45 -59 -73 -60 -48 
2016-05-19 23:31:30.655157 -46 -63 -75 -61 -52 
2016-05-19 23:31:30.816172 -45 -57 -75 -64 -50 
2016-05-19 23:31:30.922188 -47 -62 -75 -61 -50 
2016-05-19 23:31:31.139217 -46 -56 -76 -66 -51 
2016-05-19 23:31:31.232229 -45 -61 -69 -62 -51 
2016-05-19 23:31:31.332242 -52 -56 -79 -65 -50 
2016-05-19 23:31:31.439256 -48 -60 -66 -60 -52 
2016-05-19 23:31:31.531266 -45 -57 -78 -63 -49 
2016-05-19 23:31:31.631279 -53 -60 -65 -64 -51 
2016-05-19 23:31:31.875317 -48 -59 -76 -62 -50 
2016-05-19 23:31:31.976323 -59 -62 -71 -61 -48 
2016-05-19 23:31:32.080343 -45 -59 -72 -61 -49 
2016-05-19 23:31:32.260367 -60 -64 -70 -63 -49 
2016-05-19 23:31:32.498394 -49 -64 -66 -61 -49 
2016-05-19 23:31:32.597410 -75 -59 -62 -61 -47 
2016-05-19 23:31:32.701551 -56 -65 -72 -64 -45 
2016-05-19 23:31:32.803434 -56 -62 -65 -60 -49 
2016-05-19 23:31:32.909450 -62 -66 -70 -67 -50 
2016-05-19 23:31:33.017462 -50 -62 -68 -62 -44 
2016-05-19 23:31:33.120480 -56 -65 -65 -67 -52 
2016-05-19 23:31:33.227489 -50 -61 -69 -74 -43 
2016-05-19 23:31:33.338512 -52 -63 -63 -68 -61 
2016-05-19 23:31:33.623548 -52 -63 -65 -65 -51 
2016-05-19 23:31:33.744565 -48 -57 -76 -57 -50 
2016-05-19 23:31:33.951588 -49 -61 -67 -60 -49 
2016-05-19 23:31:34.160624 -50 -58 -66 -58 -50 
2016-05-19 23:31:34.369646 -44 -61 -72 -67 -51 
2016-05-19 23:31:34.473659 -52 -61 -76 -67 -49 
2016-05-19 23:31:34.677816 -51 -58 -70 -66 -47 
2016-05-19 23:31:34.785706 -51 -64 -67 -66 -48 
2016-05-19 23:31:34.919718 -50 -64 -63 -59 -45 
2016-05-19 23:31:35.006726 -51 -57 -71 -69 -56 
2016-05-19 23:31:35.114736 -47 -71 -63 -61 -47 
2016-05-19 23:31:35.318763 -50 -62 -66 -59 -52 
2016-05-19 23:31:35.419776 -51 -66 -63 -66 -52 
2016-05-19 23:31:35.559794 -47 -66 -67 -59 -51 
2016-05-19 23:31:35.731814 -49 -63 -71 -66 -49 
2016-05-19 23:31:35.833830 -46 -65 -60 -63 -53 
2016-05-19 23:31:35.941973 -52 -64 -71 -63 -48 
2016-05-19 23:31:36.044857 -48 -64 -62 -62 -51 
2016-05-19 23:31:36.232882 -46 -66 -65 -68 -51 
2016-05-19 23:31:36.340899 -45 -63 -83 -67 -51 
2016-05-19 23:31:36.551921 -45 -61 -73 -62 -50 
2016-05-19 23:31:36.751947 -45 -60 -73 -66 -47 
2016-05-19 23:31:36.878966 -52 -65 -61 -62 -49 
2016-05-19 23:31:36.977979 -49 -60 -80 -62 -45 
2016-05-19 23:31:37.163003 -50 -61 -69 -69 -49 
2016-05-19 23:31:37.288028 -53 -59 -64 -68 -55 
2016-05-19 23:31:37.392031 -50 -60 -79 -68 -48 
2016-05-19 23:31:37.502177 -52 -64 -61 -63 -54 
2016-05-19 23:31:37.607059 -46 -58 -69 -64 -53 
2016-05-19 23:31:37.901104 -51 -61 -79 -66 -52 
2016-05-19 23:31:38.010114 -51 -61 -66 -59 -49 
2016-05-19 23:31:38.215142 -45 -66 -65 -68 -48 
2016-05-19 23:31:38.318283 -47 -61 -66 -59 -49 
2016-05-19 23:31:38.426172 -51 -71 -70 -75 -46 
2016-05-19 23:31:38.660198 -45 -64 -67 -54 -43 
2016-05-19 23:31:38.905231 -58 -67 -70 -55 -44 
2016-05-19 23:31:39.118388 -54 -56 -71 -62 -46 
2016-05-19 23:31:39.261281 -47 -56 -64 -62 -42 
2016-05-19 23:31:39.584320 -53 -63 -64 -67 -45 
2016-05-19 23:31:39.888359 -51 -61 -67 -60 -48 
2016-05-19 23:31:39.997371 -51 -68 -61 -58 -46 
2016-05-19 23:31:40.133392 -50 -60 -73 -52 -44 
2016-05-19 23:31:40.241410 -62 -70 -59 -62 -55 
2016-05-19 23:31:40.345419 -48 -64 -59 -59 -43 
2016-05-19 23:31:40.549446 -49 -63 -68 -67 -47 
2016-05-19 23:31:40.738471 -49 -60 -71 -60 -49 
2016-05-19 23:31:40.948498 -44 -62 -61 -65 -48 
2016-05-19 23:31:41.154530 -46 -61 -64 -62 -57 
2016-05-19 23:31:41.257535 -60 -66 -71 -64 -46 
2016-05-19 23:31:41.357549 -52 -60 -63 -71 -56 
2016-05-19 23:31:41.503571 -59 -65 -65 -68 -47 
2016-05-19 23:31:41.916628 -54 -64 -67 -65 -48 
2016-05-19 23:31:42.053643 -53 -55 -66 -64 -51 
2016-05-19 23:31:42.262799 -50 -61 -69 -62 -46 
2016-05-19 23:31:42.480698 -49 -66 -68 -64 -47 
2016-05-19 23:31:42.627717 -52 -68 -66 -67 -45 
2016-05-19 23:31:42.833744 -51 -62 -70 -60 -48 
2016-05-19 23:31:42.935758 -53 -60 -66 -67 -44 
2016-05-19 23:31:43.036775 -53 -74 -75 -76 -58 
2016-05-19 23:31:43.140784 -56 -63 -71 -63 -53 
2016-05-19 23:31:43.344812 -50 -65 -75 -76 -44 
2016-05-19 23:31:43.551842 -53 -58 -74 -76 -44 
2016-05-19 23:31:43.657859 -51 -62 -63 -62 -50 
2016-05-19 23:31:43.758995 -48 -62 -71 -63 -44 
2016-05-19 23:31:43.943018 -48 -63 -73 -63 -46 
2016-05-19 23:31:44.050903 -51 -64 -69 -73 -50 
2016-05-19 23:31:44.152915 -50 -63 -73 -65 -48 
2016-05-19 23:31:44.305937 -62 -68 -69 -80 -43 
2016-05-19 23:31:44.517961 -47 -65 -65 -62 -44 
2016-05-19 23:31:44.621982 -62 -64 -68 -60 -68 
2016-05-19 23:31:44.807131 -57 -74 -79 -64 -46 
2016-05-19 23:31:44.968020 -61 -64 -68 -62 -49 
2016-05-19 23:31:45.190052 -52 -63 -72 -63 -57 
2016-05-19 23:31:45.297070 -56 -62 -64 -62 -54 
2016-05-19 23:31:45.481090 -51 -67 -67 -66 -56 
2016-05-19 23:31:45.584104 -49 -69 -75 -63 -45 
2016-05-19 23:31:45.690117 -53 -65 -63 -60 -46 
2016-05-19 23:31:45.792134 -49 -60 -69 -71 -52 
2016-05-19 23:31:45.901145 -52 -63 -65 -62 -51 
2016-05-19 23:31:46.096170 -48 -63 -82 -65 -48 
2016-05-19 23:31:46.281195 -45 -64 -69 -61 -45 
2016-05-19 23:31:46.596236 -48 -60 -65 -62 -44 
2016-05-19 23:31:46.704250 -43 -63 -63 -65 -44 
2016-05-19 23:31:46.870272 -45 -71 -62 -89 -45 
2016-05-19 23:31:47.032296 -45 -60 -65 -62 -48 
2016-05-19 23:31:47.242325 -48 -59 -60 -64 -44 
2016-05-19 23:31:47.452351 -51 -62 -63 -70 -43 
2016-05-19 23:31:47.755388 -47 -66 -64 -61 -46 
2016-05-19 23:31:47.856400 -43 -65 -62 -63 -43 
2016-05-19 23:31:47.981416 -54 -62 -65 -66 -48 
2016-05-19 23:31:48.085430 -47 -60 -61 -63 -45 
2016-05-19 23:31:48.190445 -52 -63 -62 -69 -49 
2016-05-19 23:31:48.299459 -47 -64 -62 -66 -48 
2016-05-19 23:31:48.505492 -49 -62 -61 -67 -46 
2016-05-19 23:31:48.679646 -50 -57 -65 -63 -45 
2016-05-19 23:31:48.814533 -47 -54 -65 -69 -47 
2016-05-19 23:31:48.951553 -49 -61 -65 -70 -45 
2016-05-19 23:31:49.052568 -54 -64 -64 -71 -48 
2016-05-19 23:31:49.151579 -43 -60 -61 -60 -47 
2016-05-19 23:31:49.256590 -55 -61 -61 -63 -58 
2016-05-19 23:31:49.451620 -55 -61 -62 -67 -48 
2016-05-19 23:31:49.556630 -48 -64 -59 -71 -44 
2016-05-19 23:31:49.658640 -44 -70 -63 -69 -48 
2016-05-19 23:31:49.852674 -49 -67 -65 -69 -45 
2016-05-19 23:31:50.165710 -48 -53 -63 -64 -42 
2016-05-19 23:31:50.558757 -56 -56 -62 -64 -43 
2016-05-19 23:31:50.728780 -52 -55 -63 -62 -41 
2016-05-19 23:31:50.829796 -44 -73 -65 -57 -43 
2016-05-19 23:31:50.941811 -52 -56 -62 -72 -50 
2016-05-19 23:31:51.048822 -43 -75 -65 -56 -43 
2016-05-19 23:31:51.122839 -51 -55 -61 -69 -41 
2016-05-19 23:31:51.222853 -43 -65 -64 -59 -50 
2016-05-19 23:31:51.536019 -50 -73 -61 -65 -46 
2016-05-19 23:31:51.745915 -50 -71 -63 -66 -46 
2016-05-19 23:31:51.885934 -44 -57 -68 -82 -44 
2016-05-19 23:31:52.044955 -51 -60 -67 -63 -47 
2016-05-19 23:31:52.192103 -48 -63 -63 -60 -48 
2016-05-19 23:31:52.358000 -44 -58 -62 -63 -47 
2016-05-19 23:31:52.465011 -49 -57 -63 -72 -46 
2016-05-19 23:31:52.567024 -52 -59 -63 -59 -51 
2016-05-19 23:31:52.666055 -44 -59 -61 -73 -44 
2016-05-19 23:31:52.768179 -52 -55 -66 -65 -49 
2016-05-19 23:31:52.978081 -49 -62 -66 -68 -47 
2016-05-19 23:31:53.185104 -50 -61 -66 -66 -44 
2016-05-19 23:31:53.398136 -53 -59 -66 -60 -47 
2016-05-19 23:31:53.507146 -47 -57 -74 -55 -51 
2016-05-19 23:31:53.814182 -52 -56 -69 -60 -47 
2016-05-19 23:31:53.918205 -58 -59 -61 -59 -53 
2016-05-19 23:31:54.114222 -45 -54 -65 -67 -45 
2016-05-19 23:31:54.366258 -56 -54 -68 -61 -47 
2016-05-19 23:31:54.471271 -52 -55 -64 -58 -45 
2016-05-19 23:31:54.640423 -50 -55 -65 -76 -50 
2016-05-19 23:31:54.752438 -58 -60 -64 -65 -44 
2016-05-19 23:31:54.857322 -52 -60 -54 -61 -42 
2016-05-19 23:31:55.066349 -48 -67 -55 -57 -52 
2016-05-19 23:31:55.175357 -43 -61 -58 -58 -44 
2016-05-19 23:31:55.278373 -59 -61 -75 -65 -42 
2016-05-19 23:31:55.387384 -57 -63 -67 -68 -42 
2016-05-19 23:31:55.495398 -60 -59 -67 -60 -59 
2016-05-19 23:31:55.737429 -44 -58 -65 -59 -49 
2016-05-19 23:31:55.846443 -45 -68 -72 -71 -49 
2016-05-19 23:31:56.140484 -82 -65 -71 -62 -56 
2016-05-19 23:31:56.485527 -50 -64 -70 -60 -48 
2016-05-19 23:31:56.693558 -48 -62 -73 -60 -54 
2016-05-19 23:31:56.908586 -47 -59 -73 -59 -61 
2016-05-19 23:31:57.087606 -55 -58 -70 -62 -61 
2016-05-19 23:31:57.394643 -51 -68 -73 -60 -52 
2016-05-19 23:31:57.502660 -65 -57 -65 -58 -54 
2016-05-19 23:31:57.605674 -50 -70 -82 -60 -54 
2016-05-19 23:31:57.717688 -83 -69 -67 -57 -48 
2016-05-19 23:31:57.925715 -50 -66 -67 -62 -51 
2016-05-19 23:31:58.029726 -74 -71 -80 -65 -63 
2016-05-19 23:31:58.218758 -51 -59 -73 -59 -51 
2016-05-19 23:31:58.343776 -52 -58 -68 -69 -60 
2016-05-19 23:31:58.623810 -57 -62 -66 -65 -52 
2016-05-19 23:31:58.726821 -48 -68 -74 -62 -51 
2016-05-19 23:31:58.837834 -65 -60 -67 -65 -53 
2016-05-19 23:31:58.968857 -45 -62 -68 -62 -60 
2016-05-19 23:31:59.121872 -45 -63 -71 -59 -54 
2016-05-19 23:31:59.275892 -59 -63 -74 -62 -54 
2016-05-19 23:31:59.378909 -44 -66 -74 -62 -52 
2016-05-19 23:31:59.573935 -58 -72 -77 -62 -50 
2016-05-19 23:31:59.683949 -56 -69 -72 -60 -54 
2016-05-19 23:31:59.966982 -46 -68 -74 -60 -51 
2016-05-19 23:32:00.201141 -53 -62 -72 -59 -53 
2016-05-19 23:32:00.416041 -55 -65 -66 -59 -54 
2016-05-19 23:32:00.525053 -50 -60 -63 -57 -51 
2016-05-19 23:32:00.629072 -62 -54 -74 -62 -54 
2016-05-19 23:32:00.735080 -52 -66 -64 -55 -53 
2016-05-19 23:32:00.844101 -62 -57 -74 -59 -52 
2016-05-19 23:32:01.150134 -50 -69 -67 -59 -51 
2016-05-19 23:32:01.254154 -44 -55 -75 -58 -59 
2016-05-19 23:32:01.361166 -50 -65 -65 -62 -55 
2016-05-19 23:32:01.471179 -59 -65 -74 -59 -57 
2016-05-19 23:32:01.576217 -46 -67 -64 -60 -50 
2016-05-19 23:32:01.783220 -44 -65 -67 -60 -53 
2016-05-19 23:32:01.895254 -61 -61 -73 -61 -62 
2016-05-19 23:32:01.995244 -50 -66 -65 -59 -53 
2016-05-19 23:32:02.099265 -60 -59 -77 -59 -53 
2016-05-19 23:32:02.305417 -59 -58 -69 -59 -61 
415
