2016-05-19 23:29:40.122714 -55 -52 -48 -60 -56 
2016-05-19 23:29:40.327740 -52 -52 -51 -60 -59 
2016-05-19 23:29:40.655786 -56 -59 -52 -74 -53 
2016-05-19 23:29:40.849811 -54 -63 -54 -63 -60 
2016-05-19 23:29:41.168853 -53 -62 -54 -59 -61 
2016-05-19 23:29:41.292866 -49 -55 -49 -60 -51 
2016-05-19 23:29:41.407014 -60 -54 -60 -53 -66 
2016-05-19 23:29:41.513898 -47 -50 -58 -70 -61 
2016-05-19 23:29:41.723925 -52 -61 -56 -61 -57 
2016-05-19 23:29:41.935082 -50 -52 -53 -73 -54 
2016-05-19 23:29:42.081976 -58 -58 -52 -60 -62 
2016-05-19 23:29:42.184986 -55 -49 -57 -62 -56 
2016-05-19 23:29:42.344006 -57 -52 -48 -60 -60 
2016-05-19 23:29:42.509028 -60 -60 -47 -72 -55 
2016-05-19 23:29:42.613038 -53 -50 -52 -59 -71 
2016-05-19 23:29:42.751061 -54 -51 -47 -62 -67 
2016-05-19 23:29:42.958083 -57 -50 -54 -60 -54 
2016-05-19 23:29:43.062103 -54 -51 -53 -61 -74 
2016-05-19 23:29:43.167119 -58 -50 -59 -71 -55 
2016-05-19 23:29:43.270127 -65 -50 -50 -58 -68 
2016-05-19 23:29:43.484163 -59 -53 -55 -61 -54 
2016-05-19 23:29:43.796203 -55 -51 -54 -66 -52 
2016-05-19 23:29:44.005230 -55 -53 -55 -64 -49 
2016-05-19 23:29:44.107249 -54 -49 -49 -60 -60 
2016-05-19 23:29:44.432294 -57 -51 -55 -64 -57 
2016-05-19 23:29:44.745328 -53 -50 -54 -64 -58 
2016-05-19 23:29:44.855471 -53 -51 -63 -62 -52 
2016-05-19 23:29:45.182390 -57 -52 -53 -65 -59 
2016-05-19 23:29:45.288395 -62 -54 -49 -76 -61 
2016-05-19 23:29:45.448415 -54 -52 -49 -61 -58 
2016-05-19 23:29:45.598435 -53 -48 -47 -58 -60 
2016-05-19 23:29:45.702456 -50 -51 -60 -66 -62 
2016-05-19 23:29:45.808463 -48 -48 -50 -57 -51 
2016-05-19 23:29:45.912484 -51 -49 -64 -68 -62 
2016-05-19 23:29:46.017498 -48 -53 -47 -64 -59 
2016-05-19 23:29:46.193513 -61 -49 -46 -60 -65 
2016-05-19 23:29:46.296529 -52 -54 -62 -58 -52 
2016-05-19 23:29:46.464552 -58 -53 -48 -60 -55 
2016-05-19 23:29:46.678577 -59 -51 -53 -59 -52 
2016-05-19 23:29:46.785593 -59 -52 -60 -69 -59 
2016-05-19 23:29:46.895738 -54 -49 -45 -58 -53 
2016-05-19 23:29:46.996621 -55 -61 -59 -69 -49 
2016-05-19 23:29:47.198644 -58 -48 -54 -62 -50 
2016-05-19 23:29:47.367799 -54 -55 -55 -75 -51 
2016-05-19 23:29:47.574696 -60 -54 -54 -72 -50 
2016-05-19 23:29:47.683708 -58 -52 -48 -55 -56 
2016-05-19 23:29:47.793722 -62 -52 -46 -66 -63 
2016-05-19 23:29:47.894746 -55 -50 -50 -56 -57 
2016-05-19 23:29:47.997750 -50 -51 -47 -63 -51 
2016-05-19 23:29:48.114760 -56 -49 -47 -57 -61 
2016-05-19 23:29:48.223904 -66 -52 -48 -63 -62 
2016-05-19 23:29:48.324788 -54 -47 -48 -65 -59 
2016-05-19 23:29:48.563816 -59 -51 -49 -64 -52 
2016-05-19 23:29:48.668829 -50 -46 -58 -67 -53 
2016-05-19 23:29:48.774849 -50 -53 -49 -57 -53 
2016-05-19 23:29:48.879989 -51 -48 -51 -66 -51 
2016-05-19 23:29:48.978870 -66 -54 -48 -60 -51 
2016-05-19 23:29:49.188898 -66 -54 -51 -65 -52 
2016-05-19 23:29:49.372930 -61 -58 -52 -83 -49 
2016-05-19 23:29:49.584081 -59 -60 -53 -71 -51 
2016-05-19 23:29:49.689965 -48 -55 -57 -66 -68 
2016-05-19 23:29:49.792986 -58 -48 -50 -68 -47 
2016-05-19 23:29:49.897997 -57 -56 -52 -61 -59 
2016-05-19 23:29:50.103023 -51 -55 -47 -71 -51 
2016-05-19 23:29:50.205033 -58 -60 -48 -69 -70 
2016-05-19 23:29:50.310046 -47 -53 -60 -59 -54 
2016-05-19 23:29:50.518078 -50 -51 -49 -58 -61 
2016-05-19 23:29:50.712101 -63 -63 -53 -54 -56 
2016-05-19 23:29:50.846117 -46 -52 -51 -52 -45 
2016-05-19 23:29:51.028146 -52 -50 -57 -56 -51 
2016-05-19 23:29:51.136283 -54 -57 -52 -62 -45 
2016-05-19 23:29:51.345182 -52 -54 -61 -62 -45 
2016-05-19 23:29:51.452196 -50 -52 -57 -61 -57 
2016-05-19 23:29:51.556209 -53 -60 -54 -67 -47 
2016-05-19 23:29:51.662223 -45 -51 -70 -63 -63 
2016-05-19 23:29:51.865250 -64 -56 -52 -61 -51 
2016-05-19 23:29:51.989263 -50 -67 -62 -59 -56 
2016-05-19 23:29:52.108284 -57 -48 -58 -56 -52 
2016-05-19 23:29:52.211296 -52 -53 -68 -59 -53 
2016-05-19 23:29:52.314307 -54 -51 -55 -52 -61 
2016-05-19 23:29:52.436324 -54 -62 -57 -50 -81 
2016-05-19 23:29:52.641351 -53 -56 -54 -59 -52 
2016-05-19 23:29:52.929386 -53 -61 -57 -85 -57 
2016-05-19 23:29:53.033406 -49 -56 -58 -56 -62 
2016-05-19 23:29:53.242430 -52 -58 -64 -56 -58 
2016-05-19 23:29:53.427461 -68 -63 -62 -49 -60 
2016-05-19 23:29:53.574478 -50 -62 -54 -60 -62 
2016-05-19 23:29:53.677494 -60 -80 -65 -72 -53 
2016-05-19 23:29:53.780507 -55 -57 -55 -59 -53 
2016-05-19 23:29:53.992695 -59 -58 -59 -59 -56 
2016-05-19 23:29:54.192563 -51 -61 -58 -55 -52 
2016-05-19 23:29:54.302575 -53 -57 -68 -65 -53 
2016-05-19 23:29:54.403594 -58 -63 -66 -62 -51 
2016-05-19 23:29:54.582614 -64 -57 -65 -71 -47 
2016-05-19 23:29:54.711629 -56 -60 -66 -55 -45 
2016-05-19 23:29:54.819640 -54 -65 -58 -52 -55 
2016-05-19 23:29:54.925657 -47 -53 -61 -63 -52 
2016-05-19 23:29:55.135684 -51 -60 -64 -56 -53 
2016-05-19 23:29:55.252702 -58 -65 -53 -62 -51 
2016-05-19 23:29:55.417721 -47 -51 -58 -62 -50 
2016-05-19 23:29:55.518740 -55 -60 -65 -59 -49 
2016-05-19 23:29:55.627749 -57 -51 -63 -64 -51 
2016-05-19 23:29:55.767767 -56 -65 -59 -62 -50 
2016-05-19 23:29:55.967792 -47 -55 -61 -55 -48 
2016-05-19 23:29:56.075807 -60 -56 -59 -58 -56 
2016-05-19 23:29:56.175820 -50 -57 -65 -55 -53 
2016-05-19 23:29:56.283839 -62 -49 -62 -53 -55 
2016-05-19 23:29:56.392850 -59 -57 -66 -58 -51 
2016-05-19 23:29:56.498866 -60 -56 -71 -53 -50 
2016-05-19 23:29:56.607876 -61 -62 -67 -57 -47 
2016-05-19 23:29:56.808910 -50 -57 -67 -57 -60 
2016-05-19 23:29:56.917917 -59 -51 -79 -57 -54 
2016-05-19 23:29:57.025931 -57 -50 -64 -58 -58 
2016-05-19 23:29:57.126944 -56 -59 -72 -60 -60 
2016-05-19 23:29:57.234958 -61 -50 -70 -60 -54 
2016-05-19 23:29:57.441985 -58 -54 -68 -57 -60 
2016-05-19 23:29:57.545999 -57 -52 -75 -57 -49 
2016-05-19 23:29:57.648012 -51 -52 -68 -55 -52 
2016-05-19 23:29:57.752027 -56 -52 -72 -57 -49 
2016-05-19 23:29:57.872041 -49 -52 -64 -55 -63 
2016-05-19 23:29:58.066067 -50 -56 -62 -55 -53 
2016-05-19 23:29:58.175079 -58 -52 -74 -57 -52 
2016-05-19 23:29:58.382109 -58 -55 -64 -60 -57 
2016-05-19 23:29:58.490119 -52 -57 -65 -58 -52 
2016-05-19 23:29:58.705283 -54 -54 -66 -57 -55 
2016-05-19 23:29:58.884179 -56 -51 -62 -59 -56 
2016-05-19 23:29:58.992188 -52 -51 -62 -58 -54 
2016-05-19 23:29:59.336233 -54 -53 -65 -58 -56 
2016-05-19 23:29:59.441248 -57 -52 -57 -63 -59 
2016-05-19 23:29:59.545392 -53 -57 -57 -58 -58 
2016-05-19 23:29:59.648273 -57 -53 -59 -64 -60 
2016-05-19 23:29:59.750284 -52 -56 -56 -59 -54 
2016-05-19 23:29:59.957314 -51 -51 -66 -61 -55 
2016-05-19 23:30:00.157340 -56 -50 -70 -62 -61 
2016-05-19 23:30:00.257483 -52 -51 -61 -56 -56 
2016-05-19 23:30:00.365365 -51 -56 -58 -63 -61 
2016-05-19 23:30:00.580392 -58 -54 -58 -60 -56 
2016-05-19 23:30:00.688409 -53 -52 -73 -62 -56 
2016-05-19 23:30:00.794428 -58 -56 -58 -57 -60 
2016-05-19 23:30:00.902438 -53 -52 -72 -65 -56 
2016-05-19 23:30:01.007453 -58 -54 -59 -56 -60 
2016-05-19 23:30:01.113467 -52 -51 -72 -64 -55 
2016-05-19 23:30:01.318492 -52 -54 -66 -57 -58 
2016-05-19 23:30:01.424512 -52 -57 -60 -65 -60 
2016-05-19 23:30:01.602530 -51 -50 -59 -60 -56 
2016-05-19 23:30:01.737548 -51 -51 -58 -63 -57 
2016-05-19 23:30:01.842561 -53 -56 -59 -58 -59 
2016-05-19 23:30:01.951574 -57 -52 -57 -64 -55 
2016-05-19 23:30:02.364635 -52 -53 -65 -61 -57 
2016-05-19 23:30:02.468642 -57 -51 -74 -66 -59 
2016-05-19 23:30:02.678669 -57 -50 -66 -59 -60 
2016-05-19 23:30:02.786684 -52 -50 -60 -58 -55 
2016-05-19 23:30:02.892698 -53 -52 -58 -63 -57 
2016-05-19 23:30:03.087724 -57 -54 -58 -62 -55 
2016-05-19 23:30:03.193866 -52 -53 -59 -58 -55 
2016-05-19 23:30:03.355755 -55 -50 -58 -62 -57 
2016-05-19 23:30:03.457773 -58 -56 -59 -60 -54 
2016-05-19 23:30:03.561915 -52 -50 -72 -65 -57 
2016-05-19 23:30:03.771812 -51 -50 -59 -64 -56 
2016-05-19 23:30:03.935831 -52 -57 -58 -66 -57 
2016-05-19 23:30:04.107856 -52 -53 -57 -59 -55 
2016-05-19 23:30:04.258876 -51 -52 -60 -68 -57 
2016-05-19 23:30:04.462903 -51 -53 -57 -65 -61 
2016-05-19 23:30:04.565913 -57 -51 -60 -62 -59 
2016-05-19 23:30:04.766942 -55 -54 -65 -57 -60 
2016-05-19 23:30:04.973969 -57 -57 -67 -60 -57 
2016-05-19 23:30:05.190002 -54 -59 -57 -54 -56 
2016-05-19 23:30:05.405032 -61 -52 -64 -57 -52 
2016-05-19 23:30:05.602053 -65 -61 -56 -60 -54 
2016-05-19 23:30:05.711062 -54 -56 -52 -62 -49 
2016-05-19 23:30:05.922224 -60 -63 -56 -59 -54 
2016-05-19 23:30:06.027109 -54 -60 -55 -51 -56 
2016-05-19 23:30:06.131117 -49 -76 -59 -58 -48 
2016-05-19 23:30:06.266135 -53 -57 -57 -58 -53 
2016-05-19 23:30:06.448162 -44 -60 -54 -61 -60 
2016-05-19 23:30:06.555181 -52 -58 -58 -63 -47 
2016-05-19 23:30:06.658319 -48 -58 -54 -68 -55 
2016-05-19 23:30:06.871214 -49 -62 -57 -56 -64 
2016-05-19 23:30:06.974230 -51 -55 -59 -66 -57 
2016-05-19 23:30:07.081241 -50 -60 -63 -57 -54 
2016-05-19 23:30:07.297273 -53 -60 -67 -67 -57 
2016-05-19 23:30:07.406284 -45 -64 -52 -58 -70 
2016-05-19 23:30:07.555311 -52 -68 -56 -60 -57 
2016-05-19 23:30:07.769334 -51 -75 -52 -67 -58 
2016-05-19 23:30:07.873348 -52 -59 -57 -60 -49 
2016-05-19 23:30:08.059397 -63 -51 -53 -56 -68 
2016-05-19 23:30:08.162388 -69 -51 -59 -56 -66 
2016-05-19 23:30:08.269399 -73 -64 -52 -63 -63 
2016-05-19 23:30:08.393416 -56 -61 -58 -65 -52 
2016-05-19 23:30:08.606440 -57 -56 -58 -61 -54 
2016-05-19 23:30:08.921481 -46 -53 -60 -61 -57 
2016-05-19 23:30:09.129512 -42 -59 -57 -58 -60 
2016-05-19 23:30:09.232526 -46 -56 -53 -59 -44 
2016-05-19 23:30:09.541563 -49 -55 -57 -62 -50 
2016-05-19 23:30:09.749594 -48 -60 -62 -52 -49 
2016-05-19 23:30:09.850736 -52 -63 -60 -65 -48 
2016-05-19 23:30:09.956617 -44 -53 -55 -71 -48 
2016-05-19 23:30:10.057633 -54 -57 -59 -53 -47 
2016-05-19 23:30:10.213654 -45 -50 -58 -53 -46 
2016-05-19 23:30:10.371672 -50 -51 -62 -61 -47 
2016-05-19 23:30:10.582702 -56 -53 -58 -68 -48 
2016-05-19 23:30:10.794732 -50 -57 -56 -62 -48 
2016-05-19 23:30:10.902744 -55 -54 -56 -73 -46 
2016-05-19 23:30:11.067766 -52 -59 -54 -68 -49 
2016-05-19 23:30:11.175785 -52 -54 -54 -57 -51 
2016-05-19 23:30:11.326796 -58 -55 -54 -69 -50 
2016-05-19 23:30:11.436810 -47 -56 -56 -70 -47 
2016-05-19 23:30:11.536824 -55 -55 -54 -65 -50 
2016-05-19 23:30:11.646838 -52 -59 -58 -66 -45 
2016-05-19 23:30:11.849867 -50 -55 -56 -59 -45 
2016-05-19 23:30:12.169909 -50 -56 -56 -63 -47 
2016-05-19 23:30:12.276920 -48 -52 -58 -60 -49 
2016-05-19 23:30:12.380942 -51 -59 -57 -68 -47 
2016-05-19 23:30:12.485955 -49 -52 -58 -62 -49 
2016-05-19 23:30:12.625973 -47 -59 -58 -71 -47 
2016-05-19 23:30:12.729982 -48 -52 -58 -63 -48 
2016-05-19 23:30:13.113032 -48 -55 -58 -70 -49 
2016-05-19 23:30:13.319060 -48 -55 -59 -62 -46 
2016-05-19 23:30:13.427206 -51 -57 -59 -60 -49 
2016-05-19 23:30:13.626104 -48 -54 -58 -61 -48 
2016-05-19 23:30:13.730113 -47 -56 -58 -68 -45 
2016-05-19 23:30:13.947274 -50 -52 -58 -78 -47 
2016-05-19 23:30:14.054155 -50 -57 -61 -66 -45 
2016-05-19 23:30:14.264183 -51 -58 -65 -67 -45 
2016-05-19 23:30:14.433205 -50 -55 -63 -63 -48 
2016-05-19 23:30:14.538219 -48 -60 -61 -59 -46 
2016-05-19 23:30:14.646238 -47 -58 -59 -65 -47 
2016-05-19 23:30:14.789251 -50 -53 -59 -59 -48 
2016-05-19 23:30:14.894266 -48 -54 -58 -69 -46 
2016-05-19 23:30:15.212304 -49 -58 -60 -67 -47 
2016-05-19 23:30:15.317317 -51 -64 -58 -66 -48 
2016-05-19 23:30:15.524356 -48 -62 -58 -65 -47 
2016-05-19 23:30:15.632358 -52 -57 -56 -61 -46 
2016-05-19 23:30:15.843391 -51 -56 -57 -65 -48 
2016-05-19 23:30:16.049416 -50 -64 -56 -75 -46 
2016-05-19 23:30:16.254451 -49 -54 -56 -73 -45 
2016-05-19 23:30:16.363587 -55 -59 -57 -63 -48 
2016-05-19 23:30:16.563613 -51 -60 -56 -66 -45 
2016-05-19 23:30:16.666504 -51 -54 -52 -65 -51 
2016-05-19 23:30:16.771517 -46 -59 -56 -64 -45 
2016-05-19 23:30:16.989539 -54 -60 -54 -67 -51 
2016-05-19 23:30:17.098553 -46 -60 -54 -62 -50 
2016-05-19 23:30:17.203697 -61 -60 -52 -67 -52 
2016-05-19 23:30:17.306585 -47 -60 -54 -60 -45 
2016-05-19 23:30:17.411601 -59 -60 -54 -68 -52 
2016-05-19 23:30:17.618621 -46 -60 -52 -66 -51 
2016-05-19 23:30:17.722632 -47 -62 -51 -63 -51 
2016-05-19 23:30:17.827780 -60 -60 -54 -74 -45 
2016-05-19 23:30:18.024682 -53 -62 -55 -68 -46 
2016-05-19 23:30:18.141686 -46 -62 -55 -59 -51 
2016-05-19 23:30:18.352714 -46 -62 -52 -68 -49 
2016-05-19 23:30:18.564755 -53 -62 -52 -68 -47 
2016-05-19 23:30:18.777769 -48 -56 -55 -59 -58 
2016-05-19 23:30:18.985800 -48 -56 -56 -63 -71 
2016-05-19 23:30:19.093814 -41 -60 -61 -51 -54 
2016-05-19 23:30:19.405855 -45 -58 -61 -61 -51 
2016-05-19 23:30:19.710894 -57 -58 -50 -64 -53 
2016-05-19 23:30:19.915915 -55 -64 -52 -56 -60 
2016-05-19 23:30:20.123943 -52 -56 -54 -48 -56 
2016-05-19 23:30:20.228955 -62 -57 -54 -72 -59 
2016-05-19 23:30:20.367970 -58 -73 -51 -50 -56 
2016-05-19 23:30:20.576000 -57 -59 -57 -54 -52 
2016-05-19 23:30:20.727023 -48 -60 -63 -49 -52 
2016-05-19 23:30:20.831033 -50 -68 -52 -57 -45 
2016-05-19 23:30:20.993051 -54 -57 -60 -64 -55 
2016-05-19 23:30:21.226085 -55 -60 -55 -56 -49 
2016-05-19 23:30:21.328096 -54 -57 -58 -59 -51 
2016-05-19 23:30:21.429111 -50 -53 -60 -57 -45 
2016-05-19 23:30:21.537129 -50 -53 -54 -60 -59 
2016-05-19 23:30:21.683142 -47 -53 -61 -60 -65 
2016-05-19 23:30:21.891172 -48 -51 -52 -52 -52 
2016-05-19 23:30:22.109200 -50 -48 -59 -66 -57 
2016-05-19 23:30:22.312230 -52 -53 -57 -62 -50 
2016-05-19 23:30:22.423239 -57 -71 -54 -58 -52 
2016-05-19 23:30:22.687280 -49 -54 -56 -58 -54 
2016-05-19 23:30:22.796291 -49 -49 -58 -56 -65 
2016-05-19 23:30:22.935308 -46 -55 -54 -58 -49 
2016-05-19 23:30:23.146336 -55 -61 -51 -58 -60 
2016-05-19 23:30:23.252478 -55 -54 -52 -71 -45 
2016-05-19 23:30:23.566391 -54 -62 -57 -57 -64 
2016-05-19 23:30:23.671405 -71 -50 -54 -61 -47 
2016-05-19 23:30:23.776418 -46 -66 -54 -67 -63 
2016-05-19 23:30:23.885432 -58 -53 -66 -60 -51 
2016-05-19 23:30:23.988575 -48 -62 -54 -58 -59 
2016-05-19 23:30:24.094462 -55 -52 -70 -58 -49 
2016-05-19 23:30:24.199473 -43 -63 -53 -59 -62 
2016-05-19 23:30:24.302491 -60 -56 -80 -57 -49 
2016-05-19 23:30:24.502517 -55 -61 -51 -63 -55 
2016-05-19 23:30:24.755546 -46 -56 -58 -53 -47 
2016-05-19 23:30:24.863557 -51 -60 -50 -54 -54 
2016-05-19 23:30:25.013577 -59 -61 -61 -68 -49 
2016-05-19 23:30:25.333619 -52 -52 -57 -61 -44 
2016-05-19 23:30:25.530647 -52 -59 -53 -59 -51 
2016-05-19 23:30:25.637665 -54 -51 -63 -69 -47 
2016-05-19 23:30:25.742678 -50 -61 -57 -59 -51 
2016-05-19 23:30:25.841687 -66 -51 -63 -66 -47 
2016-05-19 23:30:26.098719 -50 -58 -59 -59 -48 
2016-05-19 23:30:26.393757 -50 -54 -59 -62 -46 
2016-05-19 23:30:26.604789 -51 -58 -54 -62 -50 
2016-05-19 23:30:26.875823 -54 -57 -52 -63 -49 
2016-05-19 23:30:27.147862 -58 -54 -57 -58 -45 
2016-05-19 23:30:27.341883 -56 -58 -52 -58 -47 
2016-05-19 23:30:27.506905 -53 -55 -58 -58 -45 
2016-05-19 23:30:27.716934 -51 -54 -60 -59 -48 
2016-05-19 23:30:27.872957 -48 -57 -60 -70 -47 
2016-05-19 23:30:27.979966 -54 -57 -52 -62 -45 
2016-05-19 23:30:28.087985 -59 -50 -59 -71 -52 
2016-05-19 23:30:28.284004 -65 -59 -52 -60 -45 
2016-05-19 23:30:28.386020 -49 -62 -61 -64 -48 
2016-05-19 23:30:28.585049 -50 -57 -54 -52 -55 
2016-05-19 23:30:28.799071 -50 -57 -56 -65 -59 
2016-05-19 23:30:28.915090 -51 -57 -55 -56 -60 
2016-05-19 23:30:29.017102 -51 -52 -58 -61 -46 
2016-05-19 23:30:29.124114 -45 -54 -57 -56 -63 
2016-05-19 23:30:29.232131 -50 -53 -66 -59 -47 
2016-05-19 23:30:29.338148 -44 -62 -68 -54 -64 
2016-05-19 23:30:29.545171 -47 -54 -62 -58 -50 
2016-05-19 23:30:29.652186 -53 -54 -62 -56 -49 
2016-05-19 23:30:29.757329 -44 -52 -60 -60 -57 
2016-05-19 23:30:30.072241 -51 -57 -59 -61 -54 
2016-05-19 23:30:30.382281 -46 -58 -64 -58 -57 
2016-05-19 23:30:30.484292 -67 -57 -61 -61 -52 
2016-05-19 23:30:30.809333 -59 -59 -58 -56 -49 
2016-05-19 23:30:30.913354 -64 -57 -63 -58 -47 
2016-05-19 23:30:31.015363 -54 -63 -58 -64 -52 
2016-05-19 23:30:31.225391 -61 -63 -58 -54 -52 
2016-05-19 23:30:31.431418 -52 -57 -65 -62 -46 
2016-05-19 23:30:31.582439 -57 -57 -67 -53 -50 
2016-05-19 23:30:31.747459 -46 -59 -61 -59 -48 
2016-05-19 23:30:31.854476 -58 -60 -73 -55 -50 
2016-05-19 23:30:31.956486 -53 -55 -65 -77 -53 
2016-05-19 23:30:32.159510 -50 -58 -59 -64 -49 
2016-05-19 23:30:32.262526 -51 -57 -61 -60 -56 
2016-05-19 23:30:32.469682 -47 -59 -59 -63 -48 
2016-05-19 23:30:32.573572 -44 -61 -54 -59 -52 
2016-05-19 23:30:32.777594 -49 -59 -59 -59 -55 
2016-05-19 23:30:32.880608 -47 -56 -58 -63 -45 
2016-05-19 23:30:32.986621 -53 -59 -55 -67 -56 
2016-05-19 23:30:33.098639 -50 -60 -55 -64 -54 
2016-05-19 23:30:33.369675 -53 -62 -55 -62 -48 
2016-05-19 23:30:33.475692 -60 -72 -53 -61 -47 
2016-05-19 23:30:33.580706 -49 -56 -54 -64 -59 
2016-05-19 23:30:33.688725 -57 -58 -54 -71 -42 
2016-05-19 23:30:33.804742 -47 -57 -56 -54 -41 
2016-05-19 23:30:34.102775 -54 -62 -55 -62 -58 
2016-05-19 23:30:34.315802 -51 -58 -60 -56 -54 
2016-05-19 23:30:34.441818 -48 -62 -58 -61 -52 
2016-05-19 23:30:34.728861 -51 -61 -59 -63 -45 
2016-05-19 23:30:34.944882 -54 -57 -59 -60 -47 
2016-05-19 23:30:35.155904 -56 -60 -59 -62 -49 
2016-05-19 23:30:35.261920 -44 -58 -61 -58 -54 
2016-05-19 23:30:35.426940 -59 -60 -64 -58 -51 
2016-05-19 23:30:35.528957 -45 -57 -59 -73 -54 
2016-05-19 23:30:35.628970 -62 -70 -65 -62 -54 
2016-05-19 23:30:35.814118 -52 -59 -65 -63 -61 
2016-05-19 23:30:35.919007 -45 -58 -68 -68 -54 
2016-05-19 23:30:36.129036 -50 -57 -63 -60 -59 
2016-05-19 23:30:36.232045 -59 -62 -62 -62 -57 
2016-05-19 23:30:36.338059 -58 -57 -57 -64 -54 
2016-05-19 23:30:36.563088 -55 -54 -60 -55 -60 
2016-05-19 23:30:36.774244 -52 -55 -62 -56 -56 
2016-05-19 23:30:36.989149 -50 -57 -62 -56 -51 
2016-05-19 23:30:37.094291 -52 -51 -65 -59 -54 
2016-05-19 23:30:37.202172 -45 -66 -62 -72 -54 
2016-05-19 23:30:37.301185 -56 -52 -66 -62 -54 
2016-05-19 23:30:37.402198 -44 -83 -62 -71 -52 
2016-05-19 23:30:37.504215 -56 -58 -65 -74 -53 
2016-05-19 23:30:37.612226 -45 -51 -62 -70 -52 
2016-05-19 23:30:37.715237 -57 -58 -69 -74 -54 
2016-05-19 23:30:37.817252 -45 -63 -63 -68 -51 
2016-05-19 23:30:38.109294 -54 -61 -63 -68 -54 
2016-05-19 23:30:38.316317 -50 -60 -64 -67 -53 
2016-05-19 23:30:38.422340 -49 -57 -66 -63 -52 
2016-05-19 23:30:38.604374 -49 -57 -64 -67 -57 
2016-05-19 23:30:38.712376 -59 -59 -63 -69 -51 
2016-05-19 23:30:38.921404 -48 -57 -67 -78 -50 
2016-05-19 23:30:39.031418 -43 -57 -53 -81 -61 
2016-05-19 23:30:39.135429 -46 -59 -59 -57 -58 
2016-05-19 23:30:39.350591 -42 -60 -59 -63 -49 
2016-05-19 23:30:39.865524 -45 -58 -70 -69 -49 
2016-05-19 23:30:40.079552 -55 -61 -63 -59 -49 
2016-05-19 23:30:40.285572 -45 -55 -68 -63 -47 
2016-05-19 23:30:40.388588 -49 -60 -70 -59 -51 
2016-05-19 23:30:40.521606 -42 -62 -70 -73 -51 
2016-05-19 23:30:40.704633 -58 -57 -65 -68 -54 
2016-05-19 23:30:40.807642 -51 -58 -79 -80 -54 
2016-05-19 23:30:40.948661 -48 -61 -63 -61 -53 
2016-05-19 23:30:41.051674 -54 -63 -66 -64 -47 
2016-05-19 23:30:41.158689 -47 -58 -62 -73 -49 
2016-05-19 23:30:41.265700 -41 -62 -64 -64 -63 
2016-05-19 23:30:41.377717 -44 -66 -69 -64 -52 
2016-05-19 23:30:41.545737 -43 -56 -71 -62 -52 
2016-05-19 23:30:41.748766 -44 -64 -67 -63 -50 
2016-05-19 23:30:41.852779 -63 -66 -62 -66 -60 
2016-05-19 23:30:42.021801 -41 -56 -64 -62 -52 
2016-05-19 23:30:42.127815 -49 -63 -66 -59 -52 
2016-05-19 23:30:42.325838 -48 -60 -66 -66 -47 
2016-05-19 23:30:42.431855 -50 -63 -74 -60 -44 
2016-05-19 23:30:42.643882 -50 -58 -62 -67 -50 
2016-05-19 23:30:42.753897 -49 -61 -66 -56 -52 
2016-05-19 23:30:42.866911 -50 -59 -66 -61 -51 
2016-05-19 23:30:42.973925 -53 -66 -69 -65 -61 
2016-05-19 23:30:43.175080 -52 -54 -70 -62 -53 
2016-05-19 23:30:43.275962 -57 -51 -66 -62 -54 
2016-05-19 23:30:43.381986 -58 -60 -62 -61 -60 
2016-05-19 23:30:43.485005 -51 -61 -66 -70 -53 
2016-05-19 23:30:43.596011 -50 -59 -63 -56 -66 
2016-05-19 23:30:43.798042 -50 -57 -62 -61 -50 
2016-05-19 23:30:43.906052 -45 -68 -64 -54 -49 
2016-05-19 23:30:44.099079 -49 -60 -61 -66 -53 
2016-05-19 23:30:44.204093 -48 -53 -68 -65 -64 
2016-05-19 23:30:44.324109 -44 -52 -59 -65 -55 
2016-05-19 23:30:44.538138 -51 -59 -73 -79 -53 
2016-05-19 23:30:44.645160 -51 -66 -68 -62 -50 
2016-05-19 23:30:44.841173 -54 -51 -74 -64 -60 
2016-05-19 23:30:44.943323 -51 -63 -64 -62 -57 
2016-05-19 23:30:45.045208 -51 -51 -69 -80 -52 
2016-05-19 23:30:45.155226 -52 -60 -67 -63 -53 
2016-05-19 23:30:45.279236 -48 -61 -69 -61 -53 
2016-05-19 23:30:45.411248 -51 -49 -66 -61 -54 
2016-05-19 23:30:45.625285 -47 -54 -63 -60 -54 
2016-05-19 23:30:45.783430 -54 -60 -75 -62 -54 
2016-05-19 23:30:46.011327 -56 -56 -67 -67 -59 
2016-05-19 23:30:46.223487 -56 -53 -67 -62 -48 
2016-05-19 23:30:46.328371 -50 -59 -63 -61 -50 
2016-05-19 23:30:46.508394 -55 -56 -70 -61 -65 
2016-05-19 23:30:46.646410 -58 -56 -80 -63 -52 
2016-05-19 23:30:46.853439 -48 -54 -62 -66 -59 
2016-05-19 23:30:47.055596 -53 -61 -72 -64 -55 
2016-05-19 23:30:47.160484 -60 -57 -62 -63 -51 
2016-05-19 23:30:47.363506 -57 -59 -70 -66 -51 
2016-05-19 23:30:47.479523 -59 -48 -69 -60 -52 
2016-05-19 23:30:47.789562 -58 -60 -64 -74 -62 
2016-05-19 23:30:47.893576 -49 -52 -65 -66 -60 
2016-05-19 23:30:48.078600 -51 -65 -62 -64 -71 
2016-05-19 23:30:48.410648 -52 -62 -63 -68 -64 
2016-05-19 23:30:48.518658 -50 -58 -60 -63 -52 
2016-05-19 23:30:48.727686 -51 -54 -60 -59 -52 
2016-05-19 23:30:48.923710 -52 -57 -67 -62 -69 
2016-05-19 23:30:49.029723 -51 -58 -60 -77 -52 
2016-05-19 23:30:49.238751 -51 -55 -62 -80 -51 
2016-05-19 23:30:49.445784 -49 -61 -67 -78 -52 
2016-05-19 23:30:49.563794 -49 -60 -62 -59 -55 
2016-05-19 23:30:49.663937 -59 -57 -62 -76 -57 
2016-05-19 23:30:49.766817 -48 -51 -70 -59 -51 
2016-05-19 23:30:49.974840 -58 -54 -70 -68 -52 
2016-05-19 23:30:50.078853 -50 -58 -62 -71 -51 
2016-05-19 23:30:50.186865 -67 -49 -74 -66 -53 
2016-05-19 23:30:50.393895 -52 -54 -68 -67 -56 
2016-05-19 23:30:50.496909 -51 -57 -74 -74 -49 
2016-05-19 23:30:50.601919 -55 -51 -66 -62 -54 
2016-05-19 23:30:50.708936 -48 -57 -61 -68 -50 
2016-05-19 23:30:50.810953 -66 -50 -66 -66 -55 
2016-05-19 23:30:50.916960 -47 -58 -61 -68 -48 
2016-05-19 23:30:51.124992 -46 -57 -62 -62 -50 
2016-05-19 23:30:51.229004 -60 -49 -66 -65 -59 
2016-05-19 23:30:51.476040 -48 -52 -63 -66 -61 
2016-05-19 23:30:51.651063 -53 -62 -66 -61 -50 
2016-05-19 23:30:51.756076 -47 -58 -62 -66 -51 
2016-05-19 23:30:51.955099 -47 -68 -62 -66 -51 
2016-05-19 23:30:52.171130 -47 -55 -64 -64 -50 
2016-05-19 23:30:52.479167 -51 -58 -62 -61 -52 
2016-05-19 23:30:52.644189 -48 -58 -62 -61 -54 
2016-05-19 23:30:52.746206 -48 -57 -62 -59 -49 
2016-05-19 23:30:52.896350 -54 -60 -67 -84 -48 
2016-05-19 23:30:53.001239 -45 -62 -61 -56 -52 
2016-05-19 23:30:53.329277 -51 -67 -73 -54 -63 
2016-05-19 23:30:53.540313 -46 -65 -68 -63 -58 
2016-05-19 23:30:53.647324 -47 -64 -64 -58 -56 
2016-05-19 23:30:53.751345 -43 -60 -62 -62 -50 
2016-05-19 23:30:54.060381 -44 -58 -60 -58 -61 
2016-05-19 23:30:54.166400 -52 -52 -62 -59 -55 
2016-05-19 23:30:54.370421 -46 -72 -68 -62 -61 
2016-05-19 23:30:54.686467 -57 -55 -67 -59 -51 
2016-05-19 23:30:54.900490 -46 -61 -60 -53 -61 
2016-05-19 23:30:55.106513 -54 -58 -57 -53 -57 
2016-05-19 23:30:55.211527 -46 -62 -71 -65 -59 
2016-05-19 23:30:55.378546 -59 -59 -65 -65 -58 
2016-05-19 23:30:55.629579 -66 -59 -63 -69 -57 
2016-05-19 23:30:55.735593 -62 -54 -67 -62 -55 
2016-05-19 23:30:55.837603 -51 -58 -54 -59 -64 
2016-05-19 23:30:55.945620 -59 -54 -63 -58 -59 
2016-05-19 23:30:56.050634 -49 -76 -63 -58 -65 
2016-05-19 23:30:56.158648 -46 -65 -59 -55 -58 
2016-05-19 23:30:56.377673 -54 -62 -55 -57 -52 
2016-05-19 23:30:56.541701 -53 -61 -67 -58 -58 
2016-05-19 23:30:56.861743 -55 -64 -52 -57 -56 
2016-05-19 23:30:57.087779 -49 -61 -60 -70 -56 
2016-05-19 23:30:57.393809 -53 -62 -55 -64 -52 
2016-05-19 23:30:57.496828 -57 -70 -61 -75 -54 
2016-05-19 23:30:57.602833 -51 -63 -57 -61 -55 
2016-05-19 23:30:57.705850 -43 -64 -60 -58 -64 
2016-05-19 23:30:57.811867 -45 -63 -57 -62 -51 
2016-05-19 23:30:58.088901 -51 -72 -57 -62 -51 
2016-05-19 23:30:58.197911 -45 -63 -61 -66 -55 
2016-05-19 23:30:58.345933 -50 -59 -60 -64 -60 
2016-05-19 23:30:58.537962 -44 -68 -58 -66 -59 
2016-05-19 23:30:58.745993 -47 -76 -58 -60 -63 
2016-05-19 23:30:58.846006 -50 -62 -62 -65 -68 
2016-05-19 23:30:58.953156 -47 -61 -54 -62 -54 
2016-05-19 23:30:59.157052 -47 -64 -60 -65 -48 
2016-05-19 23:30:59.341070 -52 -74 -60 -64 -57 
2016-05-19 23:30:59.441086 -44 -72 -52 -70 -46 
2016-05-19 23:30:59.549098 -49 -61 -57 -67 -61 
2016-05-19 23:30:59.652116 -44 -71 -56 -65 -48 
2016-05-19 23:30:59.763122 -60 -61 -62 -76 -64 
2016-05-19 23:30:59.899143 -47 -67 -54 -63 -54 
2016-05-19 23:31:00.007162 -51 -79 -69 -64 -50 
2016-05-19 23:31:00.109164 -43 -67 -58 -62 -53 
2016-05-19 23:31:00.217306 -50 -73 -65 -63 -51 
2016-05-19 23:31:00.358194 -46 -77 -57 -61 -54 
2016-05-19 23:31:00.568220 -45 -70 -54 -75 -60 
2016-05-19 23:31:00.671237 -51 -65 -63 -67 -61 
2016-05-19 23:31:00.777256 -43 -59 -54 -75 -62 
2016-05-19 23:31:00.881266 -52 -64 -60 -65 -61 
2016-05-19 23:31:01.088289 -60 -59 -57 -66 -53 
2016-05-19 23:31:01.188301 -45 -59 -62 -66 -64 
2016-05-19 23:31:01.377458 -49 -60 -57 -70 -54 
2016-05-19 23:31:01.482346 -51 -68 -53 -78 -57 
2016-05-19 23:31:01.671368 -47 -62 -54 -70 -56 
2016-05-19 23:31:01.887399 -47 -64 -54 -66 -61 
2016-05-19 23:31:02.092426 -50 -65 -58 -64 -56 
2016-05-19 23:31:02.274447 -53 -64 -59 -64 -61 
2016-05-19 23:31:02.469472 -46 -63 -53 -62 -52 
2016-05-19 23:31:02.575485 -50 -65 -56 -61 -53 
2016-05-19 23:31:02.892531 -57 -63 -65 -58 -60 
2016-05-19 23:31:03.001670 -48 -71 -57 -69 -56 
2016-05-19 23:31:03.212573 -54 -67 -54 -70 -58 
2016-05-19 23:31:03.412599 -54 -63 -63 -57 -58 
2016-05-19 23:31:03.567619 -45 -62 -54 -57 -56 
2016-05-19 23:31:03.881658 -44 -59 -57 -59 -54 
2016-05-19 23:31:03.988668 -51 -62 -63 -59 -60 
2016-05-19 23:31:04.199698 -45 -62 -58 -62 -68 
2016-05-19 23:31:04.306712 -44 -64 -54 -61 -62 
2016-05-19 23:31:04.413723 -48 -67 -61 -57 -59 
2016-05-19 23:31:04.616753 -57 -62 -58 -62 -60 
2016-05-19 23:31:04.932798 -47 -61 -56 -64 -59 
2016-05-19 23:31:05.034807 -43 -68 -54 -58 -59 
2016-05-19 23:31:05.210829 -48 -64 -54 -58 -64 
2016-05-19 23:31:05.422862 -56 -63 -53 -60 -61 
2016-05-19 23:31:05.631885 -56 -63 -54 -63 -58 
2016-05-19 23:31:05.739899 -48 -63 -57 -63 -53 
2016-05-19 23:31:05.845913 -69 -59 -56 -66 -61 
2016-05-19 23:31:05.952931 -43 -66 -61 -56 -58 
2016-05-19 23:31:06.054940 -57 -66 -55 -59 -63 
2016-05-19 23:31:06.470995 -56 -63 -54 -58 -65 
2016-05-19 23:31:06.736029 -54 -67 -56 -62 -56 
2016-05-19 23:31:06.893054 -51 -60 -56 -57 -66 
2016-05-19 23:31:07.110078 -52 -63 -57 -63 -61 
2016-05-19 23:31:07.257098 -45 -67 -59 -56 -52 
2016-05-19 23:31:07.465125 -52 -70 -56 -69 -52 
2016-05-19 23:31:07.677152 -49 -60 -67 -56 -52 
2016-05-19 23:31:07.892180 -57 -59 -62 -63 -49 
2016-05-19 23:31:08.091206 -49 -60 -58 -65 -52 
2016-05-19 23:31:08.194345 -53 -60 -58 -61 -47 
2016-05-19 23:31:08.297233 -49 -62 -57 -59 -50 
2016-05-19 23:31:08.452260 -49 -61 -67 -65 -48 
2016-05-19 23:31:08.664295 -49 -64 -64 -72 -48 
2016-05-19 23:31:08.771302 -50 -63 -66 -57 -45 
2016-05-19 23:31:08.874449 -41 -64 -63 -67 -46 
2016-05-19 23:31:08.977329 -47 -71 -70 -61 -44 
2016-05-19 23:31:09.081342 -47 -67 -60 -52 -51 
2016-05-19 23:31:09.298505 -50 -65 -62 -67 -54 
2016-05-19 23:31:09.442519 -45 -60 -64 -62 -48 
2016-05-19 23:31:09.545406 -47 -66 -57 -77 -48 
2016-05-19 23:31:09.754557 -47 -61 -67 -57 -48 
2016-05-19 23:31:09.926453 -44 -61 -56 -58 -70 
2016-05-19 23:31:10.028468 -47 -76 -76 -59 -55 
2016-05-19 23:31:10.136473 -44 -59 -72 -52 -50 
2016-05-19 23:31:10.237486 -51 -61 -63 -69 -73 
2016-05-19 23:31:10.389507 -43 -57 -63 -66 -55 
2016-05-19 23:31:10.603535 -46 -60 -63 -65 -57 
2016-05-19 23:31:10.841565 -49 -61 -67 -63 -66 
2016-05-19 23:31:10.951580 -47 -71 -78 -71 -45 
2016-05-19 23:31:11.055593 -48 -67 -59 -65 -45 
2016-05-19 23:31:11.284627 -43 -57 -57 -64 -52 
2016-05-19 23:31:11.439644 -50 -77 -68 -63 -58 
2016-05-19 23:31:11.752684 -56 -61 -74 -68 -51 
2016-05-19 23:31:11.921706 -57 -63 -73 -63 -49 
2016-05-19 23:31:12.025720 -59 -65 -64 -62 -48 
2016-05-19 23:31:12.132734 -56 -78 -76 -62 -44 
2016-05-19 23:31:12.235749 -55 -62 -69 -72 -51 
2016-05-19 23:31:12.339761 -52 -68 -61 -61 -53 
2016-05-19 23:31:12.652801 -62 -68 -70 -62 -52 
2016-05-19 23:31:12.759816 -52 -67 -62 -62 -53 
2016-05-19 23:31:12.864830 -65 -66 -80 -64 -51 
2016-05-19 23:31:13.070856 -59 -67 -78 -63 -51 
2016-05-19 23:31:13.287902 -51 -67 -68 -60 -54 
2016-05-19 23:31:13.391898 -52 -66 -69 -63 -47 
2016-05-19 23:31:13.501914 -49 -65 -76 -75 -53 
2016-05-19 23:31:13.702939 -51 -57 -73 -72 -61 
2016-05-19 23:31:13.894966 -51 -64 -67 -74 -50 
2016-05-19 23:31:14.099124 -50 -63 -71 -66 -65 
2016-05-19 23:31:14.201005 -50 -64 -67 -73 -48 
2016-05-19 23:31:14.306018 -48 -62 -76 -61 -60 
2016-05-19 23:31:14.753076 -53 -64 -77 -68 -52 
2016-05-19 23:31:14.939234 -48 -68 -65 -64 -57 
2016-05-19 23:31:15.046115 -49 -66 -86 -60 -52 
2016-05-19 23:31:15.153128 -51 -76 -72 -68 -56 
2016-05-19 23:31:15.463169 -56 -64 -70 -57 -56 
2016-05-19 23:31:15.598186 -50 -63 -70 -61 -65 
2016-05-19 23:31:15.774211 -46 -64 -72 -64 -62 
2016-05-19 23:31:15.881224 -49 -62 -76 -58 -48 
2016-05-19 23:31:15.991238 -63 -65 -66 -54 -65 
2016-05-19 23:31:16.113254 -49 -68 -83 -59 -52 
2016-05-19 23:31:16.218267 -52 -69 -74 -69 -64 
2016-05-19 23:31:16.406292 -50 -67 -74 -67 -56 
2016-05-19 23:31:16.508305 -61 -71 -71 -61 -51 
2016-05-19 23:31:16.612319 -53 -62 -70 -75 -64 
2016-05-19 23:31:16.821346 -72 -64 -69 -67 -52 
2016-05-19 23:31:16.926360 -57 -62 -69 -66 -47 
2016-05-19 23:31:17.024379 -43 -61 -81 -52 -60 
2016-05-19 23:31:17.128387 -61 -60 -66 -66 -45 
2016-05-19 23:31:17.260404 -44 -58 -75 -53 -58 
2016-05-19 23:31:17.367418 -59 -65 -66 -63 -65 
2016-05-19 23:31:17.572445 -49 -68 -70 -57 -58 
2016-05-19 23:31:17.678458 -43 -60 -67 -63 -52 
2016-05-19 23:31:17.785472 -52 -70 -82 -65 -52 
2016-05-19 23:31:17.968496 -41 -59 -66 -61 -49 
2016-05-19 23:31:18.174525 -47 -58 -69 -54 -56 
2016-05-19 23:31:18.356547 -42 -69 -67 -68 -53 
2016-05-19 23:31:18.568575 -42 -67 -69 -63 -52 
2016-05-19 23:31:18.746599 -43 -66 -68 -61 -52 
2016-05-19 23:31:18.848611 -55 -66 -66 -70 -54 
2016-05-19 23:31:18.946624 -42 -69 -75 -54 -49 
2016-05-19 23:31:19.057638 -54 -66 -65 -66 -55 
2016-05-19 23:31:19.157652 -41 -68 -70 -55 -49 
2016-05-19 23:31:19.461691 -48 -62 -63 -61 -55 
2016-05-19 23:31:19.564706 -43 -72 -66 -54 -49 
2016-05-19 23:31:19.666718 -57 -60 -75 -66 -52 
2016-05-19 23:31:19.770732 -43 -63 -68 -54 -49 
2016-05-19 23:31:19.878746 -59 -73 -79 -66 -52 
2016-05-19 23:31:19.982759 -42 -61 -71 -54 -50 
2016-05-19 23:31:20.092774 -42 -65 -66 -59 -51 
2016-05-19 23:31:20.307804 -46 -64 -66 -62 -61 
2016-05-19 23:31:20.413815 -42 -61 -72 -55 -58 
2016-05-19 23:31:20.585838 -47 -62 -70 -65 -51 
2016-05-19 23:31:20.798867 -48 -61 -74 -77 -53 
2016-05-19 23:31:21.017894 -51 -60 -70 -54 -56 
2016-05-19 23:31:21.220921 -48 -59 -68 -67 -54 
2016-05-19 23:31:21.357942 -55 -67 -69 -59 -52 
2016-05-19 23:31:21.532962 -49 -57 -75 -63 -48 
2016-05-19 23:31:21.746990 -57 -63 -70 -59 -53 
2016-05-19 23:31:21.851003 -52 -79 -71 -52 -63 
2016-05-19 23:31:22.017025 -50 -62 -72 -60 -53 
2016-05-19 23:31:22.226053 -50 -64 -71 -65 -50 
2016-05-19 23:31:22.371071 -44 -64 -69 -56 -50 
2016-05-19 23:31:22.617103 -49 -66 -68 -62 -56 
2016-05-19 23:31:22.718117 -51 -63 -65 -62 -49 
2016-05-19 23:31:22.882139 -51 -58 -68 -62 -53 
2016-05-19 23:31:23.094165 -45 -59 -65 -71 -54 
2016-05-19 23:31:23.199180 -48 -65 -63 -74 -62 
2016-05-19 23:31:23.305224 -48 -59 -80 -62 -50 
2016-05-19 23:31:23.514233 -45 -57 -64 -66 -55 
2016-05-19 23:31:23.621243 -47 -62 -63 -58 -52 
2016-05-19 23:31:23.727257 -42 -57 -65 -68 -51 
2016-05-19 23:31:23.943284 -44 -64 -64 -80 -54 
2016-05-19 23:31:24.047298 -45 -59 -62 -60 -58 
2016-05-19 23:31:24.218320 -48 -72 -63 -67 -52 
2016-05-19 23:31:24.366340 -60 -60 -61 -63 -50 
2016-05-19 23:31:24.536362 -44 -62 -65 -59 -45 
2016-05-19 23:31:24.711385 -44 -63 -65 -64 -63 
2016-05-19 23:31:24.819403 -50 -67 -63 -82 -45 
2016-05-19 23:31:25.133432 -50 -57 -69 -55 -45 
2016-05-19 23:31:25.314460 -50 -68 -65 -53 -57 
2016-05-19 23:31:25.515479 -50 -65 -74 -73 -51 
2016-05-19 23:31:25.703507 -48 -63 -61 -62 -55 
2016-05-19 23:31:25.805517 -45 -71 -70 -52 -59 
2016-05-19 23:31:25.924665 -42 -59 -75 -57 -58 
2016-05-19 23:31:26.074560 -40 -60 -67 -58 -43 
2016-05-19 23:31:26.395594 -44 -59 -65 -58 -50 
2016-05-19 23:31:26.559622 -42 -77 -66 -79 -44 
2016-05-19 23:31:26.665629 -48 -56 -60 -54 -43 
2016-05-19 23:31:26.975670 -52 -63 -67 -59 -41 
2016-05-19 23:31:27.079690 -53 -63 -65 -54 -39 
2016-05-19 23:31:27.173699 -44 -62 -66 -57 -40 
2016-05-19 23:31:27.281714 -44 -62 -60 -52 -42 
2016-05-19 23:31:27.383726 -56 -51 -66 -63 -42 
2016-05-19 23:31:27.590751 -51 -63 -71 -59 -46 
2016-05-19 23:31:27.805778 -58 -59 -68 -57 -46 
2016-05-19 23:31:27.908796 -45 -69 -70 -65 -51 
2016-05-19 23:31:28.036940 -56 -65 -81 -55 -42 
2016-05-19 23:31:28.177830 -45 -59 -65 -64 -47 
2016-05-19 23:31:28.344857 -45 -59 -65 -54 -43 
2016-05-19 23:31:28.553878 -51 -68 -68 -71 -49 
2016-05-19 23:31:28.675892 -42 -60 -62 -59 -45 
2016-05-19 23:31:28.930926 -47 -59 -66 -57 -49 
2016-05-19 23:31:29.098950 -49 -63 -63 -60 -45 
2016-05-19 23:31:29.178961 -51 -73 -70 -66 -51 
2016-05-19 23:31:29.265970 -44 -59 -74 -69 -47 
2016-05-19 23:31:29.477128 -45 -57 -69 -62 -56 
2016-05-19 23:31:29.662024 -44 -65 -67 -64 -45 
2016-05-19 23:31:29.808043 -47 -61 -61 -60 -48 
2016-05-19 23:31:29.915062 -46 -62 -67 -65 -46 
2016-05-19 23:31:30.018070 -47 -56 -65 -67 -50 
2016-05-19 23:31:30.120088 -45 -60 -67 -60 -43 
2016-05-19 23:31:30.235103 -50 -56 -69 -62 -47 
2016-05-19 23:31:30.338112 -49 -62 -70 -62 -48 
2016-05-19 23:31:30.530141 -45 -59 -73 -60 -48 
2016-05-19 23:31:30.655157 -46 -63 -75 -61 -52 
2016-05-19 23:31:30.816172 -45 -57 -75 -64 -50 
2016-05-19 23:31:30.922188 -47 -62 -75 -61 -50 
2016-05-19 23:31:31.139217 -46 -56 -76 -66 -51 
2016-05-19 23:31:31.232229 -45 -61 -69 -62 -51 
2016-05-19 23:31:31.332242 -52 -56 -79 -65 -50 
2016-05-19 23:31:31.439256 -48 -60 -66 -60 -52 
2016-05-19 23:31:31.531266 -45 -57 -78 -63 -49 
2016-05-19 23:31:31.631279 -53 -60 -65 -64 -51 
2016-05-19 23:31:31.875317 -48 -59 -76 -62 -50 
2016-05-19 23:31:31.976323 -59 -62 -71 -61 -48 
2016-05-19 23:31:32.080343 -45 -59 -72 -61 -49 
2016-05-19 23:31:32.260367 -60 -64 -70 -63 -49 
2016-05-19 23:31:32.498394 -49 -64 -66 -61 -49 
2016-05-19 23:31:32.597410 -75 -59 -62 -61 -47 
2016-05-19 23:31:32.701551 -56 -65 -72 -64 -45 
2016-05-19 23:31:32.803434 -56 -62 -65 -60 -49 
2016-05-19 23:31:32.909450 -62 -66 -70 -67 -50 
2016-05-19 23:31:33.017462 -50 -62 -68 -62 -44 
2016-05-19 23:31:33.120480 -56 -65 -65 -67 -52 
2016-05-19 23:31:33.227489 -50 -61 -69 -74 -43 
2016-05-19 23:31:33.338512 -52 -63 -63 -68 -61 
2016-05-19 23:31:33.623548 -52 -63 -65 -65 -51 
2016-05-19 23:31:33.744565 -48 -57 -76 -57 -50 
2016-05-19 23:31:33.951588 -49 -61 -67 -60 -49 
2016-05-19 23:31:34.160624 -50 -58 -66 -58 -50 
2016-05-19 23:31:34.369646 -44 -61 -72 -67 -51 
2016-05-19 23:31:34.473659 -52 -61 -76 -67 -49 
2016-05-19 23:31:34.677816 -51 -58 -70 -66 -47 
2016-05-19 23:31:34.785706 -51 -64 -67 -66 -48 
2016-05-19 23:31:34.919718 -50 -64 -63 -59 -45 
2016-05-19 23:31:35.006726 -51 -57 -71 -69 -56 
2016-05-19 23:31:35.114736 -47 -71 -63 -61 -47 
2016-05-19 23:31:35.318763 -50 -62 -66 -59 -52 
2016-05-19 23:31:35.419776 -51 -66 -63 -66 -52 
2016-05-19 23:31:35.559794 -47 -66 -67 -59 -51 
2016-05-19 23:31:35.731814 -49 -63 -71 -66 -49 
2016-05-19 23:31:35.833830 -46 -65 -60 -63 -53 
2016-05-19 23:31:35.941973 -52 -64 -71 -63 -48 
2016-05-19 23:31:36.044857 -48 -64 -62 -62 -51 
2016-05-19 23:31:36.232882 -46 -66 -65 -68 -51 
2016-05-19 23:31:36.340899 -45 -63 -83 -67 -51 
2016-05-19 23:31:36.551921 -45 -61 -73 -62 -50 
2016-05-19 23:31:36.751947 -45 -60 -73 -66 -47 
2016-05-19 23:31:36.878966 -52 -65 -61 -62 -49 
2016-05-19 23:31:36.977979 -49 -60 -80 -62 -45 
2016-05-19 23:31:37.163003 -50 -61 -69 -69 -49 
2016-05-19 23:31:37.288028 -53 -59 -64 -68 -55 
2016-05-19 23:31:37.392031 -50 -60 -79 -68 -48 
2016-05-19 23:31:37.502177 -52 -64 -61 -63 -54 
2016-05-19 23:31:37.607059 -46 -58 -69 -64 -53 
2016-05-19 23:31:37.901104 -51 -61 -79 -66 -52 
2016-05-19 23:31:38.010114 -51 -61 -66 -59 -49 
2016-05-19 23:31:38.215142 -45 -66 -65 -68 -48 
2016-05-19 23:31:38.318283 -47 -61 -66 -59 -49 
2016-05-19 23:31:38.426172 -51 -71 -70 -75 -46 
2016-05-19 23:31:38.660198 -45 -64 -67 -54 -43 
2016-05-19 23:31:38.905231 -58 -67 -70 -55 -44 
2016-05-19 23:31:39.118388 -54 -56 -71 -62 -46 
2016-05-19 23:31:39.261281 -47 -56 -64 -62 -42 
2016-05-19 23:31:39.584320 -53 -63 -64 -67 -45 
2016-05-19 23:31:39.888359 -51 -61 -67 -60 -48 
2016-05-19 23:31:39.997371 -51 -68 -61 -58 -46 
2016-05-19 23:31:40.133392 -50 -60 -73 -52 -44 
2016-05-19 23:31:40.241410 -62 -70 -59 -62 -55 
2016-05-19 23:31:40.345419 -48 -64 -59 -59 -43 
2016-05-19 23:31:40.549446 -49 -63 -68 -67 -47 
2016-05-19 23:31:40.738471 -49 -60 -71 -60 -49 
2016-05-19 23:31:40.948498 -44 -62 -61 -65 -48 
2016-05-19 23:31:41.154530 -46 -61 -64 -62 -57 
2016-05-19 23:31:41.257535 -60 -66 -71 -64 -46 
2016-05-19 23:31:41.357549 -52 -60 -63 -71 -56 
2016-05-19 23:31:41.503571 -59 -65 -65 -68 -47 
2016-05-19 23:31:41.916628 -54 -64 -67 -65 -48 
2016-05-19 23:31:42.053643 -53 -55 -66 -64 -51 
2016-05-19 23:31:42.262799 -50 -61 -69 -62 -46 
2016-05-19 23:31:42.480698 -49 -66 -68 -64 -47 
2016-05-19 23:31:42.627717 -52 -68 -66 -67 -45 
2016-05-19 23:31:42.833744 -51 -62 -70 -60 -48 
2016-05-19 23:31:42.935758 -53 -60 -66 -67 -44 
2016-05-19 23:31:43.036775 -53 -74 -75 -76 -58 
2016-05-19 23:31:43.140784 -56 -63 -71 -63 -53 
2016-05-19 23:31:43.344812 -50 -65 -75 -76 -44 
2016-05-19 23:31:43.551842 -53 -58 -74 -76 -44 
2016-05-19 23:31:43.657859 -51 -62 -63 -62 -50 
2016-05-19 23:31:43.758995 -48 -62 -71 -63 -44 
2016-05-19 23:31:43.943018 -48 -63 -73 -63 -46 
2016-05-19 23:31:44.050903 -51 -64 -69 -73 -50 
2016-05-19 23:31:44.152915 -50 -63 -73 -65 -48 
2016-05-19 23:31:44.305937 -62 -68 -69 -80 -43 
2016-05-19 23:31:44.517961 -47 -65 -65 -62 -44 
2016-05-19 23:31:44.621982 -62 -64 -68 -60 -68 
2016-05-19 23:31:44.807131 -57 -74 -79 -64 -46 
2016-05-19 23:31:44.968020 -61 -64 -68 -62 -49 
2016-05-19 23:31:45.190052 -52 -63 -72 -63 -57 
2016-05-19 23:31:45.297070 -56 -62 -64 -62 -54 
2016-05-19 23:31:45.481090 -51 -67 -67 -66 -56 
2016-05-19 23:31:45.584104 -49 -69 -75 -63 -45 
2016-05-19 23:31:45.690117 -53 -65 -63 -60 -46 
2016-05-19 23:31:45.792134 -49 -60 -69 -71 -52 
2016-05-19 23:31:45.901145 -52 -63 -65 -62 -51 
2016-05-19 23:31:46.096170 -48 -63 -82 -65 -48 
2016-05-19 23:31:46.281195 -45 -64 -69 -61 -45 
2016-05-19 23:31:46.596236 -48 -60 -65 -62 -44 
2016-05-19 23:31:46.704250 -43 -63 -63 -65 -44 
2016-05-19 23:31:46.870272 -45 -71 -62 -89 -45 
2016-05-19 23:31:47.032296 -45 -60 -65 -62 -48 
2016-05-19 23:31:47.242325 -48 -59 -60 -64 -44 
2016-05-19 23:31:47.452351 -51 -62 -63 -70 -43 
2016-05-19 23:31:47.755388 -47 -66 -64 -61 -46 
2016-05-19 23:31:47.856400 -43 -65 -62 -63 -43 
2016-05-19 23:31:47.981416 -54 -62 -65 -66 -48 
2016-05-19 23:31:48.085430 -47 -60 -61 -63 -45 
2016-05-19 23:31:48.190445 -52 -63 -62 -69 -49 
2016-05-19 23:31:48.299459 -47 -64 -62 -66 -48 
2016-05-19 23:31:48.505492 -49 -62 -61 -67 -46 
2016-05-19 23:31:48.679646 -50 -57 -65 -63 -45 
2016-05-19 23:31:48.814533 -47 -54 -65 -69 -47 
2016-05-19 23:31:48.951553 -49 -61 -65 -70 -45 
2016-05-19 23:31:49.052568 -54 -64 -64 -71 -48 
2016-05-19 23:31:49.151579 -43 -60 -61 -60 -47 
2016-05-19 23:31:49.256590 -55 -61 -61 -63 -58 
2016-05-19 23:31:49.451620 -55 -61 -62 -67 -48 
2016-05-19 23:31:49.556630 -48 -64 -59 -71 -44 
2016-05-19 23:31:49.658640 -44 -70 -63 -69 -48 
2016-05-19 23:31:49.852674 -49 -67 -65 -69 -45 
2016-05-19 23:31:50.165710 -48 -53 -63 -64 -42 
2016-05-19 23:31:50.558757 -56 -56 -62 -64 -43 
2016-05-19 23:31:50.728780 -52 -55 -63 -62 -41 
2016-05-19 23:31:50.829796 -44 -73 -65 -57 -43 
2016-05-19 23:31:50.941811 -52 -56 -62 -72 -50 
2016-05-19 23:31:51.048822 -43 -75 -65 -56 -43 
2016-05-19 23:31:51.122839 -51 -55 -61 -69 -41 
2016-05-19 23:31:51.222853 -43 -65 -64 -59 -50 
2016-05-19 23:31:51.536019 -50 -73 -61 -65 -46 
2016-05-19 23:31:51.745915 -50 -71 -63 -66 -46 
2016-05-19 23:31:51.885934 -44 -57 -68 -82 -44 
2016-05-19 23:31:52.044955 -51 -60 -67 -63 -47 
2016-05-19 23:31:52.192103 -48 -63 -63 -60 -48 
2016-05-19 23:31:52.358000 -44 -58 -62 -63 -47 
2016-05-19 23:31:52.465011 -49 -57 -63 -72 -46 
2016-05-19 23:31:52.567024 -52 -59 -63 -59 -51 
2016-05-19 23:31:52.666055 -44 -59 -61 -73 -44 
2016-05-19 23:31:52.768179 -52 -55 -66 -65 -49 
2016-05-19 23:31:52.978081 -49 -62 -66 -68 -47 
2016-05-19 23:31:53.185104 -50 -61 -66 -66 -44 
2016-05-19 23:31:53.398136 -53 -59 -66 -60 -47 
2016-05-19 23:31:53.507146 -47 -57 -74 -55 -51 
2016-05-19 23:31:53.814182 -52 -56 -69 -60 -47 
2016-05-19 23:31:53.918205 -58 -59 -61 -59 -53 
2016-05-19 23:31:54.114222 -45 -54 -65 -67 -45 
2016-05-19 23:31:54.366258 -56 -54 -68 -61 -47 
2016-05-19 23:31:54.471271 -52 -55 -64 -58 -45 
2016-05-19 23:31:54.640423 -50 -55 -65 -76 -50 
2016-05-19 23:31:54.752438 -58 -60 -64 -65 -44 
2016-05-19 23:31:54.857322 -52 -60 -54 -61 -42 
2016-05-19 23:31:55.066349 -48 -67 -55 -57 -52 
2016-05-19 23:31:55.175357 -43 -61 -58 -58 -44 
2016-05-19 23:31:55.278373 -59 -61 -75 -65 -42 
2016-05-19 23:31:55.387384 -57 -63 -67 -68 -42 
2016-05-19 23:31:55.495398 -60 -59 -67 -60 -59 
2016-05-19 23:31:55.737429 -44 -58 -65 -59 -49 
2016-05-19 23:31:55.846443 -45 -68 -72 -71 -49 
2016-05-19 23:31:56.140484 -82 -65 -71 -62 -56 
2016-05-19 23:31:56.485527 -50 -64 -70 -60 -48 
2016-05-19 23:31:56.693558 -48 -62 -73 -60 -54 
2016-05-19 23:31:56.908586 -47 -59 -73 -59 -61 
2016-05-19 23:31:57.087606 -55 -58 -70 -62 -61 
2016-05-19 23:31:57.394643 -51 -68 -73 -60 -52 
2016-05-19 23:31:57.502660 -65 -57 -65 -58 -54 
2016-05-19 23:31:57.605674 -50 -70 -82 -60 -54 
2016-05-19 23:31:57.717688 -83 -69 -67 -57 -48 
2016-05-19 23:31:57.925715 -50 -66 -67 -62 -51 
2016-05-19 23:31:58.029726 -74 -71 -80 -65 -63 
2016-05-19 23:31:58.218758 -51 -59 -73 -59 -51 
2016-05-19 23:31:58.343776 -52 -58 -68 -69 -60 
2016-05-19 23:31:58.623810 -57 -62 -66 -65 -52 
2016-05-19 23:31:58.726821 -48 -68 -74 -62 -51 
2016-05-19 23:31:58.837834 -65 -60 -67 -65 -53 
2016-05-19 23:31:58.968857 -45 -62 -68 -62 -60 
2016-05-19 23:31:59.121872 -45 -63 -71 -59 -54 
2016-05-19 23:31:59.275892 -59 -63 -74 -62 -54 
2016-05-19 23:31:59.378909 -44 -66 -74 -62 -52 
2016-05-19 23:31:59.573935 -58 -72 -77 -62 -50 
2016-05-19 23:31:59.683949 -56 -69 -72 -60 -54 
2016-05-19 23:31:59.966982 -46 -68 -74 -60 -51 
2016-05-19 23:32:00.201141 -53 -62 -72 -59 -53 
2016-05-19 23:32:00.416041 -55 -65 -66 -59 -54 
2016-05-19 23:32:00.525053 -50 -60 -63 -57 -51 
2016-05-19 23:32:00.629072 -62 -54 -74 -62 -54 
2016-05-19 23:32:00.735080 -52 -66 -64 -55 -53 
2016-05-19 23:32:00.844101 -62 -57 -74 -59 -52 
2016-05-19 23:32:01.150134 -50 -69 -67 -59 -51 
2016-05-19 23:32:01.254154 -44 -55 -75 -58 -59 
2016-05-19 23:32:01.361166 -50 -65 -65 -62 -55 
2016-05-19 23:32:01.471179 -59 -65 -74 -59 -57 
2016-05-19 23:32:01.576217 -46 -67 -64 -60 -50 
2016-05-19 23:32:01.783220 -44 -65 -67 -60 -53 
2016-05-19 23:32:01.895254 -61 -61 -73 -61 -62 
2016-05-19 23:32:01.995244 -50 -66 -65 -59 -53 
2016-05-19 23:32:02.099265 -60 -59 -77 -59 -53 
2016-05-19 23:32:02.305417 -59 -58 -69 -59 -61 
901
