340 10
-53 -77 -58 -67 -68 
-53 -77 -58 -82 -68 
-53 -75 -59 -66 -63 
-52 -73 -53 -73 -69 
-52 -75 -57 -69 -65 
-53 -77 -58 -69 -67 
-55 -80 -58 -71 -69 
-55 -82 -61 -67 -66 
-53 -82 -56 -66 -65 
-53 -79 -59 -68 -65 
-52 -82 -56 -68 -65 
-55 -74 -62 -73 -69 
-53 -79 -57 -86 -65 
-53 -87 -63 -67 -65 
-52 -77 -56 -68 -65 
-54 -87 -56 -72 -71 
-52 -82 -56 -76 -66 
-54 -74 -54 -71 -64 
-53 -76 -56 -75 -66 
-54 -78 -54 -71 -68 
-53 -75 -54 -68 -66 
-53 -74 -56 -74 -66 
-53 -74 -61 -69 -64 
-54 -77 -56 -71 -64 
-54 -72 -61 -73 -68 
-54 -73 -56 -68 -65 
-53 -78 -62 -72 -68 
-54 -75 -56 -67 -65 
-52 -71 -63 -68 -65 
-53 -79 -56 -75 -68 
-54 -82 -64 -83 -66 
-52 -71 -55 -74 -65 
-52 -76 -56 -68 -65 
-53 -80 -57 -67 -66 
-52 -77 -56 -81 -65 
-53 -74 -56 -73 -65 
-53 -77 -56 -75 -65 
-53 -77 -59 -71 -65 
-53 -69 -57 -74 -65 
-53 -73 -56 -83 -69 
-53 -77 -60 -66 -66 
-54 -76 -56 -68 -67 
-52 -76 -63 -74 -65 
-53 -83 -56 -78 -65 
-54 -74 -59 -66 -67 
-53 -80 -57 -67 -69 
-54 -77 -55 -69 -63 
-53 -75 -56 -74 -69 
-53 -78 -56 -76 -65 
-52 -75 -56 -71 -68 
-52 -83 -56 -80 -65 
-52 -75 -59 -73 -65 
-54 -77 -59 -70 -65 
-53 -75 -56 -73 -67 
-52 -75 -56 -68 -69 
-53 -80 -57 -73 -64 
-54 -74 -56 -68 -66 
-52 -76 -56 -71 -66 
-53 -73 -62 -71 -65 
-52 -74 -57 -75 -67 
-52 -75 -56 -75 -65 
-53 -77 -59 -77 -66 
-53 -76 -57 -74 -65 
-52 -80 -62 -67 -66 
-52 -78 -59 -67 -65 
-52 -78 -61 -74 -68 
-53 -75 -55 -77 -65 
-52 -76 -62 -70 -67 
-51 -77 -58 -66 -67 
-54 -78 -57 -75 -65 
-52 -75 -62 -66 -68 
-52 -77 -56 -74 -65 
-52 -75 -62 -68 -70 
-52 -77 -59 -68 -67 
-53 -77 -56 -74 -65 
-53 -77 -55 -75 -69 
-54 -77 -55 -74 -67 
-54 -76 -57 -66 -64 
-53 -78 -59 -72 -67 
-52 -77 -62 -76 -65 
-53 -78 -58 -73 -66 
-53 -77 -56 -75 -65 
-53 -75 -61 -75 -65 
-54 -77 -57 -75 -70 
-54 -77 -62 -71 -67 
-51 -76 -57 -74 -65 
-53 -77 -62 -75 -69 
-52 -76 -56 -68 -65 
-53 -76 -59 -67 -66 
-52 -77 -62 -74 -70 
-52 -77 -56 -75 -65 
-52 -77 -56 -73 -65 
-52 -77 -62 -77 -70 
-54 -78 -56 -73 -65 
-52 -76 -56 -72 -68 
-54 -77 -61 -75 -68 
-52 -76 -59 -72 -66 
-54 -77 -56 -72 -68 
-52 -77 -62 -74 -70 
-53 -77 -57 -67 -64 
-52 -77 -62 -75 -66 
-52 -77 -56 -73 -66 
-53 -78 -56 -75 -64 
-52 -78 -62 -75 -66 
-54 -77 -56 -73 -70 
-52 -78 -59 -75 -64 
-52 -77 -56 -74 -66 
-52 -75 -61 -75 -70 
-52 -78 -56 -73 -65 
-55 -78 -56 -72 -66 
-52 -76 -56 -67 -66 
-52 -77 -56 -72 -67 
-54 -76 -57 -67 -67 
-54 -78 -59 -74 -67 
-52 -75 -55 -73 -66 
-52 -77 -58 -75 -64 
-52 -74 -55 -74 -66 
-54 -77 -60 -68 -70 
-54 -77 -57 -73 -65 
-52 -78 -62 -77 -70 
-54 -77 -57 -74 -65 
-52 -76 -62 -74 -70 
-52 -77 -57 -77 -65 
-52 -78 -57 -66 -65 
-54 -75 -59 -67 -66 
-53 -76 -55 -74 -67 
-53 -76 -58 -73 -66 
-52 -77 -56 -66 -65 
-53 -76 -56 -67 -68 
-53 -76 -59 -73 -65 
-54 -78 -57 -73 -67 
-53 -76 -58 -67 -66 
-52 -76 -55 -68 -70 
-53 -75 -55 -77 -64 
-53 -77 -59 -73 -64 
-54 -72 -57 -74 -65 
-53 -75 -55 -67 -62 
-54 -78 -57 -73 -67 
-52 -76 -56 -68 -65 
-52 -77 -62 -77 -66 
-53 -77 -57 -70 -66 
-53 -77 -62 -77 -70 
-52 -77 -56 -73 -66 
-52 -77 -59 -75 -66 
-54 -77 -56 -77 -70 
-54 -77 -56 -68 -65 
-53 -77 -56 -75 -67 
-53 -77 -56 -73 -67 
-54 -76 -57 -73 -70 
-53 -77 -62 -77 -65 
-53 -76 -57 -73 -65 
-52 -77 -62 -68 -70 
-53 -78 -57 -70 -68 
-53 -77 -62 -77 -65 
-54 -76 -57 -74 -65 
-53 -78 -62 -73 -66 
-54 -76 -59 -74 -66 
-53 -77 -57 -77 -70 
-54 -78 -61 -66 -65 
-53 -77 -57 -76 -66 
-53 -78 -58 -75 -65 
-54 -77 -61 -74 -71 
-52 -77 -56 -77 -64 
-53 -77 -56 -70 -63 
-53 -77 -57 -73 -65 
-52 -77 -56 -76 -65 
-53 -77 -57 -66 -66 
-52 -77 -58 -67 -66 
-53 -77 -58 -75 -70 
-52 -78 -56 -75 -67 
-53 -75 -56 -71 -67 
-52 -78 -56 -75 -65 
-52 -75 -61 -67 -70 
-52 -75 -57 -68 -63 
-53 -76 -60 -75 -65 
-52 -77 -63 -75 -69 
-54 -75 -57 -66 -65 
-53 -77 -58 -68 -67 
-52 -77 -59 -67 -67 
-53 -76 -63 -74 -66 
-53 -76 -60 -66 -66 
-53 -75 -56 -73 -64 
-53 -79 -63 -75 -65 
-53 -76 -57 -75 -70 
-53 -75 -63 -75 -65 
-52 -76 -57 -75 -70 
-52 -75 -59 -75 -64 
-54 -75 -62 -76 -70 
-53 -76 -57 -76 -63 
-52 -78 -62 -67 -66 
-54 -76 -56 -68 -70 
-52 -79 -62 -76 -65 
-53 -74 -56 -77 -70 
-54 -78 -63 -68 -65 
-53 -76 -61 -76 -69 
-53 -77 -57 -68 -69 
-54 -74 -59 -77 -65 
-53 -74 -62 -75 -69 
-54 -75 -58 -76 -67 
-53 -83 -56 -72 -64 
-52 -79 -62 -73 -66 
-54 -73 -57 -67 -66 
-53 -80 -58 -68 -65 
-53 -76 -58 -68 -65 
-53 -73 -63 -71 -69 
-54 -77 -54 -67 -65 
-54 -77 -59 -74 -67 
-54 -77 -59 -71 -65 
-52 -74 -55 -68 -70 
-54 -77 -57 -71 -65 
-52 -71 -62 -77 -66 
-54 -81 -56 -68 -70 
-53 -71 -63 -80 -65 
-53 -74 -56 -78 -65 
-52 -78 -56 -70 -70 
-53 -78 -62 -83 -65 
-55 -77 -55 -72 -67 
-52 -73 -63 -68 -65 
-54 -78 -55 -74 -66 
-54 -79 -63 -77 -63 
-54 -86 -56 -69 -69 
-53 -71 -61 -68 -64 
-53 -80 -56 -78 -67 
-53 -72 -55 -73 -65 
-55 -78 -56 -79 -69 
-51 -76 -62 -72 -65 
-54 -75 -57 -80 -66 
-54 -73 -58 -73 -65 
-54 -75 -57 -73 -65 
-52 -82 -60 -77 -65 
-53 -71 -57 -70 -65 
-54 -77 -58 -72 -67 
-52 -75 -56 -71 -65 
-53 -77 -56 -68 -65 
-53 -74 -56 -67 -66 
-53 -77 -65 -73 -66 
-56 -78 -61 -72 -66 
-52 -75 -56 -72 -65 
-51 -75 -61 -72 -65 
-54 -79 -57 -69 -67 
-54 -78 -56 -68 -66 
-53 -77 -62 -69 -67 
-52 -75 -58 -77 -67 
-55 -74 -57 -70 -62 
-51 -74 -57 -79 -65 
-55 -73 -57 -72 -62 
-54 -77 -59 -75 -67 
-54 -73 -56 -74 -68 
-53 -76 -54 -72 -66 
-54 -74 -58 -75 -65 
-51 -74 -57 -78 -70 
-57 -77 -55 -71 -75 
-53 -75 -56 -72 -75 
-55 -80 -54 -81 -67 
-54 -74 -56 -80 -68 
-54 -76 -56 -72 -73 
-57 -74 -62 -86 -79 
-52 -82 -60 -70 -70 
-55 -76 -60 -83 -65 
-56 -70 -58 -71 -68 
-63 -77 -57 -74 -66 
-55 -76 -62 -74 -75 
-60 -73 -63 -80 -63 
-80 -75 -56 -69 -68 
-59 -78 -58 -70 -69 
-64 -75 -58 -73 -63 
-68 -69 -65 -74 -71 
-67 -75 -58 -69 -63 
-63 -84 -59 -72 -66 
-60 -73 -74 -72 -65 
-63 -77 -56 -74 -64 
-66 -75 -58 -71 -63 
-65 -75 -56 -72 -70 
-65 -83 -58 -73 -69 
-59 -80 -59 -72 -67 
-58 -78 -58 -69 -67 
-69 -75 -59 -72 -70 
-56 -80 -59 -78 -66 
-57 -72 -61 -73 -65 
-68 -71 -60 -73 -67 
-65 -75 -58 -76 -67 
-66 -72 -61 -77 -66 
-65 -71 -60 -78 -70 
-68 -77 -63 -75 -67 
-61 -77 -61 -69 -67 
-68 -74 -60 -78 -63 
-59 -77 -63 -75 -70 
-67 -70 -59 -73 -70 
-59 -78 -59 -79 -67 
-63 -72 -60 -76 -69 
-65 -76 -60 -69 -70 
-59 -74 -60 -79 -65 
-65 -74 -60 -68 -63 
-63 -74 -60 -79 -67 
-57 -74 -60 -74 -69 
-67 -71 -63 -78 -68 
-58 -76 -60 -78 -68 
-62 -71 -60 -78 -65 
-63 -75 -60 -74 -67 
-58 -72 -59 -77 -62 
-66 -78 -60 -72 -66 
-67 -73 -64 -77 -70 
-66 -73 -61 -74 -68 
-63 -78 -63 -77 -67 
-58 -75 -62 -70 -70 
-68 -72 -61 -74 -66 
-63 -73 -61 -67 -64 
-62 -77 -61 -77 -69 
-67 -73 -62 -68 -67 
-67 -77 -61 -78 -66 
-67 -72 -62 -75 -64 
-60 -78 -59 -69 -70 
-59 -72 -60 -75 -63 
-68 -78 -61 -69 -68 
-59 -73 -61 -75 -64 
-67 -78 -60 -74 -67 
-64 -72 -62 -78 -68 
-68 -78 -61 -74 -70 
-59 -72 -63 -78 -68 
-59 -74 -61 -73 -67 
-62 -75 -61 -75 -64 
-67 -75 -61 -69 -69 
-66 -74 -60 -72 -64 
-66 -72 -60 -75 -67 
-57 -77 -69 -71 -67 
-61 -75 -64 -71 -70 
-67 -78 -61 -72 -63 
-67 -71 -69 -75 -69 
-57 -78 -62 -72 -64 
-59 -73 -63 -72 -67 
-62 -72 -63 -75 -67 
-63 -73 -61 -69 -64 
-63 -74 -61 -72 -66 
-66 -78 -63 -76 -66 
-66 -78 -61 -72 -69 
-59 -72 -61 -75 -68 
-64 -77 -60 -71 -65 
-63 -74 -61 -74 -66 
-67 -75 -65 -74 -69 
-66 -73 -61 -70 -66 
