350 11
-57 -67 -50 -68 -67 
-54 -67 -52 -66 -67 
-51 -62 -51 -65 -67 
-48 -65 -54 -64 -65 
-56 -61 -54 -69 -65 
-53 -63 -53 -65 -61 
-46 -69 -54 -65 -60 
-50 -64 -53 -70 -64 
-46 -68 -56 -65 -58 
-54 -62 -54 -71 -58 
-48 -63 -53 -65 -66 
-51 -67 -53 -70 -63 
-58 -66 -53 -69 -63 
-53 -70 -50 -66 -59 
-56 -68 -53 -68 -66 
-49 -62 -53 -66 -66 
-51 -63 -53 -66 -59 
-48 -69 -54 -65 -57 
-53 -69 -55 -70 -59 
-47 -62 -50 -69 -68 
-57 -69 -55 -66 -59 
-47 -65 -54 -69 -68 
-50 -68 -55 -65 -59 
-51 -66 -54 -67 -67 
-47 -65 -54 -65 -65 
-50 -68 -51 -69 -66 
-52 -66 -51 -66 -65 
-47 -66 -55 -70 -64 
-52 -67 -51 -66 -65 
-51 -68 -53 -63 -63 
-50 -62 -53 -67 -68 
-47 -68 -51 -69 -60 
-53 -67 -55 -65 -69 
-59 -69 -51 -71 -68 
-53 -67 -55 -68 -64 
-47 -63 -55 -64 -62 
-58 -69 -55 -72 -62 
-53 -68 -55 -68 -64 
-52 -67 -50 -67 -65 
-58 -62 -57 -68 -65 
-47 -64 -48 -66 -64 
-60 -62 -54 -67 -69 
-48 -67 -51 -69 -72 
-55 -66 -52 -72 -65 
-47 -65 -54 -67 -66 
-56 -63 -51 -70 -61 
-55 -64 -54 -68 -63 
-56 -65 -55 -69 -61 
-56 -63 -51 -68 -70 
-61 -63 -60 -71 -60 
-66 -65 -56 -68 -73 
-65 -65 -52 -69 -63 
-65 -64 -50 -73 -68 
-60 -64 -56 -68 -75 
-63 -63 -62 -68 -71 
-62 -64 -58 -67 -72 
-61 -62 -64 -67 -70 
-72 -63 -58 -67 -72 
-62 -68 -54 -67 -71 
-68 -63 -58 -67 -71 
-62 -67 -60 -66 -71 
-63 -63 -59 -69 -64 
-64 -64 -55 -67 -66 
-63 -66 -55 -67 -67 
-62 -68 -67 -68 -70 
-63 -65 -60 -68 -71 
-63 -65 -65 -68 -70 
-62 -65 -58 -68 -63 
-63 -64 -62 -70 -69 
-62 -63 -57 -70 -75 
-60 -65 -61 -66 -69 
-63 -66 -52 -67 -75 
-64 -65 -51 -66 -76 
-64 -64 -54 -69 -63 
-71 -66 -57 -68 -72 
-65 -65 -59 -72 -71 
-63 -66 -63 -67 -63 
-56 -63 -53 -69 -72 
-58 -65 -53 -68 -66 
-59 -62 -51 -70 -72 
-53 -65 -55 -72 -66 
-54 -64 -54 -69 -71 
-55 -62 -57 -71 -60 
-61 -63 -51 -71 -60 
-53 -66 -52 -66 -72 
-50 -64 -51 -68 -66 
-51 -62 -52 -67 -72 
-49 -63 -54 -67 -68 
-55 -68 -56 -66 -62 
-49 -68 -54 -66 -61 
-50 -65 -56 -68 -58 
-55 -62 -54 -68 -70 
-51 -62 -55 -65 -60 
-57 -67 -57 -68 -66 
-47 -62 -52 -67 -68 
-52 -63 -54 -67 -66 
-53 -67 -50 -65 -67 
-53 -64 -51 -65 -68 
-49 -62 -51 -68 -63 
-52 -65 -54 -68 -63 
-56 -65 -57 -67 -62 
-54 -67 -60 -72 -71 
-56 -66 -58 -67 -66 
-47 -66 -63 -72 -73 
-52 -65 -67 -70 -69 
-53 -66 -62 -65 -68 
-53 -63 -62 -68 -66 
-54 -61 -56 -71 -60 
-50 -67 -54 -66 -66 
-50 -66 -55 -67 -71 
-55 -68 -55 -67 -61 
-53 -62 -52 -68 -65 
-54 -66 -52 -69 -64 
-51 -66 -51 -68 -68 
-50 -66 -51 -68 -66 
-54 -66 -53 -68 -68 
-49 -65 -53 -70 -64 
-54 -65 -54 -65 -69 
-47 -66 -53 -69 -61 
-50 -66 -54 -68 -65 
-50 -62 -53 -66 -64 
-51 -66 -51 -67 -68 
-54 -62 -55 -67 -67 
-49 -65 -54 -66 -65 
-54 -68 -54 -71 -70 
-46 -63 -56 -71 -61 
-46 -66 -54 -65 -64 
-59 -66 -54 -69 -61 
-52 -64 -57 -71 -69 
-54 -64 -60 -66 -69 
-60 -62 -60 -67 -68 
-47 -68 -65 -73 -75 
-52 -63 -66 -68 -68 
-50 -65 -65 -66 -69 
-52 -65 -63 -67 -62 
-53 -64 -59 -66 -62 
-46 -66 -56 -70 -62 
-54 -62 -54 -69 -63 
-58 -65 -57 -70 -66 
-52 -67 -56 -65 -68 
-47 -66 -54 -69 -62 
-54 -62 -56 -67 -68 
-54 -67 -56 -70 -69 
-48 -66 -54 -68 -68 
-53 -67 -52 -69 -67 
-53 -63 -53 -67 -64 
-52 -64 -51 -68 -65 
-57 -62 -51 -67 -67 
-47 -67 -56 -71 -64 
-59 -62 -53 -69 -64 
-49 -65 -56 -68 -62 
-51 -67 -51 -70 -70 
-57 -62 -54 -68 -74 
-56 -63 -53 -67 -66 
-46 -66 -55 -66 -66 
-52 -67 -51 -68 -67 
-49 -66 -51 -69 -74 
-52 -67 -53 -68 -68 
-60 -60 -54 -68 -66 
-51 -63 -55 -66 -62 
-51 -62 -56 -69 -61 
-54 -67 -52 -65 -67 
-48 -62 -51 -69 -69 
-55 -66 -55 -66 -70 
-46 -67 -57 -70 -60 
-50 -65 -55 -65 -62 
-49 -69 -55 -67 -59 
-50 -63 -53 -63 -60 
-51 -63 -53 -69 -59 
-51 -67 -57 -69 -67 
-52 -68 -54 -69 -65 
-54 -63 -55 -70 -73 
-62 -60 -54 -67 -66 
-59 -65 -56 -64 -60 
-57 -66 -54 -70 -60 
-59 -66 -53 -68 -62 
-58 -65 -54 -73 -72 
-56 -64 -55 -66 -71 
-59 -65 -55 -68 -61 
-66 -61 -52 -71 -59 
-61 -65 -56 -66 -65 
-57 -61 -53 -70 -60 
-61 -61 -53 -66 -64 
-60 -66 -57 -70 -62 
-57 -65 -57 -66 -64 
-59 -70 -55 -67 -63 
-58 -65 -52 -68 -63 
-57 -71 -55 -67 -63 
-59 -70 -58 -68 -63 
-60 -62 -54 -67 -66 
-58 -61 -58 -69 -61 
-62 -62 -57 -67 -63 
-60 -62 -55 -67 -63 
-56 -70 -51 -69 -66 
-61 -65 -58 -66 -62 
-60 -69 -57 -69 -64 
-62 -65 -57 -67 -62 
-61 -69 -57 -69 -64 
-63 -65 -57 -69 -61 
-63 -69 -58 -68 -63 
-61 -66 -51 -67 -61 
-63 -63 -51 -71 -63 
-62 -69 -57 -67 -62 
-56 -69 -53 -69 -62 
-61 -63 -51 -71 -63 
-56 -69 -57 -67 -62 
-61 -67 -54 -70 -62 
-61 -65 -58 -67 -64 
-61 -69 -57 -69 -62 
-57 -65 -51 -67 -65 
-62 -69 -58 -69 -62 
-59 -65 -57 -69 -65 
-59 -62 -58 -69 -64 
-62 -69 -51 -67 -62 
-58 -65 -58 -70 -64 
-62 -69 -51 -67 -65 
-62 -63 -54 -67 -63 
-60 -63 -57 -68 -63 
-60 -62 -58 -69 -61 
-63 -69 -57 -70 -65 
-58 -62 -58 -66 -61 
-58 -69 -57 -70 -63 
-63 -69 -57 -70 -65 
-58 -65 -58 -68 -64 
-63 -68 -51 -66 -62 
-58 -65 -58 -67 -62 
-61 -65 -54 -67 -62 
-65 -65 -58 -70 -64 
-62 -69 -57 -67 -62 
-63 -65 -53 -70 -64 
-65 -69 -54 -70 -63 
-62 -66 -57 -69 -63 
-63 -65 -54 -68 -63 
-57 -65 -57 -67 -64 
-63 -65 -51 -69 -60 
-63 -64 -54 -68 -63 
-63 -65 -54 -68 -62 
-62 -63 -57 -69 -63 
-63 -66 -51 -69 -60 
-63 -62 -51 -69 -65 
-59 -63 -57 -69 -65 
-65 -62 -51 -67 -66 
-63 -65 -58 -69 -64 
-59 -65 -55 -66 -61 
-63 -69 -51 -66 -64 
-64 -63 -51 -69 -63 
-61 -69 -51 -68 -62 
-64 -69 -57 -69 -59 
-59 -61 -58 -70 -64 
-64 -69 -51 -66 -64 
-64 -61 -54 -66 -60 
-58 -62 -58 -69 -65 
-58 -65 -56 -66 -63 
-65 -67 -57 -66 -60 
-64 -63 -57 -67 -63 
-63 -69 -50 -70 -65 
-65 -63 -57 -68 -62 
-66 -69 -58 -67 -65 
-63 -65 -57 -69 -64 
-65 -69 -57 -70 -66 
-63 -62 -57 -70 -61 
-64 -65 -51 -70 -66 
-65 -63 -51 -68 -63 
-64 -69 -57 -67 -64 
-57 -62 -51 -67 -61 
-65 -65 -57 -69 -63 
-61 -69 -57 -67 -63 
-64 -63 -59 -68 -64 
-61 -67 -57 -67 -60 
-65 -62 -54 -67 -65 
-62 -65 -58 -69 -65 
-65 -62 -57 -67 -61 
-65 -65 -58 -70 -66 
-65 -62 -51 -70 -60 
-65 -62 -54 -68 -66 
-64 -69 -51 -66 -63 
-62 -69 -51 -69 -62 
-65 -65 -57 -69 -60 
-62 -63 -59 -69 -60 
-64 -69 -57 -66 -66 
-57 -61 -54 -68 -59 
-64 -67 -51 -71 -61 
-61 -65 -51 -70 -65 
-64 -65 -51 -70 -65 
-63 -60 -57 -70 -64 
-63 -69 -57 -67 -61 
-58 -63 -57 -67 -61 
-64 -67 -57 -67 -64 
-58 -62 -58 -70 -61 
-65 -65 -57 -70 -61 
-65 -69 -58 -70 -66 
-57 -65 -51 -67 -64 
-65 -70 -51 -69 -64 
-58 -66 -57 -69 -60 
-61 -61 -51 -66 -60 
-61 -64 -57 -66 -64 
-64 -60 -57 -69 -64 
-64 -60 -51 -67 -60 
-57 -64 -57 -71 -60 
-63 -68 -53 -71 -61 
-63 -64 -57 -67 -63 
-63 -65 -54 -67 -61 
-60 -66 -54 -67 -61 
-62 -61 -54 -66 -63 
-62 -60 -51 -71 -63 
-57 -69 -56 -69 -65 
-63 -64 -51 -71 -61 
-62 -61 -50 -71 -61 
-62 -61 -53 -68 -61 
-64 -64 -57 -71 -66 
-58 -61 -57 -66 -64 
-64 -64 -51 -66 -64 
-60 -61 -57 -67 -62 
-60 -65 -51 -66 -64 
-63 -63 -57 -66 -64 
-60 -61 -51 -65 -60 
-61 -62 -54 -69 -64 
-62 -69 -57 -71 -62 
-58 -64 -56 -70 -63 
-55 -68 -54 -69 -62 
-54 -63 -55 -71 -64 
-68 -68 -52 -71 -73 
-55 -62 -54 -69 -60 
-57 -62 -54 -67 -59 
-63 -62 -50 -67 -68 
-66 -67 -52 -66 -62 
-63 -72 -58 -70 -67 
-72 -63 -56 -68 -68 
-57 -65 -49 -69 -61 
-60 -65 -54 -69 -65 
-66 -65 -57 -68 -72 
-66 -63 -54 -68 -73 
-62 -64 -50 -69 -66 
-57 -66 -54 -68 -72 
-63 -63 -49 -68 -73 
-57 -65 -51 -66 -72 
-59 -64 -59 -67 -70 
-62 -64 -52 -68 -63 
-62 -65 -53 -66 -62 
-64 -63 -59 -66 -70 
-62 -65 -53 -68 -69 
-61 -65 -57 -68 -63 
-60 -64 -59 -68 -66 
-64 -65 -59 -69 -62 
-65 -64 -56 -68 -73 
-62 -65 -52 -69 -61 
-62 -63 -53 -71 -63 
-65 -65 -51 -70 -63 
-62 -64 -50 -71 -63 
-66 -63 -55 -71 -75 
