281 12
-51 -71 -57 -73 -77 
-51 -68 -63 -68 -60 
-56 -70 -58 -72 -76 
-56 -69 -60 -66 -62 
-50 -70 -61 -71 -61 
-51 -73 -62 -68 -60 
-58 -70 -58 -74 -62 
-56 -74 -61 -67 -67 
-51 -71 -63 -71 -62 
-50 -70 -65 -73 -75 
-51 -73 -57 -71 -60 
-54 -73 -60 -71 -71 
-50 -70 -64 -72 -62 
-51 -72 -57 -72 -60 
-50 -73 -62 -69 -62 
-51 -74 -63 -71 -60 
-51 -75 -62 -70 -61 
-55 -71 -61 -73 -69 
-58 -72 -60 -73 -61 
-52 -74 -63 -73 -63 
-52 -74 -62 -72 -63 
-52 -70 -60 -71 -59 
-56 -74 -58 -73 -72 
-57 -71 -64 -71 -76 
-52 -71 -64 -71 -63 
-52 -67 -61 -70 -61 
-55 -71 -55 -72 -63 
-48 -73 -61 -69 -69 
-48 -73 -57 -71 -61 
-49 -71 -61 -67 -81 
-51 -77 -60 -70 -79 
-53 -69 -60 -71 -64 
-52 -72 -61 -71 -62 
-63 -69 -59 -69 -70 
-63 -72 -59 -73 -70 
-57 -76 -66 -70 -66 
-58 -73 -63 -70 -62 
-63 -77 -57 -69 -69 
-56 -76 -60 -72 -62 
-55 -76 -60 -71 -65 
-55 -73 -64 -71 -63 
-65 -74 -60 -72 -62 
-58 -79 -66 -72 -62 
-57 -75 -65 -70 -65 
-55 -75 -62 -71 -66 
-55 -74 -60 -71 -64 
-57 -74 -61 -71 -63 
-55 -75 -65 -71 -63 
-54 -74 -57 -70 -62 
-53 -76 -65 -68 -64 
-57 -76 -61 -72 -63 
-62 -75 -66 -72 -62 
-57 -75 -65 -72 -65 
-57 -74 -65 -71 -68 
-56 -78 -63 -71 -65 
-61 -76 -61 -71 -62 
-56 -75 -65 -71 -69 
-57 -75 -66 -72 -64 
-53 -78 -61 -72 -63 
-59 -77 -65 -71 -64 
-56 -75 -66 -73 -63 
-57 -75 -65 -71 -62 
-53 -77 -65 -69 -62 
-56 -75 -57 -71 -65 
-59 -75 -57 -71 -69 
-58 -75 -60 -70 -63 
-55 -75 -61 -73 -62 
-56 -75 -66 -72 -62 
-56 -76 -65 -70 -62 
-60 -75 -66 -72 -70 
-56 -75 -67 -72 -69 
-56 -75 -61 -72 -62 
-55 -73 -60 -72 -66 
-55 -75 -64 -71 -67 
-56 -75 -65 -70 -69 
-53 -75 -57 -73 -63 
-56 -76 -60 -74 -70 
-58 -75 -66 -72 -66 
-54 -72 -62 -71 -66 
-57 -76 -57 -73 -70 
-54 -76 -62 -71 -67 
-59 -72 -63 -70 -70 
-57 -74 -65 -70 -67 
-59 -74 -66 -70 -62 
-57 -73 -57 -72 -70 
-57 -74 -57 -74 -62 
-57 -73 -64 -72 -63 
-54 -74 -58 -71 -71 
-60 -73 -67 -70 -69 
-53 -75 -57 -72 -61 
-57 -73 -68 -74 -70 
-53 -75 -58 -70 -62 
-57 -75 -65 -71 -70 
-60 -75 -58 -70 -61 
-53 -75 -69 -71 -71 
-60 -76 -68 -70 -63 
-53 -73 -65 -72 -62 
-61 -75 -58 -73 -66 
-55 -74 -67 -70 -61 
-53 -77 -61 -73 -68 
-60 -77 -58 -71 -70 
-58 -73 -65 -71 -65 
-55 -75 -56 -69 -70 
-64 -72 -62 -72 -72 
-58 -73 -64 -70 -62 
-58 -69 -57 -69 -73 
-56 -74 -69 -72 -60 
-53 -72 -57 -69 -77 
-57 -73 -61 -71 -71 
-76 -72 -64 -68 -60 
-59 -76 -64 -70 -71 
-55 -73 -64 -69 -65 
-57 -72 -59 -74 -68 
-55 -75 -66 -70 -60 
-56 -74 -64 -69 -70 
-57 -73 -63 -72 -81 
-56 -76 -66 -72 -63 
-55 -68 -65 -72 -71 
-57 -70 -59 -69 -62 
-59 -74 -60 -70 -72 
-55 -75 -65 -71 -61 
-54 -75 -60 -70 -67 
-54 -74 -61 -66 -60 
-72 -73 -63 -72 -61 
-57 -73 -63 -70 -62 
-58 -72 -63 -71 -72 
-61 -74 -57 -72 -61 
-70 -76 -60 -70 -62 
-53 -76 -62 -69 -77 
-56 -73 -59 -70 -69 
-57 -74 -55 -70 -75 
-52 -74 -63 -67 -62 
-50 -73 -54 -71 -79 
-50 -73 -60 -65 -58 
-52 -72 -61 -73 -72 
-51 -75 -61 -71 -77 
-51 -69 -62 -71 -61 
-51 -76 -61 -71 -60 
-57 -70 -61 -70 -61 
-51 -73 -55 -71 -60 
-50 -70 -65 -74 -60 
-51 -68 -60 -72 -60 
-50 -69 -60 -69 -58 
-50 -71 -60 -71 -60 
-50 -72 -56 -72 -59 
-53 -72 -56 -71 -60 
-56 -76 -61 -70 -77 
-51 -69 -61 -69 -61 
-50 -72 -59 -67 -61 
-53 -69 -58 -67 -60 
-54 -71 -59 -68 -66 
-51 -69 -65 -69 -61 
-49 -77 -61 -70 -70 
-50 -74 -60 -69 -79 
-50 -69 -59 -71 -61 
-50 -76 -64 -76 -68 
-51 -73 -63 -71 -61 
-51 -69 -56 -72 -73 
-52 -74 -56 -70 -64 
-56 -75 -59 -72 -63 
-59 -75 -63 -69 -61 
-55 -73 -59 -69 -64 
-58 -73 -61 -70 -60 
-63 -71 -56 -71 -61 
-56 -72 -62 -71 -61 
-55 -73 -63 -72 -61 
-56 -69 -63 -69 -67 
-59 -74 -60 -73 -60 
-56 -69 -60 -72 -72 
-55 -73 -61 -66 -59 
-59 -76 -57 -66 -72 
-57 -76 -59 -71 -59 
-56 -73 -60 -70 -60 
-57 -74 -60 -72 -62 
-57 -72 -62 -71 -60 
-58 -75 -63 -72 -59 
-56 -71 -54 -71 -76 
-56 -71 -59 -72 -60 
-56 -72 -59 -69 -60 
-56 -70 -66 -67 -73 
-74 -69 -55 -69 -59 
-56 -77 -58 -74 -65 
-55 -71 -63 -69 -72 
-54 -72 -63 -70 -69 
-54 -68 -66 -70 -66 
-56 -78 -66 -69 -66 
-56 -72 -66 -71 -62 
-60 -73 -59 -71 -59 
-63 -74 -58 -69 -59 
-70 -72 -60 -69 -63 
-67 -68 -60 -68 -62 
-57 -72 -63 -70 -62 
-57 -71 -60 -70 -60 
-54 -69 -61 -66 -65 
-59 -76 -54 -72 -59 
-53 -72 -62 -68 -63 
-54 -75 -62 -71 -65 
-55 -74 -64 -68 -62 
-56 -77 -56 -71 -65 
-54 -69 -64 -67 -67 
-58 -67 -54 -70 -60 
-56 -71 -54 -69 -62 
-55 -70 -63 -70 -62 
-55 -78 -55 -69 -75 
-55 -69 -58 -71 -73 
-56 -72 -62 -69 -62 
-56 -72 -59 -70 -74 
-55 -71 -59 -70 -67 
-56 -67 -58 -72 -62 
-59 -68 -58 -72 -69 
-57 -71 -61 -69 -61 
-58 -70 -60 -71 -62 
-60 -72 -62 -70 -62 
-57 -69 -62 -70 -62 
-58 -70 -62 -70 -67 
-57 -72 -55 -70 -61 
-58 -71 -58 -70 -63 
-57 -69 -62 -70 -61 
-59 -72 -62 -72 -63 
-55 -72 -58 -70 -61 
-56 -72 -58 -70 -61 
-59 -69 -55 -70 -61 
-58 -70 -60 -70 -69 
-58 -71 -62 -71 -61 
-56 -72 -62 -71 -63 
-57 -68 -61 -69 -63 
-57 -72 -59 -68 -70 
-55 -71 -59 -72 -62 
-56 -75 -59 -67 -62 
-60 -71 -61 -69 -59 
-61 -72 -60 -70 -62 
-58 -68 -61 -75 -61 
-61 -75 -59 -73 -62 
-62 -69 -61 -66 -65 
-60 -70 -61 -77 -65 
-63 -71 -58 -70 -67 
-64 -70 -62 -69 -63 
-64 -72 -58 -71 -66 
-65 -69 -58 -69 -75 
-64 -81 -60 -74 -62 
-66 -69 -55 -69 -63 
-63 -76 -60 -69 -69 
-64 -82 -56 -69 -69 
-67 -69 -59 -69 -79 
-65 -71 -59 -73 -62 
-63 -70 -60 -69 -77 
-62 -75 -60 -69 -80 
-63 -72 -60 -73 -67 
-63 -72 -57 -71 -70 
-65 -69 -60 -70 -61 
-63 -69 -60 -71 -80 
-64 -74 -58 -68 -68 
-62 -74 -57 -71 -61 
-64 -69 -58 -72 -69 
-64 -81 -57 -69 -62 
-68 -71 -60 -72 -75 
-65 -70 -60 -69 -62 
-65 -70 -59 -72 -68 
-62 -71 -57 -69 -62 
-65 -72 -56 -69 -62 
-64 -80 -59 -70 -59 
-61 -69 -54 -66 -63 
-56 -71 -60 -70 -60 
-60 -72 -58 -69 -61 
-58 -70 -62 -70 -65 
-57 -70 -61 -72 -62 
-57 -81 -60 -78 -62 
-55 -70 -64 -68 -72 
-65 -74 -66 -70 -65 
-54 -72 -67 -70 -65 
-63 -73 -56 -69 -76 
-54 -72 -63 -74 -72 
-57 -71 -60 -70 -68 
-57 -71 -60 -67 -63 
-58 -71 -62 -68 -66 
-58 -72 -62 -65 -62 
-58 -72 -63 -68 -69 
-62 -74 -63 -72 -67 
-60 -74 -66 -72 -68 
-58 -76 -64 -71 -68 
-55 -75 -63 -71 -71 
