258 13
-58 -69 -56 -67 -72 
-58 -72 -60 -68 -63 
-58 -69 -55 -67 -71 
-60 -72 -53 -68 -62 
-58 -72 -55 -67 -66 
-58 -73 -54 -68 -70 
-63 -69 -60 -67 -62 
-63 -69 -57 -68 -71 
-58 -70 -60 -67 -67 
-59 -72 -59 -67 -67 
-56 -72 -60 -69 -66 
-56 -69 -53 -67 -70 
-64 -72 -55 -68 -64 
-57 -69 -56 -68 -64 
-61 -72 -60 -68 -66 
-60 -72 -61 -68 -69 
-63 -70 -60 -66 -66 
-58 -71 -60 -68 -66 
-57 -68 -53 -68 -69 
-62 -72 -60 -68 -62 
-59 -68 -60 -67 -69 
-62 -71 -55 -68 -69 
-57 -70 -53 -67 -69 
-56 -71 -54 -66 -66 
-57 -68 -58 -67 -66 
-57 -69 -57 -66 -66 
-54 -68 -54 -67 -70 
-59 -78 -56 -71 -72 
-62 -69 -53 -66 -69 
-58 -69 -54 -68 -66 
-55 -76 -58 -72 -70 
-58 -68 -54 -65 -70 
-54 -70 -55 -68 -63 
-56 -77 -60 -68 -69 
-60 -70 -61 -66 -67 
-60 -69 -54 -69 -66 
-60 -69 -55 -68 -68 
-69 -72 -55 -69 -65 
-59 -72 -52 -68 -66 
-58 -75 -58 -69 -66 
-59 -72 -55 -68 -66 
-58 -75 -55 -68 -65 
-60 -76 -53 -67 -72 
-50 -71 -58 -70 -74 
-57 -67 -55 -67 -63 
-64 -65 -60 -65 -78 
-57 -83 -65 -68 -75 
-65 -68 -53 -66 -61 
-63 -77 -58 -66 -67 
-57 -67 -57 -65 -69 
-57 -71 -54 -66 -69 
-73 -75 -56 -68 -68 
-59 -66 -54 -75 -68 
-66 -72 -54 -69 -65 
-61 -73 -61 -71 -64 
-66 -74 -61 -71 -65 
-68 -66 -56 -68 -66 
-68 -74 -53 -73 -74 
-62 -66 -62 -68 -66 
-70 -66 -62 -68 -68 
-62 -74 -62 -68 -73 
-61 -74 -59 -74 -70 
-67 -74 -54 -68 -67 
-60 -66 -57 -68 -73 
-60 -66 -55 -68 -73 
-60 -74 -62 -68 -67 
-59 -75 -53 -68 -68 
-74 -65 -59 -67 -67 
-59 -74 -62 -67 -69 
-70 -73 -61 -68 -72 
-58 -74 -59 -72 -72 
-60 -66 -55 -69 -66 
-74 -72 -55 -68 -66 
-58 -73 -55 -67 -66 
-63 -73 -55 -68 -68 
-58 -66 -55 -69 -67 
-70 -66 -61 -66 -71 
-66 -72 -60 -69 -68 
-63 -72 -57 -67 -68 
-61 -66 -55 -66 -67 
-58 -72 -57 -66 -71 
-71 -66 -53 -68 -66 
-68 -65 -55 -66 -69 
-59 -72 -57 -68 -72 
-58 -66 -57 -72 -67 
-58 -66 -59 -67 -69 
-70 -73 -57 -67 -71 
-65 -66 -55 -67 -67 
-58 -74 -55 -68 -72 
-65 -65 -55 -68 -66 
-58 -73 -53 -68 -68 
-64 -73 -57 -66 -72 
-58 -65 -56 -66 -71 
-77 -65 -56 -66 -69 
-61 -69 -59 -68 -66 
-75 -65 -53 -65 -72 
-59 -72 -58 -66 -66 
-63 -72 -54 -65 -68 
-69 -72 -55 -66 -68 
-75 -66 -59 -67 -72 
-63 -74 -55 -65 -66 
-69 -68 -58 -65 -67 
-57 -72 -59 -71 -72 
-55 -69 -59 -65 -67 
-63 -72 -58 -65 -66 
-66 -72 -56 -66 -68 
-59 -72 -59 -66 -67 
-68 -65 -59 -69 -66 
-63 -65 -60 -67 -68 
-70 -66 -55 -68 -68 
-60 -84 -55 -66 -67 
-60 -69 -53 -68 -67 
-58 -72 -57 -68 -70 
-69 -66 -61 -71 -71 
-58 -73 -61 -67 -67 
-70 -69 -55 -69 -65 
-61 -69 -53 -68 -67 
-63 -71 -57 -66 -70 
-72 -72 -54 -67 -68 
-65 -72 -55 -68 -69 
-71 -68 -57 -72 -81 
-54 -74 -61 -69 -84 
-68 -70 -55 -68 -78 
-66 -69 -59 -69 -70 
-67 -76 -56 -68 -69 
-63 -75 -55 -69 -67 
-53 -75 -55 -67 -69 
-53 -75 -55 -67 -71 
-54 -74 -56 -69 -72 
-54 -65 -60 -67 -72 
-56 -65 -56 -66 -71 
-54 -65 -55 -66 -67 
-67 -65 -59 -70 -68 
-77 -65 -59 -67 -68 
-68 -74 -55 -68 -67 
-54 -65 -54 -67 -67 
-69 -65 -58 -66 -69 
-73 -65 -59 -67 -70 
-74 -65 -53 -67 -71 
-77 -66 -57 -66 -69 
-76 -74 -58 -66 -69 
-54 -73 -54 -66 -68 
-55 -65 -52 -66 -70 
-53 -80 -58 -66 -66 
-70 -74 -59 -66 -66 
-85 -65 -57 -66 -67 
-81 -69 -56 -66 -65 
-54 -74 -57 -70 -68 
-79 -65 -53 -66 -70 
-54 -65 -57 -65 -67 
-75 -69 -58 -68 -68 
-74 -78 -58 -65 -68 
-63 -72 -58 -69 -67 
-61 -73 -58 -66 -65 
-54 -73 -58 -65 -68 
-54 -65 -52 -67 -70 
-73 -72 -58 -67 -67 
-54 -83 -58 -66 -70 
-54 -73 -55 -69 -70 
-73 -73 -58 -71 -68 
-54 -65 -52 -67 -68 
-73 -73 -58 -65 -67 
-54 -65 -52 -67 -66 
-64 -65 -55 -66 -66 
-72 -84 -57 -71 -67 
-54 -73 -53 -67 -66 
-54 -65 -55 -68 -67 
-72 -73 -57 -66 -68 
-72 -85 -58 -68 -70 
-56 -73 -57 -67 -65 
-54 -71 -54 -65 -68 
-54 -73 -55 -66 -67 
-74 -69 -53 -66 -63 
-74 -73 -54 -66 -69 
-72 -69 -53 -69 -69 
-56 -72 -57 -68 -68 
-54 -73 -54 -67 -71 
-72 -73 -54 -69 -68 
-73 -65 -57 -67 -71 
-64 -72 -52 -67 -67 
-72 -72 -54 -65 -68 
-71 -65 -54 -64 -66 
-65 -68 -57 -66 -66 
-71 -69 -55 -67 -71 
-65 -65 -55 -66 -69 
-55 -65 -53 -66 -68 
-72 -73 -55 -66 -65 
-73 -65 -55 -65 -65 
-66 -65 -55 -65 -69 
-54 -71 -57 -71 -69 
-55 -73 -59 -65 -71 
-56 -65 -55 -68 -68 
-63 -65 -57 -68 -66 
-55 -71 -57 -65 -68 
-54 -73 -54 -65 -65 
-72 -72 -57 -68 -71 
-71 -65 -52 -69 -68 
-73 -72 -57 -68 -63 
-72 -72 -54 -65 -69 
-71 -65 -57 -66 -71 
-55 -65 -57 -68 -67 
-63 -65 -58 -66 -68 
-56 -65 -57 -67 -68 
-55 -84 -55 -69 -71 
-71 -65 -58 -68 -67 
-71 -65 -57 -65 -66 
-55 -71 -57 -65 -64 
-71 -65 -57 -64 -68 
-55 -72 -58 -68 -68 
-63 -65 -57 -68 -70 
-54 -72 -55 -67 -66 
-54 -65 -53 -67 -66 
-54 -66 -58 -68 -68 
-54 -65 -55 -68 -65 
-63 -65 -55 -65 -65 
-62 -73 -58 -65 -69 
-62 -73 -55 -67 -68 
-71 -65 -52 -66 -68 
-63 -72 -57 -66 -68 
-70 -73 -55 -66 -68 
-72 -65 -53 -70 -69 
-74 -65 -52 -65 -68 
-54 -72 -57 -67 -68 
-54 -73 -57 -68 -68 
-69 -65 -52 -65 -64 
-54 -71 -57 -68 -69 
-54 -65 -53 -66 -62 
-70 -72 -57 -68 -67 
-63 -65 -57 -68 -70 
-54 -68 -52 -69 -68 
-74 -72 -58 -68 -62 
-70 -65 -53 -69 -68 
-55 -68 -55 -67 -66 
-54 -65 -57 -68 -69 
-54 -74 -58 -66 -65 
-54 -65 -53 -66 -66 
-54 -65 -55 -67 -68 
-54 -65 -55 -65 -69 
-54 -73 -58 -67 -68 
-54 -68 -58 -69 -68 
-68 -66 -59 -70 -69 
-55 -68 -55 -70 -68 
-74 -81 -58 -71 -65 
-55 -67 -60 -68 -68 
-64 -71 -58 -68 -71 
-56 -77 -58 -71 -66 
-74 -66 -58 -69 -66 
-78 -85 -54 -74 -66 
-73 -75 -57 -71 -66 
-57 -66 -58 -68 -66 
-72 -66 -57 -71 -66 
-64 -72 -55 -68 -66 
-76 -66 -54 -71 -64 
-57 -66 -57 -68 -66 
-56 -72 -57 -68 -68 
-65 -72 -55 -69 -68 
-64 -67 -55 -70 -65 
-64 -66 -58 -70 -68 
