320 14
-58 -74 -56 -74 -64 
-58 -71 -58 -80 -65 
-50 -77 -57 -79 -64 
-67 -73 -57 -77 -64 
-54 -69 -55 -71 -65 
-60 -72 -56 -74 -64 
-52 -73 -59 -66 -62 
-54 -69 -58 -70 -65 
-52 -73 -55 -69 -64 
-52 -71 -56 -79 -62 
-48 -74 -57 -71 -63 
-53 -72 -56 -66 -63 
-53 -73 -55 -67 -64 
-54 -69 -55 -66 -63 
-54 -72 -59 -70 -63 
-49 -71 -56 -67 -62 
-55 -73 -58 -67 -65 
-51 -69 -57 -68 -62 
-53 -73 -55 -81 -63 
-52 -75 -56 -78 -64 
-51 -77 -57 -72 -63 
-54 -69 -54 -78 -62 
-52 -78 -60 -70 -62 
-53 -69 -57 -75 -64 
-54 -77 -53 -68 -64 
-50 -77 -52 -78 -64 
-52 -74 -55 -68 -62 
-54 -69 -57 -68 -64 
-55 -74 -58 -70 -62 
-50 -68 -58 -70 -63 
-55 -74 -56 -76 -65 
-54 -71 -58 -68 -65 
-55 -71 -60 -72 -63 
-54 -72 -55 -74 -63 
-53 -70 -56 -68 -62 
-56 -72 -52 -73 -63 
-52 -74 -59 -70 -63 
-53 -73 -56 -71 -62 
-52 -72 -60 -68 -62 
-55 -77 -58 -67 -61 
-53 -73 -59 -67 -61 
-53 -72 -53 -72 -65 
-54 -72 -60 -72 -63 
-54 -72 -61 -70 -62 
-54 -72 -60 -67 -63 
-57 -70 -63 -67 -63 
-52 -72 -53 -72 -65 
-56 -70 -63 -68 -63 
-54 -75 -55 -68 -66 
-51 -71 -59 -75 -63 
-55 -72 -60 -79 -64 
-53 -72 -55 -66 -65 
-55 -69 -57 -78 -64 
-53 -71 -55 -69 -63 
-49 -69 -57 -77 -66 
-55 -73 -53 -71 -61 
-50 -69 -57 -68 -66 
-54 -72 -56 -67 -63 
-49 -70 -58 -69 -65 
-55 -74 -54 -77 -62 
-51 -70 -58 -78 -66 
-51 -70 -57 -73 -64 
-53 -70 -57 -76 -65 
-59 -81 -59 -70 -67 
-51 -78 -60 -69 -63 
-61 -72 -56 -70 -63 
-51 -71 -53 -67 -63 
-56 -76 -57 -68 -63 
-52 -69 -53 -77 -63 
-54 -70 -56 -70 -63 
-54 -71 -57 -73 -63 
-54 -73 -58 -71 -64 
-53 -73 -58 -79 -65 
-51 -72 -60 -71 -62 
-52 -72 -57 -75 -62 
-47 -68 -57 -75 -64 
-56 -71 -60 -68 -66 
-52 -69 -57 -77 -62 
-53 -72 -54 -73 -67 
-52 -69 -56 -70 -61 
-53 -70 -54 -70 -59 
-61 -74 -57 -77 -64 
-48 -67 -64 -69 -63 
-51 -71 -64 -78 -65 
-55 -72 -54 -71 -63 
-46 -71 -63 -88 -65 
-55 -75 -54 -82 -63 
-48 -72 -55 -74 -62 
-57 -69 -56 -72 -66 
-56 -77 -57 -72 -68 
-64 -71 -57 -85 -63 
-60 -71 -57 -70 -62 
-62 -70 -58 -71 -62 
-62 -73 -59 -70 -62 
-73 -71 -58 -74 -64 
-62 -72 -58 -84 -63 
-72 -74 -55 -67 -62 
-59 -71 -58 -76 -63 
-63 -73 -55 -76 -65 
-60 -71 -58 -71 -63 
-59 -70 -60 -71 -62 
-72 -73 -58 -82 -64 
-59 -73 -55 -70 -62 
-68 -73 -56 -69 -63 
-61 -70 -56 -71 -62 
-65 -74 -58 -83 -63 
-61 -70 -57 -71 -63 
-72 -74 -57 -71 -64 
-70 -72 -58 -81 -65 
-64 -74 -55 -71 -62 
-62 -75 -58 -73 -63 
-71 -69 -60 -80 -64 
-70 -69 -58 -69 -63 
-61 -69 -56 -76 -63 
-71 -75 -60 -69 -63 
-70 -70 -55 -74 -64 
-64 -73 -60 -71 -63 
-59 -72 -57 -71 -63 
-62 -72 -58 -71 -63 
-65 -75 -55 -79 -62 
-62 -69 -59 -70 -63 
-60 -75 -55 -71 -63 
-62 -69 -60 -80 -63 
-65 -75 -57 -70 -64 
-60 -69 -58 -69 -62 
-64 -73 -55 -80 -64 
-60 -72 -55 -69 -62 
-70 -75 -60 -71 -64 
-65 -69 -55 -74 -63 
-62 -72 -59 -70 -62 
-65 -73 -57 -78 -63 
-62 -71 -57 -71 -62 
-67 -72 -59 -74 -62 
-61 -69 -55 -72 -62 
-62 -70 -59 -74 -63 
-65 -75 -60 -70 -63 
-59 -70 -55 -83 -62 
-61 -69 -60 -76 -63 
-64 -76 -58 -68 -63 
-61 -76 -58 -71 -62 
-58 -72 -59 -84 -62 
-72 -70 -55 -70 -65 
-64 -70 -57 -71 -65 
-58 -74 -58 -70 -63 
-67 -74 -58 -71 -63 
-71 -69 -56 -83 -62 
-59 -76 -57 -71 -62 
-70 -72 -60 -71 -63 
-64 -75 -58 -71 -63 
-59 -75 -58 -69 -62 
-64 -69 -56 -71 -63 
-68 -69 -56 -69 -63 
-59 -76 -60 -70 -62 
-64 -69 -57 -81 -64 
-60 -75 -55 -70 -62 
-64 -69 -58 -71 -64 
-59 -75 -58 -71 -63 
-59 -75 -57 -71 -62 
-64 -69 -60 -69 -62 
-66 -73 -56 -70 -62 
-60 -77 -57 -81 -63 
-66 -76 -58 -69 -63 
-69 -75 -60 -76 -62 
-60 -77 -58 -80 -63 
-69 -75 -58 -75 -63 
-64 -75 -60 -70 -62 
-64 -69 -60 -69 -64 
-68 -76 -55 -70 -62 
-64 -69 -60 -70 -62 
-64 -76 -55 -69 -63 
-67 -69 -58 -70 -63 
-64 -77 -60 -69 -63 
-67 -69 -55 -70 -62 
-68 -77 -57 -70 -63 
-64 -77 -60 -69 -62 
-66 -69 -56 -70 -62 
-63 -77 -60 -69 -62 
-66 -69 -57 -79 -63 
-67 -72 -58 -79 -62 
-61 -69 -60 -70 -62 
-64 -76 -60 -74 -63 
-61 -69 -57 -73 -63 
-68 -77 -55 -80 -62 
-60 -75 -60 -69 -64 
-62 -76 -57 -72 -62 
-63 -69 -55 -80 -63 
-68 -77 -57 -75 -63 
-68 -77 -59 -74 -63 
-63 -77 -57 -70 -63 
-67 -77 -61 -79 -62 
-67 -77 -58 -70 -62 
-67 -73 -59 -74 -62 
-63 -77 -57 -69 -63 
-62 -69 -60 -78 -63 
-63 -77 -57 -69 -63 
-62 -77 -60 -69 -62 
-66 -68 -57 -79 -63 
-68 -77 -58 -69 -62 
-63 -76 -61 -70 -63 
-68 -77 -57 -69 -62 
-61 -69 -61 -79 -63 
-68 -77 -57 -69 -63 
-61 -77 -56 -69 -62 
-68 -69 -57 -70 -63 
-64 -73 -58 -71 -62 
-63 -77 -58 -81 -64 
-60 -77 -57 -70 -62 
-69 -76 -60 -70 -62 
-64 -74 -56 -69 -63 
-63 -69 -61 -81 -64 
-69 -74 -57 -69 -62 
-62 -73 -55 -70 -63 
-68 -69 -58 -81 -62 
-60 -77 -61 -69 -64 
-69 -69 -57 -71 -62 
-60 -77 -61 -68 -64 
-63 -77 -58 -80 -63 
-68 -69 -58 -70 -64 
-61 -77 -56 -80 -63 
-64 -73 -61 -68 -62 
-68 -69 -55 -80 -63 
-64 -78 -61 -69 -62 
-68 -77 -57 -70 -63 
-64 -69 -61 -69 -64 
-69 -69 -58 -69 -63 
-68 -78 -55 -75 -63 
-68 -75 -57 -69 -63 
-61 -77 -61 -70 -63 
-68 -69 -57 -69 -62 
-60 -77 -55 -70 -63 
-61 -77 -57 -70 -63 
-63 -69 -59 -69 -62 
-63 -77 -57 -69 -63 
-61 -73 -57 -70 -62 
-64 -74 -61 -73 -62 
-62 -69 -57 -79 -63 
-61 -77 -61 -69 -63 
-67 -69 -55 -70 -63 
-61 -78 -61 -80 -63 
-63 -77 -58 -69 -62 
-61 -73 -59 -81 -63 
-63 -68 -57 -69 -62 
-60 -78 -57 -70 -61 
-61 -76 -57 -80 -62 
-63 -69 -57 -70 -63 
-60 -77 -55 -81 -63 
-67 -78 -57 -70 -63 
-63 -77 -56 -75 -63 
-67 -68 -57 -70 -64 
-62 -78 -60 -69 -63 
-64 -77 -56 -70 -63 
-63 -69 -57 -70 -62 
-61 -76 -61 -70 -63 
-62 -76 -57 -72 -62 
-63 -78 -58 -69 -62 
-62 -68 -57 -80 -63 
-65 -76 -55 -69 -62 
-62 -69 -58 -70 -63 
-64 -77 -57 -69 -62 
-62 -76 -55 -70 -62 
-63 -77 -57 -68 -62 
-64 -69 -57 -70 -63 
-62 -77 -60 -81 -62 
-63 -69 -55 -69 -63 
-63 -75 -58 -75 -61 
-62 -69 -60 -83 -62 
-65 -78 -57 -69 -63 
-63 -69 -60 -71 -63 
-62 -77 -58 -70 -62 
-62 -73 -57 -71 -62 
-63 -69 -58 -71 -62 
-64 -68 -60 -83 -63 
-62 -76 -57 -69 -62 
-63 -69 -60 -71 -63 
-61 -77 -55 -69 -63 
-63 -69 -60 -83 -62 
-61 -76 -57 -68 -63 
-63 -76 -56 -71 -61 
-62 -69 -60 -71 -62 
-63 -77 -57 -84 -61 
-63 -69 -60 -71 -62 
-64 -75 -55 -69 -63 
-62 -77 -58 -70 -62 
-64 -75 -57 -69 -64 
-61 -74 -57 -79 -63 
-62 -74 -58 -68 -62 
-65 -69 -61 -71 -61 
-61 -74 -55 -71 -63 
-60 -76 -57 -69 -64 
-64 -74 -57 -69 -63 
-60 -74 -58 -69 -62 
-64 -74 -57 -68 -61 
-62 -74 -59 -71 -63 
-61 -69 -61 -87 -61 
-62 -75 -57 -71 -62 
-63 -75 -58 -69 -62 
-64 -75 -59 -69 -62 
-64 -75 -58 -70 -62 
-62 -75 -55 -69 -62 
-66 -75 -57 -88 -64 
-63 -76 -58 -69 -63 
-64 -72 -55 -71 -63 
-61 -75 -61 -70 -62 
-62 -75 -57 -71 -64 
-61 -76 -58 -70 -62 
-62 -69 -59 -70 -62 
-62 -69 -56 -77 -63 
-65 -77 -61 -68 -61 
-62 -76 -58 -70 -62 
-65 -68 -57 -69 -62 
-64 -74 -62 -71 -64 
-66 -71 -59 -71 -63 
-63 -70 -57 -85 -66 
-60 -69 -56 -68 -63 
-60 -70 -59 -74 -63 
-69 -69 -57 -69 -62 
-75 -72 -58 -76 -65 
-63 -72 -56 -78 -62 
-68 -73 -58 -71 -71 
-62 -79 -56 -71 -65 
