348 15
-56 -74 -68 -74 -67 
-54 -72 -65 -76 -57 
-57 -74 -62 -80 -63 
-53 -72 -68 -79 -59 
-54 -79 -62 -79 -62 
-57 -73 -62 -75 -64 
-55 -75 -68 -75 -60 
-59 -74 -62 -77 -58 
-60 -83 -70 -77 -58 
-56 -73 -65 -78 -59 
-55 -72 -65 -78 -65 
-58 -70 -64 -77 -58 
-59 -77 -65 -78 -65 
-55 -69 -65 -84 -65 
-58 -71 -65 -76 -65 
-57 -79 -68 -83 -64 
-56 -71 -67 -79 -61 
-61 -71 -62 -81 -63 
-58 -72 -66 -80 -64 
-64 -72 -66 -81 -63 
-65 -75 -78 -82 -59 
-53 -71 -63 -82 -58 
-70 -75 -59 -79 -66 
-59 -73 -62 -75 -65 
-57 -71 -62 -81 -65 
-53 -78 -61 -74 -59 
-52 -74 -65 -76 -63 
-50 -73 -62 -72 -59 
-53 -71 -61 -84 -59 
-55 -73 -63 -77 -68 
-63 -74 -62 -80 -58 
-57 -75 -64 -78 -59 
-57 -76 -66 -72 -59 
-57 -75 -63 -79 -63 
-60 -77 -62 -74 -66 
-56 -71 -61 -74 -66 
-60 -75 -62 -80 -65 
-53 -76 -64 -75 -58 
-55 -77 -63 -77 -58 
-51 -71 -68 -83 -66 
-57 -78 -62 -78 -65 
-56 -73 -65 -77 -63 
-62 -71 -62 -79 -62 
-53 -80 -64 -76 -67 
-55 -66 -62 -82 -66 
-59 -76 -59 -74 -58 
-54 -68 -63 -79 -65 
-54 -78 -65 -73 -57 
-54 -72 -63 -75 -59 
-59 -70 -69 -84 -58 
-58 -74 -72 -72 -69 
-61 -69 -66 -71 -68 
-56 -75 -67 -72 -67 
-58 -75 -64 -69 -67 
-62 -73 -66 -69 -65 
-52 -79 -71 -73 -71 
-56 -69 -69 -69 -64 
-52 -68 -69 -74 -66 
-54 -70 -62 -73 -59 
-56 -73 -66 -73 -66 
-53 -76 -67 -72 -69 
-51 -71 -69 -77 -58 
-56 -80 -67 -74 -67 
-57 -72 -74 -76 -68 
-53 -76 -65 -71 -68 
-54 -74 -64 -73 -59 
-57 -74 -64 -71 -65 
-57 -74 -62 -73 -66 
-56 -74 -73 -71 -62 
-55 -73 -68 -73 -64 
-54 -75 -64 -71 -68 
-61 -73 -64 -72 -65 
-54 -78 -63 -74 -69 
-54 -73 -65 -74 -59 
-62 -71 -65 -73 -58 
-54 -76 -78 -72 -75 
-57 -77 -65 -73 -59 
-64 -74 -63 -72 -67 
-58 -71 -79 -73 -59 
-56 -75 -63 -70 -66 
-56 -72 -71 -71 -59 
-56 -73 -72 -74 -67 
-58 -75 -64 -70 -60 
-57 -74 -63 -75 -61 
-58 -72 -62 -81 -59 
-54 -72 -65 -71 -64 
-55 -73 -66 -74 -60 
-57 -71 -62 -76 -59 
-56 -74 -63 -75 -62 
-60 -73 -77 -78 -65 
-54 -79 -62 -76 -60 
-60 -73 -78 -77 -61 
-59 -74 -62 -69 -66 
-57 -78 -70 -79 -65 
-58 -77 -64 -77 -60 
-55 -72 -73 -70 -63 
-55 -68 -67 -78 -64 
-57 -76 -65 -75 -66 
-53 -68 -73 -90 -62 
-54 -75 -64 -73 -66 
-59 -69 -64 -77 -63 
-54 -70 -64 -88 -66 
-60 -69 -77 -78 -66 
-56 -69 -70 -68 -66 
-55 -69 -64 -70 -64 
-57 -70 -64 -83 -64 
-54 -85 -73 -77 -62 
-56 -77 -70 -73 -62 
-54 -69 -81 -87 -67 
-53 -69 -65 -77 -62 
-54 -70 -71 -76 -63 
-59 -70 -72 -81 -64 
-54 -70 -64 -88 -66 
-54 -69 -65 -86 -65 
-53 -69 -72 -85 -64 
-56 -69 -74 -80 -64 
-53 -71 -64 -73 -62 
-55 -69 -64 -77 -62 
-54 -69 -64 -83 -64 
-56 -69 -63 -76 -64 
-54 -69 -64 -70 -63 
-59 -70 -63 -75 -63 
-56 -70 -64 -73 -60 
-56 -68 -70 -73 -59 
-53 -84 -65 -70 -63 
-54 -69 -77 -75 -60 
-53 -77 -70 -73 -60 
-53 -86 -64 -70 -64 
-54 -68 -76 -86 -63 
-52 -86 -63 -70 -64 
-57 -69 -76 -80 -63 
-54 -69 -64 -70 -63 
-55 -86 -70 -79 -62 
-54 -69 -63 -85 -64 
-54 -71 -76 -70 -62 
-54 -69 -63 -86 -61 
-52 -69 -63 -73 -63 
-58 -71 -64 -77 -61 
-56 -71 -79 -78 -62 
-54 -69 -63 -73 -63 
-59 -71 -79 -69 -61 
-56 -71 -63 -76 -62 
-53 -71 -63 -81 -61 
-53 -69 -67 -86 -62 
-54 -71 -74 -81 -64 
-52 -69 -65 -79 -63 
-60 -79 -65 -77 -63 
-56 -70 -65 -77 -64 
-57 -75 -64 -83 -62 
-54 -73 -64 -69 -63 
-64 -73 -63 -81 -63 
-62 -74 -67 -79 -63 
-60 -72 -71 -69 -62 
-60 -73 -74 -86 -63 
-61 -72 -69 -75 -61 
-53 -76 -67 -74 -63 
-58 -83 -69 -72 -62 
-63 -76 -64 -78 -62 
-52 -74 -63 -71 -64 
-61 -77 -64 -82 -65 
-60 -74 -66 -80 -61 
-55 -72 -65 -76 -63 
-54 -72 -65 -77 -60 
-57 -82 -65 -80 -60 
-53 -70 -62 -85 -64 
-60 -73 -62 -78 -62 
-56 -71 -63 -71 -62 
-54 -72 -64 -76 -60 
-55 -71 -63 -73 -62 
-57 -71 -79 -74 -63 
-52 -85 -62 -70 -63 
-57 -70 -71 -74 -62 
-55 -85 -78 -76 -63 
-55 -70 -63 -71 -62 
-54 -84 -66 -73 -62 
-55 -70 -63 -75 -62 
-55 -71 -77 -74 -62 
-54 -70 -60 -71 -63 
-53 -72 -77 -76 -61 
-55 -77 -59 -76 -63 
-54 -70 -60 -76 -61 
-55 -70 -59 -71 -61 
-56 -85 -60 -76 -61 
-53 -70 -62 -75 -62 
-57 -72 -78 -78 -62 
-56 -84 -63 -79 -63 
-55 -71 -61 -70 -63 
-52 -72 -70 -76 -62 
-52 -73 -71 -72 -61 
-52 -74 -62 -75 -62 
-53 -72 -70 -72 -62 
-55 -85 -62 -83 -63 
-54 -71 -61 -70 -62 
-55 -84 -77 -83 -63 
-54 -70 -62 -70 -62 
-55 -81 -62 -83 -64 
-54 -70 -74 -71 -65 
-53 -79 -62 -75 -64 
-54 -72 -62 -82 -64 
-53 -73 -71 -74 -62 
-54 -70 -62 -81 -63 
-53 -72 -71 -70 -64 
-53 -71 -62 -83 -64 
-55 -72 -62 -70 -61 
-54 -71 -62 -72 -62 
-54 -70 -65 -72 -62 
-54 -77 -67 -75 -61 
-54 -70 -71 -74 -69 
-54 -71 -62 -70 -61 
-54 -74 -67 -72 -61 
-54 -71 -62 -83 -65 
-54 -74 -62 -82 -61 
-54 -71 -62 -83 -62 
-54 -71 -62 -70 -63 
-54 -71 -67 -76 -66 
-54 -71 -63 -81 -65 
-54 -77 -62 -69 -61 
-54 -71 -63 -75 -68 
-54 -77 -72 -82 -65 
-54 -74 -66 -72 -67 
-54 -71 -62 -74 -61 
-54 -77 -73 -70 -65 
-54 -71 -62 -77 -61 
-54 -77 -74 -70 -65 
-54 -71 -62 -74 -61 
-54 -71 -62 -78 -61 
-53 -70 -72 -83 -65 
-56 -77 -62 -74 -61 
-53 -70 -73 -70 -68 
-54 -76 -62 -83 -69 
-55 -71 -72 -70 -65 
-53 -71 -67 -70 -67 
-53 -70 -62 -84 -61 
-54 -72 -68 -70 -66 
-53 -73 -67 -77 -66 
-53 -70 -63 -72 -70 
-53 -71 -71 -74 -61 
-53 -76 -63 -71 -70 
-54 -72 -62 -74 -61 
-53 -73 -74 -71 -61 
-55 -75 -69 -73 -64 
-53 -71 -62 -73 -62 
-53 -69 -62 -72 -65 
-54 -85 -62 -85 -62 
-54 -73 -62 -85 -60 
-54 -73 -71 -76 -63 
-59 -71 -68 -77 -59 
-54 -69 -72 -78 -65 
-56 -73 -63 -85 -62 
-53 -73 -71 -78 -59 
-59 -69 -64 -76 -62 
-53 -73 -71 -86 -59 
-54 -72 -63 -77 -65 
-56 -74 -63 -76 -63 
-53 -70 -63 -77 -59 
-57 -71 -63 -87 -59 
-53 -74 -73 -76 -65 
-54 -72 -63 -77 -59 
-53 -73 -68 -77 -65 
-53 -72 -67 -76 -62 
-55 -71 -68 -78 -62 
-54 -74 -63 -86 -59 
-54 -69 -71 -76 -62 
-53 -73 -63 -77 -59 
-54 -69 -74 -76 -62 
-59 -73 -63 -77 -65 
-53 -69 -74 -76 -59 
-59 -73 -63 -76 -62 
-53 -73 -68 -75 -59 
-59 -78 -76 -75 -62 
-53 -72 -62 -73 -60 
-53 -73 -71 -77 -63 
-54 -74 -68 -76 -63 
-54 -80 -62 -79 -61 
-54 -71 -61 -79 -61 
-54 -76 -62 -78 -61 
-54 -76 -62 -70 -69 
-54 -80 -62 -75 -63 
-54 -71 -71 -70 -61 
-54 -80 -67 -70 -63 
-54 -70 -62 -82 -60 
-53 -71 -66 -75 -63 
-54 -71 -62 -83 -69 
-53 -79 -62 -70 -64 
-54 -71 -62 -83 -60 
-53 -78 -62 -74 -63 
-55 -70 -62 -83 -65 
-53 -72 -66 -72 -61 
-53 -78 -71 -84 -60 
-54 -71 -62 -84 -63 
-54 -73 -62 -83 -65 
-53 -74 -66 -70 -66 
-55 -72 -66 -74 -65 
-53 -79 -71 -70 -63 
-54 -70 -62 -83 -64 
-54 -71 -62 -75 -66 
-54 -71 -65 -84 -61 
-54 -71 -63 -70 -61 
-54 -71 -67 -77 -65 
-54 -79 -62 -75 -61 
-53 -73 -62 -83 -69 
-56 -83 -75 -84 -64 
-53 -75 -62 -74 -61 
-56 -82 -77 -72 -65 
-52 -72 -62 -75 -61 
-55 -77 -75 -73 -61 
-56 -69 -64 -78 -64 
-53 -73 -65 -79 -63 
-53 -70 -62 -82 -63 
-52 -71 -65 -77 -64 
-53 -72 -66 -76 -62 
-56 -73 -62 -75 -65 
-53 -69 -71 -77 -63 
-56 -71 -62 -77 -65 
-54 -74 -71 -82 -63 
-57 -71 -62 -77 -65 
-53 -71 -68 -82 -63 
-55 -74 -68 -83 -60 
-54 -69 -71 -77 -59 
-57 -71 -65 -83 -63 
-53 -74 -63 -77 -58 
-57 -71 -65 -83 -63 
-53 -71 -66 -80 -64 
-53 -74 -67 -83 -63 
-54 -72 -63 -77 -59 
-54 -69 -73 -80 -62 
-54 -70 -67 -76 -59 
-54 -71 -62 -77 -65 
-54 -69 -72 -83 -60 
-56 -71 -62 -77 -65 
-54 -73 -62 -84 -62 
-56 -69 -72 -77 -65 
-54 -73 -64 -77 -59 
-54 -73 -73 -77 -62 
-55 -74 -63 -84 -62 
-54 -71 -73 -77 -65 
-55 -72 -68 -77 -59 
-55 -69 -63 -77 -63 
-55 -71 -79 -77 -63 
-57 -74 -64 -86 -66 
-55 -72 -80 -85 -63 
-55 -68 -65 -83 -59 
-56 -71 -70 -78 -61 
-54 -71 -64 -74 -64 
-56 -71 -65 -76 -65 
-54 -72 -65 -81 -59 
-53 -68 -62 -75 -63 
-54 -74 -66 -71 -60 
