340 2
-55 -57 -55 -58 -67 
-53 -56 -53 -66 -69 
-53 -70 -51 -57 -68 
-54 -58 -56 -67 -70 
-51 -56 -51 -55 -66 
-54 -58 -57 -65 -69 
-52 -58 -50 -64 -71 
-55 -59 -51 -63 -71 
-53 -56 -52 -68 -70 
-57 -58 -51 -60 -67 
-53 -64 -54 -63 -71 
-55 -56 -55 -58 -68 
-54 -66 -54 -65 -71 
-69 -57 -54 -60 -67 
-56 -61 -52 -62 -68 
-62 -58 -51 -55 -69 
-56 -59 -50 -71 -68 
-78 -66 -52 -64 -67 
-57 -62 -52 -65 -68 
-59 -62 -53 -58 -71 
-59 -62 -51 -64 -69 
-71 -69 -54 -67 -72 
-67 -59 -61 -56 -71 
-59 -75 -51 -69 -68 
-66 -63 -59 -58 -73 
-76 -59 -51 -60 -68 
-62 -60 -54 -66 -70 
-65 -60 -54 -71 -72 
-58 -62 -54 -58 -67 
-61 -59 -55 -75 -71 
-62 -64 -51 -56 -68 
-59 -58 -53 -72 -72 
-59 -58 -57 -55 -71 
-62 -58 -57 -70 -72 
-62 -57 -50 -62 -71 
-60 -68 -57 -71 -73 
-64 -57 -57 -64 -76 
-62 -59 -51 -67 -66 
-61 -58 -53 -68 -70 
-60 -59 -58 -58 -75 
-66 -57 -54 -68 -70 
-59 -57 -54 -64 -66 
-61 -66 -59 -59 -69 
-63 -58 -58 -63 -67 
-61 -58 -57 -70 -69 
-62 -82 -57 -55 -75 
-62 -58 -59 -70 -75 
-62 -59 -56 -54 -71 
-63 -58 -50 -69 -75 
-62 -58 -58 -63 -71 
-63 -58 -58 -61 -70 
-61 -58 -57 -54 -67 
-61 -58 -60 -69 -71 
-62 -58 -58 -58 -68 
-62 -58 -60 -61 -68 
-62 -57 -57 -69 -66 
-60 -56 -59 -54 -71 
-61 -58 -58 -69 -67 
-60 -58 -58 -66 -73 
-60 -58 -51 -62 -70 
-61 -58 -55 -69 -66 
-60 -58 -55 -64 -68 
-60 -74 -51 -69 -74 
-60 -58 -57 -64 -66 
-61 -58 -54 -60 -70 
-60 -66 -60 -68 -70 
-60 -58 -58 -55 -66 
-63 -66 -50 -65 -74 
-62 -66 -59 -64 -70 
-62 -66 -55 -59 -71 
-59 -56 -51 -55 -67 
-62 -74 -60 -70 -76 
-60 -58 -51 -57 -70 
-62 -57 -58 -58 -77 
-60 -73 -54 -62 -74 
-60 -57 -58 -58 -67 
-59 -61 -55 -58 -74 
-59 -56 -53 -64 -66 
-61 -56 -56 -54 -67 
-59 -57 -59 -71 -70 
-57 -62 -55 -61 -68 
-59 -62 -53 -62 -66 
-54 -57 -58 -53 -67 
-59 -63 -57 -69 -67 
-59 -59 -58 -63 -72 
-57 -61 -59 -66 -77 
-56 -58 -54 -58 -68 
-62 -58 -57 -81 -68 
-59 -58 -57 -73 -69 
-60 -57 -57 -68 -69 
-61 -57 -53 -63 -69 
-61 -58 -55 -57 -74 
-59 -57 -59 -66 -69 
-59 -57 -59 -60 -70 
-66 -58 -52 -62 -75 
-65 -59 -56 -64 -75 
-66 -65 -59 -65 -72 
-66 -58 -53 -63 -73 
-65 -57 -58 -66 -71 
-59 -57 -55 -60 -72 
-65 -62 -59 -57 -68 
-64 -57 -59 -66 -72 
-60 -57 -55 -60 -72 
-62 -65 -59 -66 -68 
-60 -61 -59 -65 -71 
-60 -57 -59 -57 -68 
-60 -64 -59 -65 -71 
-63 -57 -52 -57 -74 
-59 -61 -55 -65 -73 
-61 -58 -53 -66 -68 
-63 -57 -59 -54 -72 
-65 -56 -53 -61 -69 
-60 -57 -58 -64 -67 
-65 -60 -53 -61 -70 
-64 -59 -55 -65 -71 
-64 -62 -55 -58 -71 
-64 -61 -56 -62 -71 
-62 -68 -57 -63 -75 
-62 -59 -52 -57 -67 
-62 -58 -61 -68 -70 
-60 -65 -54 -72 -68 
-53 -57 -56 -63 -72 
-64 -56 -60 -61 -76 
-63 -58 -58 -61 -72 
-63 -65 -52 -65 -69 
-62 -58 -52 -63 -69 
-60 -58 -58 -66 -69 
-62 -64 -51 -66 -71 
-60 -59 -59 -57 -75 
-60 -59 -51 -62 -71 
-62 -59 -51 -62 -75 
-62 -60 -51 -63 -75 
-73 -58 -50 -67 -72 
-60 -58 -51 -66 -69 
-77 -63 -50 -59 -67 
-63 -58 -60 -66 -78 
-66 -61 -51 -63 -67 
-63 -59 -51 -59 -70 
-63 -59 -54 -70 -68 
-62 -59 -62 -64 -79 
-69 -59 -51 -68 -67 
-64 -59 -51 -59 -68 
-62 -59 -51 -69 -78 
-65 -59 -56 -68 -68 
-66 -61 -56 -69 -73 
-68 -59 -62 -65 -78 
-62 -60 -51 -57 -68 
-63 -61 -62 -65 -71 
-62 -59 -51 -59 -71 
-63 -61 -61 -65 -68 
-69 -58 -51 -59 -70 
-62 -60 -52 -68 -68 
-69 -58 -54 -59 -71 
-62 -61 -51 -65 -68 
-69 -57 -61 -59 -69 
-61 -60 -51 -65 -78 
-62 -58 -61 -59 -69 
-61 -59 -51 -65 -68 
-64 -59 -56 -65 -73 
-62 -59 -51 -65 -74 
-63 -60 -51 -69 -74 
-62 -59 -51 -58 -73 
-61 -63 -51 -65 -78 
-60 -58 -51 -69 -69 
-63 -60 -61 -65 -70 
-61 -60 -51 -65 -72 
-59 -57 -56 -67 -71 
-70 -58 -52 -65 -68 
-60 -59 -56 -62 -68 
-74 -63 -61 -64 -67 
-61 -58 -51 -59 -69 
-67 -62 -62 -65 -67 
-62 -60 -51 -65 -68 
-57 -59 -56 -65 -74 
-55 -60 -53 -59 -68 
-68 -59 -56 -63 -74 
-57 -59 -59 -66 -67 
-59 -67 -50 -63 -69 
-61 -58 -54 -55 -71 
-60 -58 -57 -69 -72 
-55 -59 -53 -58 -67 
-62 -59 -57 -62 -73 
-57 -61 -54 -61 -67 
-65 -60 -60 -69 -75 
-62 -68 -52 -57 -74 
-69 -59 -60 -68 -68 
-67 -59 -51 -54 -70 
-67 -59 -58 -67 -68 
-60 -59 -58 -55 -74 
-61 -61 -52 -55 -71 
-63 -60 -58 -60 -68 
-62 -64 -53 -65 -72 
-62 -59 -56 -61 -70 
-62 -58 -53 -66 -72 
-64 -59 -57 -60 -70 
-60 -61 -54 -60 -69 
-60 -62 -56 -55 -73 
-59 -58 -57 -61 -70 
-62 -65 -52 -55 -73 
-59 -60 -56 -66 -69 
-60 -60 -52 -60 -71 
-62 -64 -56 -60 -74 
-62 -61 -55 -60 -70 
-58 -64 -53 -66 -70 
-62 -60 -57 -56 -73 
-62 -61 -53 -65 -69 
-60 -64 -57 -61 -70 
-62 -58 -55 -65 -70 
-61 -64 -53 -61 -70 
-59 -58 -57 -65 -74 
-62 -64 -53 -55 -69 
-59 -60 -57 -65 -73 
-59 -64 -53 -63 -69 
-61 -60 -54 -60 -71 
-60 -60 -56 -60 -68 
-61 -60 -57 -60 -69 
-60 -59 -55 -60 -72 
-62 -62 -52 -55 -69 
-58 -60 -56 -61 -70 
-62 -61 -54 -59 -68 
-63 -59 -52 -54 -69 
-59 -60 -54 -62 -69 
-62 -61 -54 -62 -70 
-61 -59 -55 -61 -69 
-60 -59 -54 -59 -69 
-61 -58 -54 -53 -69 
-59 -58 -56 -65 -70 
-62 -60 -57 -61 -69 
-60 -60 -53 -65 -73 
-62 -64 -57 -55 -69 
-60 -58 -53 -61 -73 
-62 -64 -57 -55 -69 
-60 -58 -53 -61 -73 
-59 -61 -57 -55 -68 
-62 -58 -53 -55 -68 
-63 -61 -57 -61 -74 
-61 -59 -55 -60 -69 
-61 -59 -54 -61 -71 
-59 -64 -53 -55 -73 
-61 -61 -57 -62 -70 
-62 -60 -57 -65 -71 
-60 -58 -53 -61 -69 
-62 -65 -57 -55 -73 
-60 -58 -52 -61 -70 
-60 -64 -57 -54 -73 
-62 -58 -53 -62 -70 
-61 -64 -57 -55 -70 
-62 -61 -57 -62 -70 
-62 -61 -57 -62 -70 
-62 -60 -57 -62 -74 
-62 -61 -55 -62 -71 
-60 -64 -57 -64 -70 
-62 -60 -51 -55 -72 
-62 -65 -57 -62 -70 
-61 -61 -55 -61 -70 
-62 -63 -54 -65 -73 
-62 -61 -57 -61 -70 
-62 -64 -57 -62 -70 
-62 -61 -57 -54 -73 
-60 -61 -57 -65 -70 
-62 -65 -57 -55 -73 
-60 -61 -53 -65 -70 
-61 -61 -55 -60 -71 
-61 -58 -57 -54 -70 
-62 -65 -58 -65 -73 
-62 -59 -57 -59 -70 
-62 -58 -57 -54 -73 
-61 -61 -57 -64 -70 
-62 -65 -53 -59 -73 
-61 -61 -57 -62 -71 
-62 -58 -57 -54 -73 
-61 -63 -57 -62 -70 
-59 -59 -52 -54 -69 
-61 -65 -57 -64 -73 
-60 -61 -57 -54 -70 
-61 -61 -57 -64 -71 
-59 -59 -53 -62 -74 
-62 -61 -57 -64 -70 
-61 -61 -53 -62 -73 
-61 -65 -55 -60 -70 
-61 -61 -57 -55 -73 
-62 -58 -57 -58 -72 
-61 -65 -53 -61 -70 
-61 -61 -57 -61 -71 
-59 -58 -53 -66 -74 
-62 -61 -57 -60 -70 
-60 -58 -57 -56 -73 
-62 -65 -57 -66 -70 
-60 -61 -53 -55 -70 
-62 -65 -53 -65 -74 
-61 -58 -57 -61 -70 
-59 -63 -52 -61 -72 
-60 -61 -55 -61 -72 
-62 -58 -57 -65 -70 
-61 -61 -53 -61 -73 
-61 -65 -54 -55 -70 
-61 -61 -57 -55 -70 
-62 -64 -57 -59 -74 
-62 -59 -52 -65 -70 
-60 -64 -56 -61 -74 
-63 -59 -53 -65 -70 
-60 -64 -57 -55 -74 
-61 -61 -56 -60 -68 
-63 -59 -57 -59 -68 
-62 -58 -56 -56 -69 
-59 -59 -57 -64 -71 
-61 -61 -57 -61 -70 
-62 -59 -55 -71 -66 
-56 -57 -57 -53 -66 
-52 -67 -56 -71 -65 
-71 -58 -58 -64 -67 
-53 -69 -55 -59 -72 
-65 -61 -58 -61 -68 
-64 -57 -51 -56 -69 
-65 -65 -55 -64 -65 
-58 -62 -57 -59 -65 
-65 -56 -51 -56 -68 
-64 -55 -55 -61 -70 
-64 -57 -57 -62 -71 
-65 -66 -59 -58 -66 
-65 -62 -51 -64 -65 
-64 -62 -58 -59 -65 
-65 -57 -59 -64 -68 
-60 -67 -51 -61 -70 
-52 -58 -51 -57 -65 
-65 -68 -51 -61 -68 
-67 -57 -57 -57 -66 
-66 -58 -59 -63 -68 
-59 -57 -54 -62 -65 
-67 -65 -50 -60 -66 
-67 -59 -56 -62 -69 
-70 -57 -51 -58 -66 
-59 -57 -55 -61 -69 
-66 -58 -55 -58 -64 
-64 -58 -55 -63 -68 
-58 -56 -58 -64 -67 
-65 -58 -50 -61 -69 
-62 -58 -61 -58 -63 
-54 -64 -51 -64 -69 
-66 -56 -61 -56 -67 
