321 3
-58 -58 -61 -68 -80 
-55 -58 -61 -61 -76 
-60 -59 -61 -62 -80 
-62 -58 -61 -68 -80 
-56 -58 -60 -68 -78 
-56 -63 -59 -69 -78 
-55 -65 -59 -63 -76 
-64 -62 -61 -68 -77 
-59 -64 -61 -68 -77 
-57 -62 -63 -64 -78 
-58 -64 -61 -69 -78 
-58 -63 -62 -62 -77 
-58 -58 -62 -66 -83 
-56 -61 -62 -62 -75 
-60 -63 -61 -69 -78 
-57 -63 -60 -62 -77 
-59 -59 -61 -64 -77 
-57 -60 -62 -63 -78 
-59 -60 -62 -68 -75 
-59 -64 -63 -68 -76 
-61 -63 -62 -68 -77 
-58 -62 -62 -64 -75 
-57 -63 -61 -69 -74 
-63 -62 -62 -68 -76 
-61 -58 -61 -65 -86 
-58 -61 -63 -69 -74 
-57 -61 -61 -67 -79 
-56 -58 -64 -64 -79 
-60 -64 -62 -67 -78 
-58 -61 -63 -66 -80 
-59 -61 -62 -67 -79 
-59 -63 -63 -63 -74 
-67 -64 -64 -68 -78 
-62 -66 -62 -66 -74 
-54 -82 -62 -64 -74 
-63 -64 -62 -63 -74 
-59 -66 -61 -72 -75 
-60 -64 -62 -64 -74 
-58 -63 -61 -65 -73 
-60 -60 -62 -65 -89 
-59 -62 -62 -61 -75 
-60 -64 -64 -62 -77 
-62 -62 -62 -63 -79 
-60 -62 -64 -64 -77 
-66 -65 -62 -63 -80 
-55 -60 -60 -76 -73 
-59 -61 -60 -73 -79 
-65 -66 -66 -63 -74 
-59 -61 -60 -63 -73 
-62 -64 -59 -63 -77 
-59 -61 -59 -65 -75 
-59 -61 -60 -68 -80 
-59 -63 -60 -61 -79 
-60 -61 -61 -63 -81 
-58 -63 -63 -64 -88 
-60 -63 -61 -66 -74 
-55 -65 -60 -69 -80 
-62 -62 -61 -63 -77 
-54 -58 -61 -63 -82 
-72 -58 -62 -69 -81 
-54 -64 -61 -65 -77 
-72 -58 -62 -62 -81 
-55 -64 -61 -65 -78 
-72 -58 -62 -69 -82 
-55 -61 -61 -65 -78 
-63 -60 -61 -66 -79 
-63 -64 -62 -69 -79 
-62 -63 -61 -69 -80 
-70 -58 -61 -64 -83 
-55 -63 -61 -66 -80 
-56 -60 -61 -69 -80 
-59 -64 -62 -64 -78 
-55 -58 -62 -62 -82 
-59 -64 -63 -69 -78 
-55 -58 -62 -63 -82 
-71 -64 -61 -64 -82 
-55 -58 -62 -62 -78 
-71 -58 -62 -64 -79 
-54 -64 -61 -62 -81 
-59 -62 -62 -64 -79 
-55 -61 -60 -62 -81 
-71 -62 -62 -64 -81 
-65 -58 -61 -66 -79 
-55 -62 -61 -69 -81 
-71 -62 -61 -64 -80 
-56 -58 -60 -68 -82 
-62 -61 -62 -69 -81 
-70 -58 -61 -64 -80 
-54 -64 -63 -69 -79 
-69 -58 -61 -64 -80 
-57 -58 -63 -62 -83 
-57 -64 -62 -63 -80 
-58 -56 -62 -62 -80 
-65 -63 -61 -63 -78 
-54 -61 -60 -67 -80 
-58 -64 -61 -63 -81 
-54 -62 -61 -69 -81 
-60 -59 -61 -67 -81 
-58 -64 -62 -64 -79 
-62 -60 -62 -65 -79 
-54 -64 -63 -69 -82 
-54 -62 -60 -62 -80 
-59 -62 -63 -64 -81 
-54 -64 -60 -62 -79 
-59 -57 -63 -62 -81 
-59 -58 -61 -69 -81 
-69 -64 -63 -62 -80 
-54 -58 -61 -64 -80 
-58 -64 -62 -62 -80 
-58 -61 -61 -63 -79 
-69 -58 -61 -63 -81 
-58 -64 -61 -64 -79 
-56 -61 -61 -63 -80 
-54 -62 -62 -62 -80 
-58 -64 -62 -64 -78 
-71 -60 -63 -69 -80 
-58 -58 -62 -64 -79 
-58 -62 -62 -69 -80 
-71 -58 -61 -62 -78 
-64 -60 -61 -66 -81 
-61 -58 -62 -62 -79 
-54 -64 -61 -64 -81 
-71 -58 -63 -62 -81 
-56 -64 -61 -62 -80 
-54 -62 -61 -64 -80 
-54 -64 -61 -65 -81 
-54 -62 -61 -65 -80 
-59 -62 -62 -62 -81 
-59 -64 -62 -65 -80 
-62 -61 -61 -65 -80 
-58 -62 -62 -62 -80 
-58 -63 -62 -62 -80 
-70 -61 -61 -69 -82 
-56 -63 -61 -69 -80 
-56 -63 -63 -69 -79 
-71 -62 -61 -64 -81 
-59 -63 -62 -63 -81 
-71 -64 -63 -65 -80 
-54 -61 -63 -69 -81 
-71 -64 -62 -64 -80 
-54 -61 -63 -68 -80 
-59 -64 -62 -62 -81 
-59 -61 -61 -69 -81 
-70 -61 -61 -68 -80 
-54 -58 -63 -64 -82 
-70 -61 -61 -69 -80 
-54 -58 -61 -64 -80 
-70 -64 -63 -62 -79 
-54 -58 -62 -69 -83 
-70 -61 -63 -62 -81 
-69 -58 -62 -64 -78 
-54 -64 -61 -62 -81 
-70 -61 -62 -64 -79 
-54 -63 -62 -64 -79 
-70 -64 -63 -69 -82 
-59 -58 -61 -64 -79 
-59 -61 -62 -63 -83 
-69 -63 -62 -69 -78 
-54 -61 -62 -64 -79 
-60 -62 -62 -65 -80 
-69 -63 -62 -64 -77 
-54 -61 -61 -63 -82 
-69 -62 -61 -63 -77 
-61 -59 -61 -68 -80 
-59 -58 -63 -68 -80 
-64 -61 -60 -68 -80 
-69 -58 -63 -64 -78 
-54 -64 -61 -69 -80 
-54 -61 -61 -63 -80 
-59 -58 -62 -63 -79 
-56 -61 -63 -62 -78 
-61 -61 -62 -63 -79 
-54 -58 -63 -62 -82 
-69 -62 -62 -64 -79 
-61 -60 -61 -69 -79 
-58 -61 -63 -69 -79 
-58 -61 -62 -62 -81 
-54 -62 -62 -68 -83 
-70 -58 -62 -64 -80 
-57 -61 -61 -62 -84 
-59 -59 -62 -63 -80 
-58 -59 -62 -63 -80 
-54 -59 -61 -64 -83 
-70 -58 -62 -63 -83 
-55 -62 -62 -63 -83 
-54 -61 -62 -62 -79 
-64 -60 -62 -62 -83 
-54 -64 -63 -69 -80 
-61 -61 -62 -69 -82 
-59 -63 -62 -63 -80 
-69 -58 -63 -64 -80 
-59 -64 -62 -62 -80 
-70 -58 -63 -69 -84 
-58 -61 -62 -62 -78 
-54 -58 -63 -64 -80 
-59 -64 -62 -62 -79 
-64 -58 -62 -69 -78 
-55 -58 -63 -62 -80 
-59 -62 -63 -63 -80 
-59 -60 -62 -64 -77 
-56 -62 -62 -65 -79 
-61 -59 -62 -66 -79 
-63 -59 -62 -66 -78 
-69 -58 -63 -64 -81 
-59 -64 -62 -62 -78 
-59 -61 -62 -63 -79 
-61 -62 -62 -69 -80 
-61 -58 -62 -64 -80 
-54 -64 -62 -69 -79 
-61 -61 -63 -69 -79 
-64 -61 -63 -64 -81 
-69 -61 -62 -62 -80 
-59 -64 -62 -66 -79 
-70 -59 -62 -65 -77 
-56 -61 -62 -65 -85 
-61 -62 -62 -64 -81 
-58 -61 -62 -64 -83 
-55 -64 -60 -62 -77 
-57 -59 -62 -63 -80 
-58 -61 -63 -64 -80 
-62 -60 -61 -66 -75 
-63 -61 -62 -66 -80 
-58 -59 -61 -62 -78 
-63 -59 -61 -63 -83 
-54 -58 -62 -69 -83 
-58 -61 -62 -63 -80 
-63 -58 -62 -62 -77 
-63 -61 -62 -69 -80 
-54 -58 -63 -64 -83 
-69 -58 -62 -63 -80 
-54 -64 -62 -62 -79 
-54 -58 -62 -66 -80 
-61 -59 -62 -65 -79 
-61 -60 -62 -64 -81 
-58 -61 -61 -65 -82 
-54 -64 -62 -69 -82 
-54 -61 -62 -62 -78 
-69 -64 -63 -68 -83 
-54 -61 -63 -63 -80 
-54 -58 -62 -62 -78 
-56 -62 -62 -69 -78 
-56 -60 -62 -65 -80 
-64 -63 -62 -69 -81 
-56 -62 -62 -65 -78 
-54 -64 -62 -69 -78 
-58 -61 -61 -62 -82 
-54 -64 -63 -64 -77 
-59 -61 -62 -62 -79 
-69 -64 -63 -69 -81 
-54 -61 -62 -62 -82 
-58 -58 -63 -64 -81 
-59 -61 -62 -69 -77 
-69 -61 -61 -64 -82 
-54 -58 -62 -69 -77 
-69 -61 -61 -62 -82 
-69 -61 -60 -64 -81 
-54 -58 -61 -62 -78 
-69 -61 -62 -63 -82 
-59 -58 -62 -65 -81 
-63 -64 -63 -69 -81 
-58 -58 -63 -69 -82 
-58 -61 -62 -63 -78 
-64 -61 -63 -62 -82 
-69 -58 -61 -62 -79 
-61 -61 -62 -65 -79 
-54 -64 -63 -62 -81 
-69 -61 -62 -69 -82 
-56 -61 -62 -63 -80 
-54 -58 -63 -62 -78 
-56 -58 -61 -66 -79 
-56 -58 -61 -66 -82 
-61 -61 -61 -65 -82 
-69 -64 -61 -69 -77 
-61 -58 -61 -69 -81 
-63 -61 -62 -69 -78 
-58 -61 -62 -64 -80 
-54 -64 -62 -63 -80 
-58 -58 -62 -64 -80 
-59 -58 -62 -63 -79 
-70 -61 -62 -64 -80 
-54 -62 -62 -62 -80 
-54 -58 -61 -62 -78 
-69 -58 -62 -63 -80 
-59 -61 -63 -64 -78 
-54 -58 -62 -62 -81 
-58 -61 -63 -64 -78 
-69 -58 -62 -62 -81 
-54 -61 -63 -69 -78 
-63 -64 -62 -62 -81 
-54 -62 -63 -69 -78 
-69 -64 -62 -62 -82 
-54 -61 -63 -70 -81 
-69 -64 -62 -62 -81 
-69 -62 -61 -69 -81 
-54 -64 -61 -70 -81 
-58 -59 -61 -64 -82 
-54 -61 -62 -70 -81 
-58 -64 -63 -62 -82 
-58 -61 -62 -70 -81 
-54 -64 -62 -62 -81 
-58 -61 -62 -64 -81 
-62 -61 -62 -63 -78 
-54 -61 -62 -64 -81 
-58 -64 -62 -70 -81 
-64 -62 -61 -65 -76 
-58 -58 -59 -63 -76 
-54 -61 -61 -63 -78 
-59 -61 -61 -62 -79 
-61 -64 -61 -62 -77 
-54 -62 -59 -63 -80 
-59 -63 -63 -61 -76 
-59 -63 -60 -65 -77 
-67 -65 -62 -61 -77 
-59 -62 -60 -63 -74 
-55 -59 -63 -61 -79 
-59 -58 -62 -65 -76 
-59 -62 -61 -64 -75 
-60 -59 -61 -64 -75 
-75 -62 -63 -78 -81 
-55 -64 -60 -65 -76 
-60 -58 -59 -64 -81 
