339 4
-55 -67 -48 -67 -68 
-55 -57 -51 -64 -69 
-60 -57 -53 -62 -67 
-58 -57 -50 -63 -69 
-53 -62 -47 -63 -67 
-58 -56 -47 -66 -67 
-59 -57 -48 -73 -68 
-63 -63 -48 -79 -67 
-59 -67 -48 -62 -67 
-55 -66 -54 -80 -73 
-64 -57 -47 -69 -68 
-55 -66 -54 -84 -73 
-63 -64 -48 -69 -70 
-62 -57 -54 -62 -68 
-53 -61 -50 -78 -67 
-54 -63 -50 -63 -67 
-55 -63 -46 -62 -68 
-57 -64 -48 -76 -67 
-56 -63 -47 -69 -66 
-57 -62 -53 -62 -66 
-63 -59 -51 -62 -66 
-59 -61 -54 -82 -66 
-53 -62 -47 -89 -74 
-57 -59 -54 -76 -67 
-63 -62 -50 -65 -67 
-61 -62 -49 -78 -70 
-55 -57 -47 -69 -71 
-57 -67 -48 -62 -75 
-53 -57 -46 -69 -66 
-56 -67 -54 -63 -71 
-65 -57 -46 -86 -67 
-61 -61 -52 -63 -71 
-57 -62 -48 -69 -68 
-65 -62 -54 -86 -67 
-60 -57 -51 -69 -67 
-57 -67 -48 -85 -67 
-53 -57 -46 -63 -75 
-57 -62 -48 -69 -67 
-65 -57 -46 -76 -67 
-57 -62 -49 -84 -67 
-65 -62 -50 -62 -73 
-60 -62 -50 -69 -71 
-55 -57 -49 -81 -67 
-64 -62 -46 -63 -67 
-54 -57 -49 -68 -74 
-64 -62 -46 -63 -67 
-55 -66 -54 -68 -67 
-65 -62 -46 -79 -67 
-55 -61 -50 -80 -67 
-54 -56 -50 -82 -66 
-65 -66 -50 -66 -67 
-53 -57 -54 -63 -67 
-53 -62 -46 -81 -73 
-65 -67 -54 -63 -67 
-55 -62 -46 -69 -71 
-65 -62 -54 -66 -67 
-56 -57 -46 -62 -74 
-62 -61 -50 -82 -66 
-55 -56 -48 -63 -67 
-54 -61 -54 -82 -67 
-60 -59 -50 -81 -67 
-59 -62 -50 -83 -71 
-53 -59 -50 -69 -67 
-56 -56 -46 -81 -67 
-65 -63 -54 -69 -75 
-65 -57 -49 -81 -67 
-53 -62 -54 -69 -74 
-65 -56 -47 -66 -74 
-53 -59 -46 -81 -67 
-55 -61 -51 -75 -67 
-59 -62 -46 -81 -67 
-65 -59 -54 -63 -67 
-56 -64 -51 -63 -67 
-59 -67 -47 -80 -70 
-59 -62 -51 -81 -70 
-59 -62 -50 -81 -70 
-56 -62 -54 -69 -67 
-65 -67 -50 -81 -67 
-56 -57 -46 -62 -67 
-65 -67 -54 -69 -74 
-56 -62 -47 -63 -67 
-56 -62 -48 -69 -67 
-65 -67 -47 -80 -67 
-53 -62 -54 -69 -67 
-55 -67 -48 -80 -67 
-56 -62 -54 -69 -74 
-64 -61 -47 -71 -70 
-60 -56 -47 -69 -67 
-55 -61 -48 -81 -67 
-65 -57 -54 -63 -75 
-53 -61 -50 -66 -70 
-65 -66 -48 -69 -67 
-59 -56 -48 -65 -66 
-53 -66 -47 -62 -67 
-59 -64 -51 -75 -74 
-53 -57 -47 -80 -67 
-65 -62 -54 -62 -74 
-60 -59 -48 -65 -69 
-55 -57 -47 -63 -67 
-53 -62 -48 -80 -67 
-53 -64 -46 -63 -67 
-55 -67 -54 -69 -74 
-53 -62 -46 -63 -67 
-56 -67 -54 -68 -74 
-53 -62 -46 -81 -67 
-55 -67 -48 -68 -74 
-53 -57 -49 -65 -67 
-55 -67 -54 -62 -74 
-53 -57 -49 -67 -67 
-53 -64 -46 -62 -70 
-66 -62 -54 -69 -74 
-55 -67 -46 -79 -67 
-56 -62 -50 -74 -70 
-53 -61 -50 -72 -67 
-55 -61 -47 -66 -70 
-66 -67 -48 -63 -74 
-55 -61 -49 -69 -67 
-65 -57 -46 -81 -67 
-59 -57 -48 -69 -70 
-59 -57 -50 -66 -70 
-54 -66 -48 -75 -74 
-54 -61 -49 -65 -67 
-54 -62 -50 -74 -67 
-66 -62 -47 -80 -67 
-53 -57 -54 -69 -67 
-53 -62 -46 -81 -67 
-55 -67 -49 -69 -74 
-53 -62 -46 -69 -67 
-53 -59 -48 -71 -67 
-53 -64 -50 -66 -70 
-66 -57 -54 -69 -73 
-53 -62 -47 -62 -67 
-66 -67 -54 -69 -73 
-56 -63 -47 -62 -67 
-66 -57 -54 -69 -67 
-55 -62 -47 -62 -67 
-66 -67 -54 -69 -67 
-55 -56 -47 -80 -74 
-66 -62 -54 -69 -67 
-53 -62 -50 -62 -70 
-53 -57 -49 -63 -67 
-55 -62 -54 -67 -67 
-66 -56 -50 -65 -67 
-55 -67 -48 -63 -67 
-66 -57 -46 -80 -67 
-53 -67 -50 -81 -67 
-53 -67 -54 -69 -74 
-56 -62 -48 -81 -67 
-66 -67 -54 -69 -74 
-55 -57 -49 -81 -67 
-53 -67 -54 -62 -74 
-53 -57 -47 -69 -67 
-65 -61 -49 -73 -70 
-53 -67 -54 -81 -67 
-54 -56 -47 -80 -66 
-56 -67 -48 -68 -67 
-53 -57 -54 -62 -66 
-65 -65 -47 -69 -67 
-54 -61 -50 -63 -66 
-53 -67 -48 -62 -67 
-56 -57 -47 -69 -66 
-53 -64 -48 -74 -70 
-66 -67 -54 -62 -74 
-53 -67 -47 -74 -70 
-53 -57 -47 -80 -67 
-66 -67 -54 -63 -74 
-53 -62 -47 -81 -67 
-59 -62 -54 -70 -67 
-59 -67 -54 -74 -66 
-66 -62 -49 -63 -70 
-66 -62 -50 -69 -67 
-56 -57 -49 -78 -67 
-56 -62 -54 -69 -74 
-66 -67 -47 -80 -67 
-53 -62 -54 -69 -74 
-66 -67 -46 -81 -67 
-56 -62 -54 -69 -67 
-53 -59 -50 -74 -70 
-65 -62 -50 -71 -70 
-61 -64 -49 -71 -67 
-56 -67 -49 -69 -74 
-66 -62 -49 -66 -67 
-54 -62 -49 -80 -67 
-66 -57 -54 -81 -67 
-54 -66 -47 -80 -67 
-56 -59 -50 -69 -66 
-54 -58 -51 -63 -69 
-53 -62 -47 -69 -74 
-56 -62 -50 -63 -67 
-53 -56 -54 -80 -67 
-66 -56 -51 -69 -67 
-55 -62 -49 -62 -74 
-59 -67 -47 -69 -67 
-60 -62 -48 -69 -74 
-56 -64 -51 -69 -70 
-60 -57 -47 -81 -67 
-53 -62 -54 -69 -67 
-53 -59 -47 -71 -67 
-60 -67 -51 -72 -67 
-56 -57 -47 -81 -67 
-54 -67 -51 -83 -67 
-55 -64 -47 -79 -73 
-57 -62 -51 -78 -67 
-66 -57 -49 -69 -67 
-57 -67 -47 -77 -67 
-65 -60 -47 -86 -70 
-54 -57 -54 -63 -73 
-61 -62 -50 -67 -70 
-65 -69 -48 -65 -68 
-58 -57 -50 -84 -67 
-59 -65 -51 -83 -67 
-54 -60 -49 -66 -70 
-59 -64 -49 -77 -67 
-59 -62 -49 -65 -69 
-54 -63 -47 -69 -67 
-55 -67 -54 -62 -74 
-53 -57 -47 -69 -69 
-64 -63 -53 -76 -70 
-58 -57 -50 -67 -65 
-54 -64 -47 -80 -68 
-54 -60 -54 -68 -73 
-54 -67 -51 -69 -69 
-56 -56 -47 -89 -66 
-66 -63 -54 -63 -67 
-55 -65 -50 -72 -68 
-56 -59 -51 -63 -66 
-61 -57 -48 -84 -74 
-58 -61 -53 -64 -66 
-54 -66 -49 -66 -72 
-55 -63 -53 -63 -69 
-63 -67 -49 -65 -69 
-54 -64 -49 -74 -69 
-58 -61 -48 -65 -67 
-66 -66 -47 -68 -68 
-58 -65 -49 -66 -67 
-63 -64 -48 -65 -69 
-54 -65 -51 -68 -69 
-60 -64 -50 -65 -65 
-60 -62 -53 -72 -69 
-66 -56 -51 -64 -67 
-56 -65 -50 -71 -70 
-52 -63 -49 -61 -67 
-54 -65 -50 -68 -70 
-55 -66 -54 -71 -65 
-71 -65 -49 -70 -69 
-56 -57 -51 -62 -68 
-68 -64 -49 -67 -68 
-58 -66 -47 -68 -66 
-63 -62 -47 -66 -65 
-58 -61 -47 -69 -64 
-66 -57 -54 -73 -67 
-63 -61 -62 -69 -66 
-73 -67 -64 -68 -70 
-62 -63 -69 -63 -68 
-65 -63 -63 -75 -70 
-77 -65 -56 -65 -66 
-65 -58 -66 -68 -65 
-64 -69 -55 -63 -68 
-72 -57 -58 -73 -66 
-61 -68 -57 -69 -69 
-63 -65 -57 -64 -64 
-80 -62 -59 -70 -63 
-63 -62 -59 -62 -67 
-76 -66 -54 -69 -71 
-75 -57 -62 -65 -63 
-68 -65 -57 -70 -69 
-78 -56 -63 -70 -66 
-68 -67 -62 -70 -63 
-62 -65 -64 -71 -66 
-62 -68 -62 -67 -66 
-65 -56 -60 -71 -64 
-77 -68 -60 -73 -67 
-65 -66 -60 -74 -68 
-66 -67 -61 -67 -68 
-69 -68 -59 -62 -67 
-64 -67 -68 -77 -67 
-78 -68 -59 -62 -63 
-64 -66 -54 -78 -70 
-79 -69 -59 -62 -63 
-66 -67 -66 -75 -63 
-66 -69 -57 -62 -70 
-64 -57 -59 -70 -67 
-81 -65 -65 -73 -69 
-74 -69 -62 -72 -66 
-67 -61 -60 -62 -66 
-63 -65 -64 -76 -69 
-67 -56 -55 -62 -66 
-63 -69 -64 -75 -69 
-65 -60 -58 -73 -63 
-63 -68 -61 -62 -66 
-71 -65 -58 -62 -64 
-77 -69 -64 -62 -66 
-62 -57 -58 -63 -64 
-71 -57 -57 -72 -66 
-63 -57 -65 -75 -69 
-65 -65 -57 -68 -67 
-65 -64 -60 -68 -66 
-67 -70 -60 -63 -66 
-63 -65 -57 -73 -69 
-77 -57 -60 -75 -64 
-67 -65 -60 -73 -69 
-68 -65 -63 -67 -63 
-65 -65 -59 -72 -66 
-74 -71 -56 -74 -62 
-67 -65 -58 -74 -69 
-66 -70 -61 -63 -63 
-74 -64 -64 -74 -69 
-66 -65 -60 -63 -66 
-68 -65 -59 -67 -66 
-65 -71 -66 -71 -63 
-69 -57 -62 -67 -64 
-67 -61 -60 -69 -62 
-63 -65 -60 -62 -62 
-63 -58 -60 -61 -68 
-78 -69 -59 -71 -67 
-69 -58 -56 -73 -68 
-77 -66 -60 -71 -62 
-62 -58 -57 -70 -67 
-63 -66 -60 -62 -61 
-70 -62 -58 -61 -64 
-69 -64 -56 -73 -68 
-67 -66 -60 -70 -67 
-62 -69 -55 -62 -68 
-86 -67 -59 -74 -67 
-61 -67 -58 -68 -64 
-79 -64 -59 -62 -62 
-62 -59 -54 -75 -66 
-66 -62 -56 -76 -67 
-75 -66 -55 -80 -68 
-60 -58 -59 -71 -67 
-60 -61 -54 -71 -66 
-67 -65 -53 -61 -64 
-68 -61 -54 -71 -67 
-63 -65 -53 -67 -66 
-62 -62 -52 -67 -66 
-63 -57 -51 -59 -63 
-68 -66 -52 -72 -67 
-67 -61 -53 -61 -62 
-63 -57 -58 -78 -62 
