358 5
-55 -61 -56 -69 -74 
-57 -63 -56 -68 -71 
-61 -61 -53 -65 -77 
-62 -65 -55 -67 -71 
-57 -60 -52 -67 -74 
-65 -63 -54 -65 -76 
-58 -60 -52 -69 -71 
-69 -62 -51 -73 -73 
-61 -59 -50 -71 -68 
-62 -61 -51 -67 -72 
-67 -60 -53 -70 -70 
-64 -61 -55 -66 -74 
-56 -62 -55 -69 -84 
-63 -58 -57 -67 -70 
-60 -62 -54 -69 -81 
-66 -59 -51 -70 -71 
-60 -61 -51 -66 -71 
-57 -62 -54 -69 -72 
-60 -63 -52 -66 -72 
-58 -59 -55 -67 -76 
-59 -63 -54 -64 -69 
-58 -59 -52 -66 -78 
-58 -65 -53 -69 -78 
-59 -61 -51 -65 -74 
-58 -66 -51 -74 -73 
-59 -60 -52 -65 -78 
-57 -63 -53 -75 -72 
-58 -62 -53 -63 -73 
-53 -67 -52 -67 -75 
-65 -60 -51 -68 -70 
-50 -65 -53 -65 -76 
-54 -60 -53 -77 -71 
-51 -64 -52 -64 -81 
-65 -62 -52 -76 -69 
-51 -64 -53 -65 -79 
-57 -61 -53 -63 -72 
-60 -62 -54 -67 -72 
-56 -61 -51 -74 -69 
-54 -62 -51 -63 -77 
-58 -60 -53 -66 -70 
-55 -62 -51 -62 -69 
-57 -65 -53 -65 -70 
-55 -63 -51 -76 -71 
-50 -62 -51 -71 -73 
-57 -68 -53 -67 -72 
-54 -60 -51 -69 -74 
-57 -59 -52 -72 -75 
-52 -63 -51 -65 -77 
-60 -61 -51 -63 -78 
-52 -63 -52 -65 -74 
-54 -61 -52 -72 -69 
-52 -59 -52 -66 -77 
-71 -62 -52 -71 -77 
-51 -61 -53 -63 -82 
-86 -63 -52 -71 -72 
-57 -61 -52 -67 -75 
-57 -62 -53 -68 -74 
-53 -61 -52 -67 -84 
-60 -63 -52 -73 -74 
-54 -63 -52 -65 -78 
-68 -64 -51 -73 -71 
-55 -60 -51 -74 -77 
-54 -63 -52 -66 -71 
-65 -64 -52 -75 -71 
-52 -61 -52 -65 -86 
-61 -61 -52 -68 -72 
-69 -58 -53 -69 -87 
-52 -64 -51 -64 -74 
-55 -59 -53 -72 -81 
-52 -63 -51 -73 -73 
-67 -63 -54 -63 -79 
-54 -63 -51 -77 -73 
-66 -59 -52 -69 -74 
-52 -63 -54 -74 -79 
-54 -63 -51 -68 -72 
-54 -63 -51 -74 -70 
-58 -63 -51 -68 -72 
-65 -63 -52 -64 -82 
-52 -63 -53 -73 -72 
-58 -63 -52 -64 -77 
-65 -64 -51 -73 -71 
-52 -63 -53 -69 -72 
-59 -59 -52 -69 -71 
-53 -61 -52 -68 -76 
-59 -63 -52 -68 -76 
-57 -63 -51 -64 -72 
-65 -63 -51 -72 -80 
-52 -59 -52 -64 -71 
-65 -63 -53 -66 -76 
-66 -61 -51 -68 -72 
-52 -59 -52 -73 -80 
-66 -59 -52 -64 -71 
-54 -64 -53 -73 -72 
-54 -63 -52 -68 -80 
-54 -61 -52 -66 -80 
-66 -64 -51 -68 -72 
-52 -61 -52 -68 -71 
-66 -59 -53 -64 -71 
-60 -64 -51 -73 -71 
-52 -62 -51 -67 -71 
-66 -63 -53 -69 -72 
-52 -64 -52 -64 -80 
-65 -58 -51 -68 -71 
-52 -64 -52 -71 -81 
-66 -58 -51 -68 -70 
-52 -61 -52 -64 -71 
-66 -64 -53 -73 -79 
-54 -58 -52 -65 -71 
-54 -63 -51 -67 -72 
-54 -64 -52 -71 -79 
-59 -63 -51 -69 -75 
-65 -63 -53 -73 -72 
-52 -63 -51 -68 -80 
-60 -63 -51 -69 -71 
-65 -63 -52 -65 -72 
-54 -64 -51 -73 -72 
-54 -61 -52 -68 -71 
-54 -61 -52 -68 -71 
-52 -63 -52 -68 -72 
-53 -62 -52 -68 -72 
-66 -63 -51 -65 -82 
-56 -59 -52 -68 -76 
-66 -62 -51 -64 -70 
-52 -59 -52 -64 -75 
-54 -63 -51 -72 -78 
-54 -63 -52 -67 -73 
-54 -63 -51 -66 -75 
-67 -59 -53 -68 -80 
-54 -64 -52 -64 -72 
-52 -63 -51 -64 -72 
-54 -62 -51 -72 -72 
-59 -58 -52 -64 -72 
-54 -64 -53 -73 -72 
-66 -59 -52 -64 -72 
-52 -63 -53 -73 -72 
-54 -59 -52 -68 -79 
-53 -61 -52 -68 -72 
-52 -63 -52 -73 -79 
-54 -64 -51 -68 -72 
-67 -63 -52 -72 -72 
-52 -63 -51 -64 -73 
-67 -63 -51 -72 -79 
-54 -63 -52 -68 -72 
-60 -61 -52 -64 -72 
-67 -59 -51 -66 -78 
-52 -64 -53 -71 -71 
-67 -58 -52 -64 -79 
-53 -60 -51 -69 -80 
-59 -62 -51 -64 -72 
-60 -64 -51 -73 -76 
-50 -63 -51 -65 -75 
-59 -59 -52 -68 -76 
-54 -64 -53 -73 -72 
-60 -63 -51 -64 -73 
-54 -59 -52 -66 -76 
-54 -63 -51 -68 -72 
-54 -61 -51 -67 -75 
-52 -63 -51 -66 -71 
-54 -63 -52 -64 -79 
-52 -64 -53 -72 -72 
-54 -59 -52 -64 -79 
-52 -63 -52 -68 -72 
-54 -59 -52 -64 -79 
-52 -63 -53 -73 -72 
-67 -64 -52 -64 -79 
-54 -63 -52 -73 -71 
-67 -64 -51 -64 -79 
-52 -63 -52 -68 -72 
-67 -64 -51 -73 -79 
-52 -61 -51 -73 -76 
-52 -61 -51 -68 -76 
-67 -64 -52 -67 -72 
-59 -63 -52 -68 -76 
-52 -62 -53 -73 -79 
-60 -64 -51 -64 -73 
-59 -62 -51 -68 -72 
-52 -64 -52 -73 -79 
-67 -58 -51 -68 -72 
-52 -63 -52 -64 -79 
-67 -58 -51 -68 -73 
-53 -64 -53 -68 -79 
-67 -59 -51 -73 -73 
-52 -63 -52 -64 -79 
-54 -59 -51 -72 -73 
-67 -64 -53 -64 -79 
-52 -59 -52 -68 -73 
-67 -64 -51 -64 -72 
-54 -59 -53 -73 -72 
-67 -64 -51 -63 -72 
-53 -61 -52 -64 -72 
-67 -59 -53 -73 -79 
-52 -63 -51 -64 -73 
-53 -63 -52 -64 -72 
-54 -63 -53 -67 -72 
-60 -64 -53 -67 -76 
-67 -63 -51 -64 -72 
-52 -63 -53 -73 -74 
-60 -63 -52 -64 -73 
-54 -61 -51 -68 -73 
-60 -63 -52 -70 -72 
-54 -59 -52 -64 -71 
-53 -63 -52 -70 -72 
-52 -63 -53 -64 -77 
-54 -59 -52 -73 -72 
-54 -63 -52 -70 -77 
-66 -59 -53 -65 -77 
-51 -63 -53 -74 -73 
-54 -60 -53 -67 -75 
-54 -61 -51 -67 -73 
-60 -63 -51 -70 -73 
-67 -61 -53 -67 -74 
-59 -61 -51 -66 -72 
-53 -63 -51 -72 -72 
-54 -62 -52 -66 -74 
-59 -63 -52 -67 -75 
-67 -63 -51 -74 -78 
-54 -63 -52 -64 -74 
-67 -63 -51 -74 -72 
-52 -63 -52 -67 -74 
-59 -63 -52 -67 -72 
-60 -62 -53 -64 -73 
-60 -63 -52 -69 -73 
-53 -62 -52 -65 -75 
-52 -59 -51 -64 -77 
-54 -63 -53 -73 -73 
-60 -63 -51 -68 -75 
-67 -59 -52 -64 -73 
-67 -63 -53 -73 -78 
-58 -63 -52 -65 -78 
-52 -62 -53 -64 -71 
-67 -63 -53 -66 -72 
-52 -59 -53 -64 -78 
-67 -63 -53 -66 -72 
-54 -61 -51 -70 -73 
-67 -60 -52 -73 -78 
-52 -63 -51 -64 -73 
-60 -59 -51 -72 -77 
-52 -63 -52 -64 -72 
-59 -63 -51 -64 -79 
-67 -63 -52 -72 -72 
-52 -63 -52 -64 -73 
-67 -58 -53 -66 -71 
-53 -63 -51 -64 -79 
-54 -58 -51 -73 -76 
-67 -62 -53 -70 -72 
-59 -63 -53 -67 -74 
-52 -59 -51 -73 -72 
-66 -63 -51 -65 -75 
-52 -63 -53 -74 -78 
-67 -59 -52 -64 -73 
-52 -63 -51 -74 -77 
-57 -61 -51 -65 -75 
-53 -63 -51 -70 -73 
-59 -61 -51 -68 -73 
-67 -63 -53 -64 -74 
-52 -63 -52 -73 -72 
-59 -61 -52 -66 -72 
-52 -63 -53 -66 -78 
-54 -59 -53 -74 -73 
-67 -61 -53 -69 -73 
-58 -63 -51 -69 -73 
-53 -63 -52 -69 -74 
-67 -63 -52 -70 -71 
-54 -63 -52 -72 -72 
-54 -62 -53 -64 -78 
-54 -62 -52 -72 -75 
-55 -62 -51 -66 -76 
-52 -63 -51 -65 -74 
-59 -61 -52 -69 -74 
-55 -61 -52 -68 -83 
-55 -62 -52 -64 -72 
-59 -62 -51 -67 -73 
-52 -60 -54 -68 -72 
-68 -62 -52 -64 -74 
-55 -60 -53 -72 -81 
-54 -63 -53 -69 -81 
-68 -60 -52 -70 -72 
-55 -61 -53 -67 -76 
-67 -62 -52 -64 -72 
-54 -60 -53 -76 -72 
-67 -63 -53 -64 -72 
-61 -60 -54 -77 -72 
-54 -63 -52 -70 -73 
-54 -63 -52 -72 -73 
-69 -61 -52 -71 -74 
-52 -60 -53 -65 -73 
-54 -63 -51 -73 -72 
-67 -62 -52 -66 -72 
-54 -62 -52 -72 -80 
-52 -60 -52 -67 -74 
-54 -64 -52 -74 -78 
-52 -61 -51 -68 -71 
-62 -60 -51 -68 -74 
-68 -61 -51 -72 -75 
-52 -64 -51 -67 -75 
-69 -63 -53 -71 -72 
-54 -62 -52 -64 -76 
-52 -63 -52 -64 -77 
-59 -62 -53 -65 -76 
-52 -61 -52 -67 -72 
-52 -58 -51 -67 -76 
-52 -59 -52 -65 -75 
-51 -61 -53 -64 -70 
-53 -68 -53 -66 -80 
-52 -60 -53 -71 -74 
-57 -68 -52 -72 -79 
-51 -58 -55 -69 -82 
-67 -68 -50 -69 -74 
-60 -68 -54 -74 -72 
-53 -59 -51 -68 -84 
-54 -62 -55 -78 -69 
-51 -66 -50 -66 -75 
-60 -64 -51 -80 -71 
-55 -66 -57 -64 -71 
-54 -60 -51 -77 -75 
-53 -65 -54 -63 -74 
-59 -59 -51 -64 -76 
-55 -61 -54 -68 -71 
-59 -59 -58 -64 -81 
-51 -62 -56 -74 -74 
-58 -60 -51 -68 -67 
-56 -62 -51 -68 -68 
-58 -64 -55 -65 -72 
-54 -63 -52 -72 -78 
-65 -66 -51 -67 -68 
-53 -63 -54 -67 -74 
-61 -58 -52 -71 -72 
-61 -63 -51 -71 -72 
-59 -61 -51 -70 -72 
-65 -62 -55 -63 -71 
-55 -60 -49 -68 -71 
-60 -60 -52 -63 -84 
-60 -60 -58 -66 -72 
-59 -59 -58 -66 -79 
-59 -65 -57 -69 -70 
-57 -59 -54 -67 -77 
-59 -62 -54 -68 -81 
-64 -62 -53 -66 -70 
-60 -62 -54 -67 -80 
-57 -59 -54 -67 -70 
-64 -62 -54 -66 -79 
-63 -62 -54 -68 -75 
-63 -62 -55 -67 -75 
-59 -64 -54 -70 -66 
-64 -62 -53 -66 -73 
-62 -63 -54 -66 -77 
-60 -62 -57 -70 -68 
-58 -62 -56 -66 -74 
-64 -65 -54 -71 -73 
-62 -62 -54 -67 -76 
-60 -62 -54 -67 -72 
-60 -59 -54 -65 -67 
-59 -61 -54 -66 -67 
-59 -60 -54 -65 -67 
-60 -63 -54 -66 -75 
-60 -60 -54 -65 -71 
-60 -62 -53 -65 -73 
-59 -61 -53 -65 -67 
