321 6
-66 -60 -53 -58 -66 
-67 -59 -64 -59 -68 
-73 -62 -53 -59 -68 
-67 -59 -63 -58 -67 
-81 -59 -60 -59 -66 
-59 -61 -62 -57 -67 
-68 -59 -53 -58 -69 
-73 -61 -53 -58 -67 
-71 -61 -53 -58 -67 
-66 -59 -52 -59 -66 
-59 -59 -62 -58 -69 
-75 -61 -52 -58 -66 
-59 -61 -62 -57 -69 
-60 -59 -52 -58 -69 
-67 -58 -61 -58 -70 
-60 -59 -52 -57 -70 
-78 -60 -61 -57 -66 
-59 -60 -55 -57 -66 
-78 -59 -52 -58 -69 
-64 -60 -61 -58 -67 
-67 -60 -52 -58 -66 
-58 -60 -60 -58 -66 
-58 -60 -51 -58 -69 
-58 -61 -51 -58 -67 
-59 -63 -57 -59 -69 
-67 -63 -51 -58 -69 
-60 -62 -55 -59 -66 
-55 -64 -57 -59 -66 
-64 -60 -51 -58 -69 
-62 -62 -58 -57 -67 
-56 -60 -59 -58 -69 
-54 -62 -58 -58 -64 
-58 -61 -63 -57 -68 
-67 -60 -56 -58 -65 
-69 -61 -70 -58 -65 
-60 -62 -59 -60 -69 
-61 -60 -64 -59 -67 
-70 -61 -74 -59 -71 
-61 -59 -59 -58 -69 
-64 -60 -55 -59 -63 
-61 -60 -58 -58 -67 
-77 -61 -59 -59 -65 
-61 -61 -57 -60 -71 
-65 -62 -59 -59 -66 
-58 -61 -59 -59 -64 
-61 -62 -54 -60 -65 
-64 -61 -56 -58 -66 
-68 -61 -52 -58 -67 
-65 -62 -60 -59 -69 
-52 -60 -57 -58 -67 
-64 -65 -57 -58 -70 
-65 -63 -55 -59 -69 
-64 -64 -58 -59 -66 
-52 -67 -59 -60 -70 
-52 -63 -56 -59 -68 
-59 -61 -59 -58 -67 
-62 -60 -61 -59 -67 
-52 -59 -55 -58 -67 
-61 -63 -53 -59 -66 
-62 -59 -59 -58 -67 
-70 -59 -58 -58 -65 
-62 -60 -58 -58 -66 
-51 -61 -62 -59 -69 
-82 -61 -53 -59 -68 
-72 -61 -58 -59 -70 
-52 -60 -53 -59 -68 
-74 -62 -57 -59 -68 
-62 -60 -52 -58 -69 
-77 -61 -53 -60 -68 
-52 -61 -59 -59 -67 
-60 -62 -60 -58 -68 
-75 -61 -58 -58 -67 
-61 -63 -61 -59 -68 
-62 -64 -58 -58 -69 
-61 -62 -57 -59 -65 
-52 -59 -62 -59 -69 
-72 -62 -53 -59 -66 
-52 -59 -53 -59 -67 
-66 -61 -60 -59 -65 
-63 -61 -60 -59 -66 
-69 -62 -52 -59 -68 
-63 -59 -62 -59 -65 
-52 -60 -56 -59 -69 
-82 -60 -52 -58 -68 
-66 -59 -56 -58 -69 
-61 -62 -58 -58 -65 
-61 -62 -52 -58 -66 
-66 -61 -55 -58 -65 
-52 -62 -57 -59 -67 
-79 -62 -53 -59 -68 
-52 -61 -53 -59 -66 
-66 -59 -53 -58 -68 
-52 -60 -59 -58 -68 
-52 -60 -56 -58 -66 
-52 -61 -56 -58 -68 
-60 -62 -53 -58 -65 
-52 -61 -59 -58 -67 
-52 -60 -56 -59 -67 
-60 -59 -59 -59 -66 
-52 -62 -53 -59 -68 
-60 -59 -60 -58 -67 
-60 -62 -55 -58 -65 
-52 -60 -53 -58 -66 
-60 -62 -56 -58 -67 
-49 -60 -60 -57 -68 
-52 -62 -59 -59 -68 
-60 -62 -60 -58 -68 
-86 -60 -53 -59 -68 
-60 -59 -53 -59 -68 
-72 -59 -56 -58 -66 
-68 -59 -53 -58 -67 
-68 -62 -53 -59 -68 
-52 -60 -59 -58 -65 
-81 -61 -56 -58 -68 
-52 -62 -53 -59 -65 
-52 -60 -59 -58 -67 
-66 -60 -57 -58 -68 
-81 -62 -56 -59 -68 
-52 -62 -60 -59 -65 
-60 -60 -53 -58 -68 
-60 -62 -59 -58 -68 
-52 -61 -57 -59 -67 
-72 -62 -56 -58 -68 
-82 -59 -56 -58 -68 
-70 -62 -53 -58 -68 
-70 -60 -53 -59 -68 
-60 -61 -60 -59 -67 
-60 -62 -53 -59 -69 
-60 -62 -60 -58 -66 
-52 -62 -53 -59 -67 
-60 -60 -56 -59 -68 
-60 -60 -59 -59 -67 
-52 -59 -59 -58 -66 
-52 -62 -60 -59 -68 
-52 -61 -57 -58 -67 
-52 -60 -57 -58 -68 
-52 -62 -56 -58 -68 
-86 -59 -59 -59 -65 
-56 -60 -57 -58 -65 
-56 -62 -55 -58 -68 
-60 -62 -61 -58 -66 
-52 -62 -53 -57 -68 
-60 -62 -61 -58 -66 
-52 -62 -59 -58 -69 
-52 -62 -59 -58 -66 
-52 -60 -56 -59 -67 
-52 -62 -59 -58 -67 
-60 -59 -53 -58 -66 
-52 -62 -60 -59 -66 
-56 -59 -57 -59 -68 
-60 -60 -55 -59 -67 
-81 -62 -59 -57 -68 
-60 -59 -53 -59 -68 
-81 -60 -59 -58 -67 
-60 -62 -60 -59 -68 
-52 -60 -60 -58 -68 
-52 -61 -60 -59 -68 
-82 -59 -59 -59 -66 
-52 -62 -61 -59 -68 
-52 -60 -57 -58 -67 
-52 -62 -60 -58 -67 
-60 -62 -59 -59 -67 
-52 -61 -53 -59 -67 
-59 -62 -61 -59 -69 
-61 -61 -59 -59 -66 
-80 -61 -60 -58 -66 
-56 -61 -59 -58 -66 
-59 -62 -59 -57 -66 
-71 -60 -58 -59 -68 
-52 -62 -60 -59 -69 
-52 -59 -58 -58 -69 
-69 -61 -60 -59 -66 
-61 -60 -57 -59 -67 
-52 -62 -60 -60 -68 
-70 -61 -62 -59 -65 
-53 -61 -59 -59 -69 
-53 -61 -58 -59 -66 
-69 -61 -52 -59 -65 
-52 -63 -58 -58 -68 
-52 -63 -61 -58 -66 
-61 -61 -56 -58 -68 
-63 -61 -56 -59 -67 
-63 -60 -59 -59 -65 
-52 -61 -58 -59 -67 
-62 -62 -60 -58 -65 
-52 -60 -52 -59 -66 
-69 -62 -59 -59 -69 
-53 -64 -63 -59 -65 
-65 -63 -62 -59 -66 
-79 -62 -52 -59 -68 
-62 -63 -58 -59 -65 
-55 -62 -56 -59 -67 
-70 -61 -61 -57 -67 
-52 -60 -58 -59 -68 
-68 -61 -52 -59 -65 
-52 -62 -61 -59 -68 
-63 -61 -53 -59 -64 
-52 -63 -62 -59 -69 
-63 -61 -56 -59 -71 
-54 -63 -64 -59 -68 
-62 -59 -58 -59 -62 
-62 -60 -66 -59 -70 
-62 -63 -72 -59 -65 
-58 -60 -68 -59 -65 
-58 -60 -56 -57 -67 
-61 -61 -56 -60 -66 
-68 -62 -65 -58 -70 
-59 -62 -56 -59 -65 
-66 -63 -63 -58 -67 
-59 -62 -51 -58 -69 
-69 -60 -61 -60 -64 
-57 -63 -53 -60 -68 
-56 -61 -59 -58 -67 
-58 -60 -54 -57 -66 
-60 -60 -67 -58 -68 
-57 -60 -63 -58 -68 
-64 -59 -53 -58 -67 
-62 -58 -63 -58 -74 
-57 -62 -52 -57 -69 
-60 -59 -63 -58 -67 
-60 -60 -57 -58 -64 
-60 -63 -51 -60 -77 
-61 -61 -51 -60 -71 
-64 -61 -58 -59 -73 
-59 -61 -51 -58 -65 
-59 -60 -54 -58 -73 
-59 -61 -56 -59 -65 
-60 -60 -55 -59 -69 
-64 -59 -62 -59 -69 
-66 -61 -54 -58 -70 
-61 -60 -69 -60 -70 
-62 -61 -59 -60 -63 
-60 -60 -54 -59 -72 
-65 -60 -64 -59 -69 
-62 -62 -65 -59 -63 
-63 -61 -60 -58 -72 
-62 -59 -54 -57 -65 
-62 -61 -65 -58 -65 
-61 -61 -58 -58 -66 
-62 -59 -51 -57 -68 
-62 -60 -50 -60 -72 
-63 -60 -61 -60 -69 
-63 -59 -55 -58 -65 
-59 -60 -62 -59 -72 
-63 -61 -53 -60 -69 
-58 -60 -58 -59 -70 
-62 -63 -62 -60 -67 
-66 -62 -64 -60 -63 
-68 -61 -61 -60 -67 
-59 -59 -62 -59 -74 
-58 -60 -54 -60 -72 
-57 -58 -56 -59 -65 
-60 -59 -49 -58 -69 
-56 -60 -54 -59 -63 
-66 -59 -50 -59 -63 
-57 -61 -56 -58 -63 
-64 -61 -59 -58 -71 
-57 -59 -51 -58 -68 
-61 -63 -68 -59 -68 
-62 -61 -55 -58 -67 
-56 -60 -51 -59 -67 
-66 -60 -53 -59 -69 
-66 -59 -62 -58 -69 
-66 -61 -56 -58 -69 
-61 -62 -57 -59 -68 
-69 -60 -58 -60 -66 
-69 -62 -52 -59 -67 
-68 -62 -58 -59 -67 
-62 -63 -54 -60 -65 
-58 -60 -54 -60 -66 
-74 -62 -53 -59 -69 
-55 -62 -57 -59 -66 
-72 -61 -56 -59 -66 
-68 -60 -57 -59 -65 
-59 -62 -55 -59 -69 
-77 -61 -58 -59 -69 
-56 -60 -60 -60 -68 
-62 -59 -60 -59 -71 
-69 -61 -59 -59 -66 
-64 -60 -59 -59 -67 
-62 -61 -59 -58 -68 
-57 -60 -63 -60 -69 
-70 -59 -65 -59 -67 
-55 -64 -60 -59 -67 
-56 -59 -63 -58 -67 
-56 -60 -54 -57 -69 
-65 -63 -58 -58 -66 
-57 -60 -61 -59 -64 
-66 -59 -56 -61 -64 
-67 -62 -51 -60 -67 
-59 -59 -59 -58 -68 
-68 -63 -51 -59 -68 
-60 -60 -60 -57 -67 
-60 -61 -51 -57 -68 
-63 -61 -53 -58 -69 
-74 -61 -60 -57 -67 
-62 -60 -52 -58 -65 
-75 -60 -56 -58 -67 
-64 -59 -62 -58 -66 
-64 -58 -59 -58 -68 
-60 -59 -51 -58 -68 
-60 -61 -60 -59 -66 
-60 -62 -58 -62 -65 
-59 -62 -58 -63 -69 
-59 -60 -58 -58 -67 
-59 -60 -60 -60 -68 
-64 -62 -61 -59 -68 
-64 -60 -64 -59 -65 
-63 -62 -68 -60 -69 
-61 -60 -65 -59 -68 
-64 -61 -60 -60 -67 
-58 -60 -59 -58 -66 
-59 -63 -72 -62 -65 
-59 -60 -64 -60 -65 
-67 -60 -68 -60 -68 
-59 -60 -62 -58 -68 
-58 -60 -54 -59 -66 
-57 -60 -62 -60 -67 
-59 -60 -70 -59 -71 
-57 -62 -65 -59 -68 
-57 -60 -61 -59 -68 
