343 7
-58 -74 -55 -66 -67 
-66 -64 -56 -81 -68 
-69 -69 -52 -74 -66 
-65 -65 -54 -76 -66 
-70 -65 -56 -80 -67 
-69 -75 -55 -67 -75 
-68 -65 -56 -81 -69 
-63 -63 -52 -74 -69 
-56 -62 -54 -71 -67 
-56 -62 -54 -76 -67 
-76 -77 -55 -77 -67 
-57 -63 -48 -81 -69 
-71 -75 -56 -73 -68 
-61 -64 -50 -73 -68 
-65 -69 -56 -73 -68 
-71 -63 -56 -74 -73 
-71 -70 -49 -85 -68 
-67 -68 -53 -80 -74 
-68 -75 -49 -66 -78 
-57 -66 -53 -74 -67 
-71 -63 -57 -77 -69 
-79 -64 -49 -69 -65 
-57 -86 -54 -84 -67 
-61 -65 -55 -71 -68 
-66 -64 -57 -81 -69 
-68 -61 -54 -68 -76 
-65 -68 -54 -76 -66 
-64 -64 -55 -85 -68 
-68 -80 -55 -74 -66 
-63 -62 -55 -72 -66 
-68 -63 -56 -71 -75 
-70 -62 -57 -68 -65 
-57 -64 -49 -73 -68 
-61 -64 -52 -74 -68 
-64 -81 -56 -81 -66 
-66 -62 -50 -73 -66 
-62 -70 -51 -72 -66 
-56 -60 -52 -72 -69 
-55 -64 -55 -68 -67 
-70 -62 -53 -73 -72 
-68 -84 -57 -72 -67 
-72 -64 -52 -70 -67 
-63 -68 -52 -72 -66 
-66 -76 -56 -85 -69 
-57 -62 -49 -74 -80 
-65 -67 -51 -72 -68 
-57 -70 -56 -79 -75 
-69 -75 -56 -68 -66 
-68 -69 -56 -72 -76 
-68 -62 -50 -68 -67 
-64 -62 -56 -72 -71 
-59 -69 -51 -74 -73 
-62 -61 -54 -74 -67 
-71 -62 -54 -71 -67 
-70 -62 -49 -73 -67 
-73 -64 -55 -75 -76 
-72 -83 -49 -67 -67 
-77 -62 -54 -71 -75 
-70 -63 -49 -66 -67 
-77 -61 -52 -73 -68 
-62 -62 -55 -72 -69 
-58 -71 -55 -83 -68 
-58 -63 -54 -74 -68 
-72 -62 -56 -83 -67 
-70 -73 -54 -67 -68 
-58 -63 -56 -68 -68 
-70 -77 -53 -72 -72 
-76 -63 -52 -67 -74 
-58 -63 -54 -81 -68 
-75 -64 -52 -74 -67 
-71 -81 -54 -67 -67 
-57 -65 -54 -75 -68 
-64 -69 -56 -80 -67 
-72 -62 -54 -71 -67 
-72 -62 -51 -74 -67 
-64 -62 -51 -74 -67 
-63 -63 -52 -71 -67 
-70 -75 -55 -74 -66 
-69 -70 -51 -72 -72 
-64 -73 -51 -74 -68 
-58 -81 -52 -89 -68 
-66 -62 -54 -69 -68 
-58 -64 -50 -68 -68 
-75 -62 -55 -73 -77 
-67 -63 -52 -68 -67 
-66 -74 -52 -68 -67 
-71 -62 -52 -78 -73 
-58 -63 -50 -82 -69 
-75 -62 -55 -68 -78 
-66 -63 -50 -82 -69 
-75 -62 -53 -75 -69 
-70 -62 -52 -75 -78 
-66 -62 -51 -68 -68 
-66 -60 -55 -78 -68 
-66 -62 -51 -74 -71 
-72 -73 -50 -75 -78 
-62 -62 -52 -72 -70 
-62 -62 -51 -68 -69 
-66 -63 -56 -82 -78 
-71 -63 -54 -75 -72 
-62 -62 -50 -68 -78 
-66 -62 -52 -74 -73 
-66 -63 -52 -73 -69 
-61 -61 -51 -82 -76 
-74 -63 -55 -75 -66 
-58 -62 -50 -82 -69 
-66 -63 -55 -73 -67 
-75 -86 -50 -82 -77 
-66 -62 -54 -75 -67 
-58 -62 -51 -74 -78 
-58 -62 -52 -83 -69 
-64 -63 -54 -71 -67 
-72 -63 -54 -75 -67 
-72 -63 -54 -75 -72 
-57 -60 -52 -74 -79 
-62 -63 -54 -75 -71 
-63 -63 -52 -77 -71 
-62 -64 -54 -75 -68 
-71 -63 -52 -79 -74 
-67 -63 -52 -68 -74 
-62 -63 -52 -75 -69 
-62 -60 -52 -75 -72 
-71 -62 -54 -79 -73 
-72 -63 -52 -71 -67 
-66 -63 -52 -75 -67 
-71 -62 -52 -75 -72 
-66 -63 -52 -75 -72 
-72 -63 -52 -72 -67 
-74 -63 -51 -75 -69 
-62 -63 -53 -83 -72 
-68 -63 -54 -71 -67 
-57 -63 -52 -71 -67 
-71 -63 -52 -75 -73 
-66 -63 -52 -74 -67 
-66 -64 -50 -70 -67 
-56 -63 -54 -75 -73 
-66 -64 -54 -75 -73 
-75 -62 -54 -68 -67 
-65 -62 -54 -75 -73 
-62 -63 -52 -79 -67 
-66 -62 -54 -78 -66 
-71 -62 -54 -74 -67 
-66 -62 -50 -75 -69 
-58 -62 -52 -83 -68 
-74 -63 -54 -79 -68 
-68 -62 -54 -75 -79 
-71 -63 -55 -75 -66 
-63 -63 -50 -68 -67 
-75 -63 -53 -83 -67 
-66 -62 -52 -83 -67 
-63 -62 -52 -68 -68 
-71 -63 -50 -74 -73 
-71 -62 -54 -71 -67 
-56 -62 -55 -68 -67 
-57 -63 -50 -71 -67 
-68 -62 -52 -75 -69 
-62 -62 -52 -75 -67 
-56 -60 -52 -82 -73 
-62 -63 -54 -79 -71 
-66 -61 -54 -79 -67 
-66 -63 -54 -75 -73 
-72 -62 -55 -75 -73 
-63 -62 -52 -74 -68 
-63 -62 -52 -75 -73 
-71 -62 -52 -75 -67 
-68 -63 -50 -68 -67 
-58 -62 -54 -83 -68 
-62 -63 -50 -75 -68 
-58 -63 -52 -71 -68 
-57 -63 -54 -74 -73 
-70 -62 -53 -75 -70 
-75 -62 -55 -83 -68 
-57 -63 -54 -75 -68 
-62 -63 -52 -84 -69 
-75 -62 -55 -75 -79 
-71 -62 -52 -75 -73 
-70 -62 -54 -74 -78 
-68 -63 -54 -68 -68 
-66 -63 -52 -78 -73 
-75 -62 -50 -68 -77 
-58 -63 -54 -75 -73 
-66 -62 -54 -68 -67 
-57 -60 -52 -75 -68 
-57 -61 -54 -71 -68 
-75 -63 -54 -68 -74 
-57 -62 -55 -75 -69 
-68 -62 -53 -75 -78 
-65 -63 -52 -74 -70 
-66 -63 -53 -75 -73 
-71 -63 -53 -75 -73 
-58 -63 -54 -75 -67 
-66 -63 -51 -78 -74 
-67 -62 -54 -78 -68 
-74 -63 -50 -83 -79 
-62 -62 -55 -74 -73 
-74 -73 -50 -75 -68 
-67 -62 -54 -68 -67 
-77 -63 -50 -80 -68 
-66 -62 -50 -67 -77 
-78 -64 -53 -74 -68 
-66 -62 -56 -68 -78 
-79 -64 -53 -74 -68 
-66 -63 -50 -69 -71 
-58 -84 -50 -69 -77 
-75 -63 -54 -72 -68 
-62 -61 -50 -73 -76 
-70 -63 -54 -69 -68 
-70 -62 -53 -76 -72 
-70 -61 -52 -74 -72 
-68 -63 -55 -69 -68 
-75 -60 -54 -78 -77 
-58 -63 -55 -69 -68 
-66 -63 -54 -73 -72 
-57 -84 -54 -73 -72 
-68 -63 -54 -79 -68 
-68 -73 -55 -73 -72 
-75 -84 -55 -69 -68 
-68 -62 -50 -79 -68 
-76 -63 -55 -69 -78 
-72 -63 -51 -71 -68 
-68 -62 -54 -73 -73 
-72 -62 -55 -80 -77 
-66 -63 -54 -69 -68 
-68 -62 -50 -72 -77 
-75 -64 -54 -74 -67 
-66 -63 -52 -81 -68 
-58 -86 -50 -68 -67 
-77 -63 -55 -81 -77 
-72 -63 -53 -74 -66 
-63 -61 -50 -74 -72 
-72 -61 -52 -74 -73 
-72 -63 -52 -75 -71 
-66 -61 -53 -77 -77 
-68 -63 -50 -69 -68 
-76 -61 -56 -74 -78 
-58 -86 -50 -74 -67 
-77 -63 -54 -81 -68 
-63 -61 -52 -74 -77 
-68 -63 -52 -76 -68 
-68 -61 -53 -76 -72 
-77 -63 -50 -66 -68 
-69 -61 -55 -82 -67 
-58 -64 -50 -73 -72 
-67 -63 -56 -85 -69 
-58 -62 -54 -74 -71 
-76 -64 -49 -74 -69 
-66 -62 -56 -84 -67 
-70 -62 -51 -70 -74 
-69 -62 -55 -71 -71 
-74 -64 -55 -80 -69 
-66 -62 -51 -73 -67 
-59 -64 -55 -80 -77 
-66 -62 -50 -69 -67 
-57 -83 -55 -80 -69 
-67 -62 -54 -73 -67 
-62 -73 -54 -76 -68 
-56 -62 -55 -80 -67 
-58 -62 -50 -72 -76 
-58 -62 -52 -72 -71 
-68 -62 -52 -73 -68 
-72 -64 -55 -68 -76 
-68 -62 -52 -74 -72 
-68 -62 -52 -74 -68 
-69 -62 -52 -76 -67 
-71 -60 -55 -73 -66 
-70 -63 -52 -74 -72 
-64 -63 -51 -72 -72 
-71 -64 -53 -74 -70 
-67 -82 -55 -73 -68 
-58 -64 -54 -73 -72 
-58 -81 -55 -79 -68 
-75 -61 -54 -73 -68 
-67 -62 -52 -80 -69 
-75 -63 -55 -73 -77 
-58 -62 -50 -79 -69 
-67 -83 -56 -67 -76 
-66 -62 -50 -80 -69 
-58 -83 -56 -73 -70 
-66 -64 -50 -68 -76 
-71 -62 -55 -80 -67 
-61 -63 -51 -72 -68 
-65 -61 -51 -80 -69 
-71 -64 -54 -71 -76 
-66 -62 -51 -73 -69 
-66 -64 -52 -69 -66 
-57 -60 -54 -71 -69 
-69 -63 -54 -70 -66 
-65 -63 -54 -77 -66 
-61 -62 -53 -75 -69 
-65 -63 -54 -80 -72 
-61 -82 -50 -74 -69 
-67 -62 -55 -76 -73 
-70 -62 -53 -73 -73 
-71 -71 -49 -72 -66 
-67 -82 -50 -83 -67 
-72 -63 -53 -66 -70 
-74 -61 -52 -70 -70 
-68 -69 -51 -82 -73 
-58 -62 -51 -70 -67 
-59 -71 -55 -70 -68 
-58 -62 -54 -75 -76 
-67 -63 -50 -82 -68 
-60 -87 -55 -82 -69 
-66 -67 -51 -86 -68 
-56 -61 -53 -66 -70 
-57 -62 -52 -81 -72 
-80 -61 -55 -69 -67 
-59 -81 -49 -81 -67 
-57 -70 -53 -76 -66 
-75 -63 -55 -85 -78 
-59 -75 -51 -77 -67 
-82 -64 -54 -82 -80 
-58 -65 -52 -71 -70 
-73 -66 -50 -76 -67 
-60 -71 -56 -73 -71 
-61 -67 -51 -72 -67 
-62 -62 -53 -75 -71 
-56 -67 -52 -87 -73 
-85 -63 -53 -66 -70 
-68 -70 -53 -74 -68 
-62 -62 -51 -74 -77 
-65 -61 -57 -79 -70 
-68 -65 -58 -73 -66 
-64 -63 -59 -73 -66 
-71 -73 -55 -70 -69 
-57 -61 -54 -77 -68 
-65 -63 -52 -71 -68 
-58 -74 -52 -75 -76 
-66 -65 -54 -74 -67 
-69 -62 -49 -68 -77 
-57 -61 -47 -82 -73 
-78 -81 -52 -74 -73 
-66 -71 -51 -72 -70 
-57 -71 -52 -72 -73 
-62 -72 -53 -72 -69 
-57 -73 -53 -72 -66 
-68 -64 -57 -68 -66 
-57 -73 -57 -73 -76 
-68 -63 -53 -72 -80 
-70 -62 -56 -78 -65 
-62 -62 -57 -73 -64 
-70 -60 -56 -72 -69 
-63 -78 -57 -72 -66 
