379 9
-55 -72 -57 -76 -67 
-57 -66 -55 -68 -68 
-61 -70 -55 -73 -72 
-57 -62 -55 -66 -68 
-56 -72 -54 -68 -70 
-66 -71 -54 -74 -70 
-59 -72 -54 -68 -70 
-57 -70 -53 -70 -70 
-59 -65 -53 -68 -67 
-64 -65 -54 -66 -71 
-55 -75 -53 -65 -69 
-62 -72 -55 -68 -66 
-57 -68 -56 -68 -65 
-60 -67 -54 -67 -68 
-58 -66 -57 -70 -71 
-63 -67 -57 -73 -71 
-59 -67 -52 -69 -69 
-61 -73 -58 -73 -68 
-54 -67 -58 -69 -65 
-60 -83 -52 -72 -70 
-59 -65 -59 -66 -69 
-61 -87 -52 -71 -71 
-54 -65 -52 -72 -67 
-60 -65 -58 -68 -69 
-57 -71 -53 -74 -68 
-57 -66 -52 -67 -66 
-58 -65 -58 -74 -68 
-59 -65 -53 -69 -68 
-63 -83 -52 -72 -70 
-55 -67 -52 -68 -65 
-58 -82 -52 -70 -71 
-55 -86 -54 -73 -65 
-61 -67 -53 -71 -70 
-56 -67 -54 -68 -67 
-65 -65 -54 -71 -68 
-60 -84 -54 -69 -67 
-62 -65 -52 -69 -67 
-59 -74 -56 -70 -68 
-56 -74 -53 -73 -69 
-63 -76 -54 -67 -68 
-59 -68 -55 -75 -71 
-60 -68 -56 -70 -70 
-63 -68 -57 -68 -71 
-58 -71 -54 -71 -70 
-57 -73 -54 -70 -69 
-60 -70 -54 -71 -71 
-61 -74 -59 -68 -70 
-60 -65 -54 -68 -69 
-56 -68 -54 -68 -69 
-60 -64 -56 -71 -72 
-55 -66 -56 -69 -68 
-56 -66 -58 -69 -69 
-61 -64 -62 -68 -69 
-63 -71 -59 -68 -70 
-58 -65 -69 -69 -69 
-63 -78 -68 -71 -68 
-60 -69 -64 -68 -69 
-60 -85 -59 -69 -70 
-55 -77 -56 -69 -66 
-60 -74 -54 -68 -70 
-60 -67 -52 -68 -72 
-59 -65 -56 -68 -69 
-59 -77 -54 -68 -69 
-63 -80 -54 -70 -68 
-60 -71 -52 -72 -70 
-55 -71 -59 -70 -68 
-61 -71 -55 -68 -69 
-57 -72 -60 -70 -68 
-55 -71 -63 -71 -68 
-62 -72 -62 -67 -69 
-55 -68 -61 -70 -68 
-55 -73 -62 -67 -67 
-59 -69 -64 -70 -68 
-56 -64 -65 -69 -69 
-60 -71 -59 -71 -71 
-61 -64 -59 -70 -68 
-59 -68 -57 -69 -68 
-56 -63 -52 -66 -67 
-62 -70 -59 -69 -73 
-59 -63 -54 -66 -71 
-58 -74 -57 -68 -69 
-57 -64 -58 -66 -68 
-56 -72 -56 -69 -69 
-57 -79 -53 -68 -70 
-55 -68 -59 -68 -66 
-54 -84 -56 -69 -69 
-57 -69 -53 -70 -71 
-57 -83 -54 -68 -70 
-60 -68 -54 -69 -70 
-58 -75 -61 -70 -67 
-54 -65 -58 -67 -68 
-61 -68 -65 -69 -72 
-59 -79 -61 -70 -67 
-56 -69 -61 -68 -67 
-60 -67 -62 -66 -69 
-59 -70 -63 -69 -73 
-60 -77 -61 -66 -66 
-60 -77 -61 -69 -68 
-57 -68 -61 -69 -69 
-59 -80 -62 -70 -65 
-55 -66 -59 -69 -70 
-59 -68 -62 -70 -65 
-56 -70 -62 -70 -68 
-54 -71 -62 -69 -66 
-60 -86 -71 -67 -68 
-54 -66 -66 -69 -71 
-61 -69 -74 -67 -67 
-55 -66 -65 -70 -71 
-59 -69 -66 -68 -67 
-56 -74 -67 -69 -72 
-57 -74 -68 -68 -71 
-58 -65 -67 -69 -67 
-56 -78 -69 -67 -71 
-60 -66 -65 -69 -67 
-58 -79 -68 -68 -73 
-55 -69 -64 -70 -72 
-60 -79 -65 -67 -72 
-55 -65 -68 -69 -66 
-60 -77 -65 -66 -73 
-57 -65 -69 -69 -66 
-61 -68 -65 -67 -72 
-56 -65 -66 -69 -67 
-60 -68 -64 -66 -70 
-61 -65 -69 -68 -66 
-61 -67 -64 -68 -69 
-59 -68 -69 -69 -72 
-62 -66 -64 -66 -69 
-59 -68 -66 -69 -74 
-56 -67 -63 -69 -68 
-60 -79 -64 -69 -65 
-55 -68 -67 -69 -69 
-57 -65 -64 -66 -69 
-59 -79 -64 -69 -68 
-55 -79 -67 -66 -66 
-60 -69 -64 -69 -73 
-55 -65 -63 -66 -65 
-57 -67 -63 -66 -74 
-60 -76 -64 -69 -75 
-60 -69 -62 -69 -67 
-61 -74 -64 -65 -68 
-62 -70 -65 -68 -66 
-59 -65 -64 -65 -74 
-60 -69 -67 -68 -66 
-60 -65 -65 -65 -69 
-59 -81 -65 -69 -67 
-55 -88 -70 -65 -69 
-60 -68 -64 -70 -71 
-55 -84 -70 -71 -68 
-57 -73 -63 -68 -68 
-60 -66 -62 -66 -68 
-57 -68 -66 -70 -67 
-62 -67 -63 -66 -70 
-59 -68 -62 -69 -69 
-62 -67 -66 -66 -67 
-60 -78 -62 -70 -64 
-61 -69 -65 -68 -68 
-60 -64 -66 -69 -68 
-60 -71 -62 -70 -68 
-61 -64 -67 -67 -70 
-60 -68 -69 -66 -68 
-56 -68 -67 -71 -67 
-61 -65 -65 -69 -70 
-59 -80 -69 -68 -71 
-58 -65 -68 -68 -73 
-59 -75 -64 -66 -71 
-56 -65 -67 -69 -68 
-60 -73 -60 -70 -71 
-58 -74 -64 -66 -71 
-61 -82 -57 -68 -69 
-62 -65 -55 -72 -70 
-61 -68 -54 -66 -72 
-66 -75 -54 -71 -67 
-55 -68 -52 -66 -72 
-68 -77 -57 -70 -68 
-67 -75 -52 -66 -70 
-59 -64 -53 -69 -69 
-64 -69 -51 -68 -72 
-61 -74 -52 -69 -76 
-63 -68 -53 -66 -67 
-62 -64 -55 -67 -69 
-61 -67 -51 -71 -71 
-65 -72 -57 -69 -68 
-56 -65 -52 -71 -68 
-62 -68 -54 -71 -71 
-65 -68 -54 -69 -70 
-61 -69 -53 -70 -69 
-55 -67 -51 -71 -71 
-61 -64 -53 -70 -71 
-59 -68 -56 -71 -67 
-60 -75 -53 -66 -72 
-55 -68 -56 -71 -71 
-59 -64 -52 -66 -68 
-55 -68 -55 -70 -71 
-62 -75 -52 -70 -66 
-56 -64 -55 -71 -71 
-62 -74 -52 -67 -68 
-56 -75 -56 -71 -72 
-61 -68 -53 -66 -67 
-56 -65 -52 -70 -72 
-61 -70 -56 -70 -68 
-62 -76 -52 -65 -72 
-61 -74 -53 -71 -69 
-60 -64 -53 -68 -67 
-61 -68 -56 -69 -69 
-60 -74 -52 -66 -71 
-61 -75 -54 -69 -69 
-60 -69 -55 -66 -71 
-59 -75 -53 -71 -71 
-61 -68 -54 -68 -71 
-58 -75 -56 -70 -71 
-58 -66 -55 -70 -70 
-55 -68 -54 -71 -68 
-61 -64 -54 -66 -71 
-60 -68 -51 -70 -71 
-61 -66 -54 -70 -68 
-55 -64 -56 -71 -69 
-61 -68 -53 -66 -72 
-62 -64 -54 -71 -72 
-61 -66 -52 -69 -72 
-61 -68 -53 -70 -67 
-62 -65 -54 -72 -71 
-55 -68 -52 -70 -67 
-61 -68 -55 -70 -72 
-63 -64 -52 -66 -67 
-59 -68 -56 -69 -73 
-59 -66 -54 -72 -70 
-62 -64 -51 -66 -68 
-60 -73 -56 -71 -72 
-62 -64 -51 -66 -73 
-59 -68 -53 -70 -73 
-62 -64 -53 -70 -67 
-60 -73 -53 -66 -71 
-57 -68 -54 -68 -68 
-61 -73 -54 -70 -72 
-55 -68 -52 -71 -72 
-61 -68 -56 -69 -70 
-56 -64 -52 -66 -72 
-60 -70 -53 -71 -73 
-61 -64 -52 -66 -68 
-61 -71 -54 -69 -70 
-63 -67 -56 -66 -67 
-55 -64 -54 -70 -73 
-63 -68 -53 -69 -70 
-59 -72 -52 -66 -71 
-62 -73 -54 -71 -68 
-56 -64 -52 -66 -73 
-61 -67 -53 -71 -68 
-60 -69 -51 -68 -73 
-62 -69 -56 -68 -70 
-55 -73 -54 -68 -70 
-58 -64 -54 -69 -72 
-62 -74 -56 -67 -68 
-57 -74 -52 -69 -71 
-63 -64 -55 -66 -68 
-58 -73 -54 -66 -69 
-55 -65 -53 -71 -71 
-62 -67 -55 -66 -72 
-55 -64 -53 -70 -70 
-58 -65 -55 -69 -71 
-59 -74 -53 -71 -67 
-59 -68 -54 -66 -70 
-55 -64 -53 -70 -68 
-58 -70 -54 -70 -69 
-61 -74 -54 -68 -70 
-62 -74 -53 -71 -71 
-62 -74 -55 -71 -72 
-56 -67 -54 -66 -68 
-56 -74 -55 -71 -69 
-62 -65 -54 -70 -71 
-55 -75 -52 -69 -68 
-62 -64 -54 -71 -70 
-61 -64 -53 -68 -71 
-60 -68 -52 -71 -72 
-56 -64 -57 -66 -68 
-61 -74 -51 -70 -71 
-62 -64 -55 -70 -68 
-63 -73 -52 -71 -70 
-57 -74 -56 -66 -72 
-62 -68 -53 -72 -71 
-62 -66 -53 -69 -68 
-58 -69 -53 -68 -68 
-60 -67 -56 -70 -69 
-61 -64 -53 -69 -71 
-63 -74 -53 -67 -69 
-59 -74 -53 -70 -69 
-55 -68 -56 -71 -70 
-60 -63 -54 -66 -68 
-59 -75 -54 -69 -71 
-63 -74 -55 -71 -66 
-54 -68 -53 -66 -71 
-59 -69 -53 -66 -70 
-57 -63 -55 -71 -70 
-62 -68 -54 -66 -66 
-56 -65 -53 -71 -71 
-58 -71 -54 -69 -71 
-58 -75 -57 -70 -69 
-59 -64 -53 -66 -67 
-63 -68 -56 -69 -73 
-60 -65 -53 -71 -65 
-64 -76 -52 -69 -70 
-58 -76 -58 -67 -66 
-54 -62 -52 -70 -70 
-61 -68 -57 -71 -67 
-60 -66 -65 -70 -69 
-65 -64 -66 -67 -71 
-54 -68 -62 -73 -69 
-58 -65 -65 -71 -68 
-60 -63 -60 -72 -72 
-60 -68 -58 -69 -68 
-55 -68 -56 -69 -67 
-60 -75 -58 -70 -71 
-55 -75 -53 -71 -68 
-61 -65 -50 -69 -70 
-54 -74 -51 -72 -68 
-59 -67 -53 -76 -69 
-61 -68 -52 -71 -70 
-60 -71 -57 -70 -68 
-63 -76 -53 -68 -69 
-65 -72 -55 -65 -66 
-60 -70 -52 -70 -66 
-62 -76 -54 -70 -69 
-54 -77 -54 -69 -68 
-62 -75 -52 -69 -69 
-54 -75 -57 -66 -68 
-56 -69 -52 -67 -67 
-57 -69 -56 -81 -72 
-62 -76 -53 -69 -65 
-59 -72 -55 -71 -71 
-55 -70 -54 -67 -73 
-64 -72 -55 -71 -69 
-57 -68 -51 -66 -69 
-60 -75 -53 -68 -73 
-56 -77 -54 -73 -69 
-66 -73 -59 -65 -70 
-59 -80 -52 -70 -66 
-55 -77 -54 -66 -66 
-53 -73 -55 -66 -66 
-58 -75 -53 -65 -65 
-54 -76 -51 -66 -66 
-60 -75 -55 -72 -66 
-62 -75 -53 -66 -66 
-65 -76 -52 -72 -69 
-62 -75 -54 -64 -69 
-61 -72 -52 -68 -66 
-66 -73 -51 -66 -68 
-53 -72 -56 -64 -67 
-53 -73 -52 -64 -66 
-57 -75 -54 -64 -71 
-62 -74 -51 -66 -67 
-52 -75 -56 -69 -69 
-58 -71 -51 -64 -68 
-57 -72 -51 -64 -65 
-57 -75 -51 -69 -69 
-53 -71 -51 -64 -71 
-63 -75 -52 -66 -70 
-53 -77 -56 -64 -67 
-58 -76 -52 -69 -69 
-59 -74 -53 -65 -68 
-54 -76 -51 -70 -70 
-64 -74 -52 -63 -69 
-53 -76 -51 -65 -70 
-57 -75 -51 -68 -67 
-60 -71 -51 -64 -68 
-61 -73 -50 -65 -66 
-56 -74 -51 -64 -67 
-57 -73 -51 -68 -71 
-53 -73 -51 -65 -74 
-57 -72 -53 -66 -67 
-54 -83 -55 -69 -73 
-65 -71 -52 -66 -73 
-60 -77 -57 -70 -69 
-54 -78 -55 -68 -71 
-58 -67 -56 -81 -68 
-64 -71 -52 -72 -77 
-61 -63 -52 -86 -72 
-53 -67 -53 -80 -77 
-59 -71 -53 -77 -79 
-55 -66 -54 -78 -71 
-61 -72 -56 -75 -81 
