2016-05-19 23:01:02.641755 -60 -66 -74 -68 -58 
2016-05-19 23:01:02.745769 -62 -74 -73 -75 -54 
2016-05-19 23:01:02.851780 -58 -68 -85 -67 -52 
2016-05-19 23:01:03.050806 -59 -66 -77 -70 -55 
2016-05-19 23:01:03.158818 -63 -72 -68 -73 -49 
2016-05-19 23:01:03.257839 -60 -66 -82 -63 -56 
2016-05-19 23:01:03.579876 -60 -68 -71 -59 -60 
2016-05-19 23:01:03.685890 -59 -64 -74 -68 -59 
2016-05-19 23:01:03.868911 -63 -67 -77 -64 -54 
2016-05-19 23:01:03.975928 -55 -71 -71 -71 -60 
2016-05-19 23:01:04.075940 -60 -63 -76 -60 -64 
2016-05-19 23:01:04.352989 -62 -65 -70 -65 -60 
2016-05-19 23:01:04.453987 -60 -71 -83 -74 -53 
2016-05-19 23:01:04.633018 -58 -69 -77 -62 -59 
2016-05-19 23:01:04.816038 -62 -69 -69 -69 -73 
2016-05-19 23:01:04.973061 -59 -73 -72 -81 -58 
2016-05-19 23:01:05.165084 -65 -69 -74 -69 -57 
2016-05-19 23:01:05.343109 -73 -67 -68 -66 -57 
2016-05-19 23:01:05.556134 -59 -71 -68 -69 -62 
2016-05-19 23:01:05.765161 -68 -70 -68 -70 -56 
2016-05-19 23:01:05.973192 -65 -71 -66 -68 -59 
2016-05-19 23:01:06.182216 -62 -70 -66 -68 -57 
2016-05-19 23:01:06.285229 -61 -69 -69 -62 -69 
2016-05-19 23:01:06.392243 -63 -72 -67 -77 -57 
2016-05-19 23:01:06.500257 -61 -68 -66 -65 -72 
2016-05-19 23:01:06.617273 -63 -70 -66 -65 -56 
2016-05-19 23:01:06.823303 -62 -74 -66 -63 -66 
2016-05-19 23:01:06.949314 -60 -69 -70 -60 -62 
2016-05-19 23:01:07.052329 -63 -75 -73 -60 -60 
2016-05-19 23:01:07.226482 -65 -71 -67 -64 -59 
2016-05-19 23:01:07.436380 -60 -71 -73 -66 -57 
2016-05-19 23:01:07.565397 -63 -68 -71 -61 -73 
2016-05-19 23:01:07.672410 -62 -72 -73 -71 -59 
2016-05-19 23:01:07.775423 -63 -70 -71 -62 -75 
2016-05-19 23:01:07.980450 -63 -72 -68 -66 -61 
2016-05-19 23:01:08.189475 -63 -72 -70 -62 -64 
2016-05-19 23:01:08.291492 -60 -79 -68 -73 -60 
2016-05-19 23:01:08.394634 -62 -69 -74 -59 -70 
2016-05-19 23:01:08.496518 -61 -67 -68 -70 -62 
2016-05-19 23:01:08.626537 -63 -70 -67 -62 -66 
2016-05-19 23:01:08.729545 -60 -83 -72 -60 -64 
2016-05-19 23:01:08.831562 -67 -69 -68 -62 -68 
2016-05-19 23:01:08.940578 -59 -81 -74 -71 -62 
2016-05-19 23:01:09.045590 -65 -68 -68 -63 -65 
2016-05-19 23:01:09.208615 -57 -75 -71 -61 -67 
2016-05-19 23:01:09.309629 -68 -69 -68 -70 -68 
2016-05-19 23:01:09.418777 -58 -63 -71 -63 -67 
2016-05-19 23:01:09.630666 -67 -71 -68 -66 -66 
2016-05-19 23:01:09.737680 -73 -71 -67 -69 -62 
2016-05-19 23:01:09.850823 -71 -66 -74 -61 -67 
2016-05-19 23:01:09.954838 -58 -69 -67 -69 -66 
2016-05-19 23:01:10.065723 -80 -72 -72 -60 -68 
2016-05-19 23:01:10.173741 -69 -63 -72 -68 -63 
2016-05-19 23:01:10.394764 -71 -65 -66 -67 -67 
2016-05-19 23:01:10.653803 -73 -70 -71 -64 -69 
2016-05-19 23:01:10.856826 -77 -67 -67 -62 -66 
2016-05-19 23:01:11.017847 -74 -62 -71 -66 -66 
2016-05-19 23:01:11.326888 -75 -71 -68 -62 -68 
2016-05-19 23:01:11.534912 -66 -71 -71 -63 -66 
2016-05-19 23:01:11.639926 -58 -65 -67 -65 -69 
2016-05-19 23:01:11.743946 -68 -72 -71 -65 -65 
2016-05-19 23:01:11.848960 -63 -64 -73 -64 -68 
2016-05-19 23:01:11.974970 -71 -66 -72 -64 -68 
2016-05-19 23:01:12.077986 -60 -73 -67 -65 -72 
2016-05-19 23:01:12.183000 -68 -67 -72 -61 -70 
2016-05-19 23:01:12.287013 -56 -74 -68 -63 -82 
2016-05-19 23:01:12.392052 -69 -66 -69 -66 -70 
2016-05-19 23:01:12.497052 -66 -69 -67 -60 -71 
2016-05-19 23:01:12.603198 -79 -68 -72 -65 -67 
2016-05-19 23:01:12.816082 -75 -68 -71 -64 -73 
2016-05-19 23:01:13.136124 -60 -66 -71 -61 -71 
2016-05-19 23:01:13.443293 -66 -67 -74 -62 -66 
2016-05-19 23:01:13.653192 -78 -64 -75 -63 -61 
2016-05-19 23:01:13.862218 -63 -60 -67 -70 -56 
2016-05-19 23:01:13.966233 -68 -63 -74 -63 -58 
2016-05-19 23:01:14.069249 -75 -62 -71 -70 -62 
2016-05-19 23:01:14.285271 -60 -61 -72 -68 -59 
2016-05-19 23:01:14.493309 -65 -65 -69 -66 -61 
2016-05-19 23:01:14.703336 -64 -66 -72 -60 -55 
2016-05-19 23:01:14.916364 -58 -67 -71 -64 -57 
2016-05-19 23:01:15.123521 -70 -63 -78 -63 -62 
2016-05-19 23:01:15.433431 -56 -78 -71 -67 -61 
2016-05-19 23:01:15.532444 -75 -72 -74 -65 -67 
2016-05-19 23:01:15.635590 -66 -64 -72 -71 -59 
2016-05-19 23:01:15.769480 -65 -66 -77 -63 -64 
2016-05-19 23:01:15.962500 -62 -73 -65 -61 -65 
2016-05-19 23:01:16.081516 -56 -68 -63 -67 -73 
2016-05-19 23:01:16.280539 -87 -68 -67 -67 -59 
2016-05-19 23:01:16.381555 -71 -62 -66 -64 -56 
2016-05-19 23:01:16.700594 -53 -72 -72 -66 -59 
2016-05-19 23:01:16.803617 -62 -60 -72 -63 -59 
2016-05-19 23:01:17.012638 -58 -65 -74 -67 -57 
2016-05-19 23:01:17.222665 -68 -66 -70 -66 -61 
2016-05-19 23:01:17.439699 -63 -65 -75 -63 -58 
2016-05-19 23:01:17.641720 -61 -63 -72 -64 -56 
2016-05-19 23:01:17.823744 -59 -64 -70 -63 -64 
2016-05-19 23:01:18.030767 -66 -61 -69 -65 -59 
2016-05-19 23:01:18.239803 -63 -61 -71 -64 -59 
2016-05-19 23:01:18.343811 -65 -72 -74 -64 -58 
2016-05-19 23:01:18.483832 -67 -64 -70 -67 -56 
2016-05-19 23:01:18.688858 -67 -68 -70 -65 -59 
2016-05-19 23:01:18.796871 -61 -66 -65 -63 -55 
2016-05-19 23:01:18.894888 -66 -65 -68 -63 -65 
2016-05-19 23:01:19.084913 -64 -60 -69 -62 -56 
2016-05-19 23:01:19.189927 -60 -64 -65 -64 -64 
2016-05-19 23:01:19.398952 -59 -66 -65 -63 -59 
2016-05-19 23:01:19.507966 -59 -77 -74 -62 -55 
2016-05-19 23:01:19.611980 -58 -67 -64 -64 -57 
2016-05-19 23:01:19.928011 -59 -60 -71 -63 -64 
2016-05-19 23:01:20.234051 -57 -76 -68 -64 -55 
2016-05-19 23:01:20.340193 -57 -62 -74 -66 -57 
2016-05-19 23:01:20.460086 -57 -73 -67 -68 -59 
2016-05-19 23:01:20.671105 -58 -71 -69 -69 -58 
2016-05-19 23:01:20.776119 -58 -68 -74 -63 -54 
2016-05-19 23:01:20.971145 -57 -76 -68 -68 -54 
2016-05-19 23:01:21.080165 -65 -77 -68 -66 -57 
2016-05-19 23:01:21.181172 -60 -65 -74 -62 -56 
2016-05-19 23:01:21.289189 -59 -76 -69 -67 -58 
2016-05-19 23:01:21.394203 -60 -62 -72 -62 -56 
2016-05-19 23:01:21.499216 -62 -71 -72 -68 -58 
2016-05-19 23:01:21.711241 -60 -64 -71 -66 -60 
2016-05-19 23:01:21.909270 -57 -68 -74 -66 -66 
2016-05-19 23:01:22.018290 -64 -64 -71 -62 -57 
2016-05-19 23:01:22.121297 -62 -63 -74 -69 -67 
2016-05-19 23:01:22.231309 -63 -62 -71 -62 -57 
2016-05-19 23:01:22.333325 -60 -68 -66 -72 -69 
2016-05-19 23:01:22.439339 -64 -63 -71 -65 -57 
2016-05-19 23:01:22.648372 -60 -66 -69 -72 -56 
2016-05-19 23:01:22.776380 -60 -71 -75 -68 -66 
2016-05-19 23:01:22.880401 -57 -63 -70 -64 -57 
2016-05-19 23:01:22.989411 -59 -77 -70 -66 -60 
2016-05-19 23:01:23.175439 -57 -81 -72 -64 -61 
2016-05-19 23:01:23.338461 -59 -72 -79 -69 -61 
2016-05-19 23:01:23.445474 -58 -71 -65 -63 -65 
2016-05-19 23:01:23.573488 -62 -72 -77 -77 -56 
2016-05-19 23:01:23.798521 -80 -69 -70 -74 -61 
2016-05-19 23:01:23.979540 -71 -68 -71 -66 -60 
2016-05-19 23:01:24.087555 -61 -72 -70 -65 -59 
2016-05-19 23:01:24.193568 -71 -65 -71 -67 -59 
2016-05-19 23:01:24.358597 -56 -71 -69 -69 -61 
2016-05-19 23:01:24.515622 -54 -63 -69 -68 -61 
2016-05-19 23:01:24.623633 -52 -65 -73 -63 -67 
2016-05-19 23:01:24.725650 -53 -69 -72 -69 -62 
2016-05-19 23:01:24.833659 -50 -68 -72 -62 -62 
2016-05-19 23:01:24.943673 -63 -67 -70 -66 -62 
2016-05-19 23:01:25.265720 -57 -63 -69 -65 -57 
2016-05-19 23:01:25.474743 -59 -63 -68 -67 -62 
2016-05-19 23:01:25.786781 -64 -76 -68 -69 -64 
2016-05-19 23:01:25.891794 -57 -66 -71 -64 -62 
2016-05-19 23:01:26.106822 -59 -64 -71 -65 -63 
2016-05-19 23:01:26.420920 -60 -68 -70 -65 -66 
2016-05-19 23:01:26.531877 -76 -64 -66 -68 -60 
2016-05-19 23:01:26.639895 -52 -68 -78 -62 -59 
2016-05-19 23:01:26.745932 -54 -63 -71 -65 -61 
2016-05-19 23:01:26.938927 -59 -66 -72 -64 -60 
2016-05-19 23:01:27.068946 -72 -62 -69 -66 -63 
2016-05-19 23:01:27.269970 -59 -60 -63 -66 -66 
2016-05-19 23:01:27.574010 -64 -65 -66 -68 -62 
2016-05-19 23:01:27.792035 -54 -73 -67 -61 -66 
2016-05-19 23:01:27.962058 -68 -67 -65 -72 -69 
2016-05-19 23:01:28.170088 -56 -61 -71 -63 -56 
2016-05-19 23:01:28.288109 -65 -69 -65 -60 -57 
2016-05-19 23:01:28.415119 -72 -60 -64 -63 -67 
2016-05-19 23:01:28.523134 -60 -59 -69 -68 -59 
2016-05-19 23:01:28.705157 -57 -71 -68 -70 -61 
2016-05-19 23:01:28.876183 -61 -68 -65 -76 -59 
2016-05-19 23:01:29.026203 -68 -69 -67 -63 -60 
2016-05-19 23:01:29.128215 -64 -63 -68 -60 -66 
2016-05-19 23:01:29.389385 -68 -76 -73 -68 -60 
2016-05-19 23:01:29.597413 -62 -62 -71 -71 -63 
2016-05-19 23:01:29.703295 -61 -60 -62 -69 -67 
2016-05-19 23:01:29.812308 -54 -74 -62 -65 -65 
2016-05-19 23:01:29.916329 -57 -56 -67 -66 -60 
2016-05-19 23:01:30.017333 -65 -65 -68 -68 -67 
2016-05-19 23:01:30.174356 -69 -62 -66 -62 -58 
2016-05-19 23:01:30.321380 -64 -68 -69 -72 -65 
2016-05-19 23:01:30.423389 -66 -54 -72 -70 -61 
2016-05-19 23:01:30.526407 -65 -70 -73 -81 -63 
2016-05-19 23:01:30.704426 -65 -65 -63 -61 -61 
2016-05-19 23:01:30.851465 -60 -69 -72 -77 -65 
2016-05-19 23:01:30.960460 -64 -65 -66 -63 -68 
2016-05-19 23:01:31.108486 -64 -75 -69 -83 -69 
2016-05-19 23:01:31.272497 -61 -69 -63 -73 -62 
2016-05-19 23:01:31.471530 -65 -74 -72 -62 -59 
2016-05-19 23:01:31.573542 -69 -82 -71 -60 -62 
2016-05-19 23:01:31.675552 -61 -55 -72 -63 -63 
2016-05-19 23:01:31.781577 -67 -72 -70 -79 -63 
2016-05-19 23:01:31.884573 -60 -54 -70 -61 -65 
2016-05-19 23:01:31.988598 -59 -68 -77 -81 -68 
2016-05-19 23:01:32.091611 -63 -60 -66 -64 -78 
2016-05-19 23:01:32.268633 -60 -56 -68 -63 -61 
2016-05-19 23:01:32.401652 -59 -58 -71 -62 -62 
2016-05-19 23:01:32.629807 -62 -59 -77 -60 -64 
2016-05-19 23:01:32.826708 -64 -59 -68 -58 -63 
2016-05-19 23:01:32.928717 -62 -73 -65 -61 -72 
2016-05-19 23:01:33.031734 -57 -56 -65 -70 -64 
2016-05-19 23:01:33.134743 -52 -62 -66 -62 -65 
2016-05-19 23:01:33.238759 -52 -57 -71 -66 -74 
2016-05-19 23:01:33.510792 -61 -59 -65 -62 -62 
2016-05-19 23:01:33.715818 -71 -64 -64 -68 -65 
2016-05-19 23:01:33.825835 -65 -64 -64 -72 -63 
2016-05-19 23:01:33.927844 -60 -66 -67 -65 -66 
2016-05-19 23:01:34.035861 -67 -63 -62 -68 -62 
2016-05-19 23:01:34.137872 -58 -60 -68 -58 -64 
2016-05-19 23:01:34.313897 -69 -60 -65 -67 -65 
2016-05-19 23:01:34.420912 -60 -61 -62 -71 -65 
2016-05-19 23:01:34.529925 -68 -64 -66 -61 -63 
2016-05-19 23:01:35.084999 -62 -63 -63 -66 -62 
2016-05-19 23:01:35.261021 -75 -64 -65 -69 -61 
2016-05-19 23:01:35.361034 -62 -71 -64 -69 -60 
2016-05-19 23:01:35.489051 -62 -62 -83 -59 -65 
2016-05-19 23:01:35.598063 -58 -69 -64 -70 -76 
2016-05-19 23:01:35.699079 -57 -61 -74 -69 -60 
2016-05-19 23:01:35.802096 -66 -75 -66 -77 -71 
2016-05-19 23:01:35.903102 -64 -61 -70 -68 -63 
2016-05-19 23:01:36.113129 -61 -61 -71 -63 -62 
2016-05-19 23:01:36.230278 -62 -69 -71 -71 -61 
2016-05-19 23:01:36.341162 -60 -66 -70 -65 -68 
2016-05-19 23:01:36.525186 -60 -66 -76 -66 -62 
2016-05-19 23:01:36.631199 -61 -68 -71 -59 -63 
2016-05-19 23:01:36.845240 -61 -70 -73 -60 -71 
2016-05-19 23:01:37.053252 -64 -65 -72 -69 -81 
2016-05-19 23:01:37.266283 -61 -59 -73 -62 -67 
2016-05-19 23:01:37.467314 -60 -64 -72 -66 -64 
2016-05-19 23:01:37.618333 -60 -60 -72 -63 -63 
2016-05-19 23:01:37.719343 -56 -67 -71 -65 -63 
2016-05-19 23:01:38.111393 -63 -67 -70 -65 -73 
2016-05-19 23:01:38.313416 -61 -57 -76 -61 -64 
2016-05-19 23:01:38.521447 -66 -56 -68 -64 -63 
2016-05-19 23:01:38.629461 -57 -59 -68 -69 -70 
2016-05-19 23:01:38.746476 -64 -68 -70 -71 -63 
2016-05-19 23:01:38.846619 -62 -62 -79 -67 -77 
2016-05-19 23:01:39.135527 -65 -67 -74 -69 -60 
2016-05-19 23:01:39.236540 -63 -60 -68 -69 -64 
2016-05-19 23:01:39.339554 -58 -70 -72 -63 -60 
2016-05-19 23:01:39.558714 -59 -58 -68 -72 -61 
2016-05-19 23:01:39.663593 -63 -62 -66 -59 -63 
2016-05-19 23:01:39.779611 -59 -70 -72 -69 -61 
2016-05-19 23:01:39.880617 -64 -71 -69 -59 -63 
2016-05-19 23:01:40.091644 -71 -68 -70 -67 -61 
2016-05-19 23:01:40.219662 -63 -62 -77 -67 -61 
2016-05-19 23:01:40.322679 -59 -58 -69 -67 -80 
2016-05-19 23:01:40.505699 -62 -77 -71 -60 -66 
2016-05-19 23:01:40.608710 -59 -62 -68 -76 -60 
2016-05-19 23:01:40.712729 -78 -76 -71 -60 -72 
2016-05-19 23:01:40.818737 -60 -63 -69 -70 -63 
2016-05-19 23:01:40.926883 -69 -60 -77 -61 -64 
2016-05-19 23:01:41.039769 -60 -58 -64 -64 -71 
2016-05-19 23:01:41.148781 -68 -62 -63 -69 -73 
2016-05-19 23:01:41.254798 -61 -63 -59 -60 -78 
2016-05-19 23:01:41.468823 -67 -65 -75 -60 -62 
2016-05-19 23:01:41.670853 -63 -59 -61 -68 -70 
2016-05-19 23:01:41.878876 -64 -61 -68 -64 -64 
2016-05-19 23:01:42.090906 -59 -54 -66 -62 -65 
2016-05-19 23:01:42.195920 -62 -63 -60 -67 -75 
2016-05-19 23:01:42.301933 -63 -56 -72 -73 -66 
2016-05-19 23:01:42.509961 -66 -60 -66 -64 -65 
2016-05-19 23:01:42.817000 -73 -64 -66 -69 -68 
2016-05-19 23:01:43.032029 -64 -66 -65 -61 -60 
2016-05-19 23:01:43.230088 -64 -57 -69 -63 -60 
2016-05-19 23:01:43.436082 -62 -62 -68 -66 -55 
2016-05-19 23:01:43.541095 -76 -66 -80 -67 -62 
2016-05-19 23:01:43.644106 -59 -63 -57 -68 -69 
2016-05-19 23:01:43.770125 -63 -68 -68 -67 -64 
2016-05-19 23:01:43.875139 -66 -59 -65 -66 -68 
2016-05-19 23:01:44.073177 -57 -55 -73 -67 -67 
2016-05-19 23:01:44.486219 -63 -60 -68 -65 -65 
2016-05-19 23:01:44.696246 -63 -56 -74 -65 -64 
2016-05-19 23:01:44.801261 -65 -59 -71 -62 -73 
2016-05-19 23:01:44.902273 -65 -63 -67 -57 -66 
2016-05-19 23:01:45.008294 -60 -52 -65 -65 -62 
2016-05-19 23:01:45.199442 -67 -59 -72 -63 -70 
2016-05-19 23:01:45.329326 -57 -64 -68 -63 -65 
2016-05-19 23:01:45.527483 -67 -65 -65 -67 -83 
2016-05-19 23:01:45.838399 -66 -61 -68 -62 -65 
2016-05-19 23:01:45.947410 -64 -59 -74 -61 -68 
2016-05-19 23:01:46.051423 -71 -65 -71 -56 -67 
2016-05-19 23:01:46.264448 -64 -54 -70 -61 -63 
2016-05-19 23:01:46.385466 -67 -62 -70 -63 -66 
2016-05-19 23:01:46.491483 -69 -61 -65 -62 -66 
2016-05-19 23:01:46.598500 -59 -77 -65 -64 -65 
2016-05-19 23:01:46.703517 -58 -72 -68 -64 -72 
2016-05-19 23:01:46.913542 -59 -58 -62 -63 -65 
2016-05-19 23:01:47.018555 -70 -66 -63 -65 -66 
2016-05-19 23:01:47.204572 -64 -54 -65 -64 -73 
2016-05-19 23:01:47.311717 -70 -63 -61 -67 -65 
2016-05-19 23:01:47.414598 -66 -59 -77 -67 -66 
2016-05-19 23:01:47.539615 -76 -55 -59 -70 -65 
2016-05-19 23:01:47.732643 -61 -56 -67 -60 -69 
2016-05-19 23:01:47.840657 -62 -70 -60 -63 -63 
2016-05-19 23:01:47.951673 -63 -60 -62 -60 -82 
2016-05-19 23:01:48.052686 -64 -65 -71 -61 -73 
2016-05-19 23:01:48.176713 -69 -64 -61 -57 -69 
2016-05-19 23:01:48.283718 -65 -60 -72 -65 -65 
2016-05-19 23:01:48.391731 -62 -64 -65 -61 -68 
2016-05-19 23:01:48.495872 -63 -68 -72 -64 -68 
2016-05-19 23:01:48.702769 -66 -64 -63 -64 -70 
2016-05-19 23:01:48.805784 -70 -67 -62 -56 -64 
2016-05-19 23:01:49.014807 -67 -63 -65 -57 -66 
2016-05-19 23:01:49.212836 -62 -64 -70 -64 -66 
2016-05-19 23:01:49.411869 -78 -62 -68 -64 -66 
2016-05-19 23:01:49.520016 -65 -68 -68 -60 -63 
2016-05-19 23:01:49.626897 -73 -61 -67 -63 -70 
2016-05-19 23:01:49.733908 -74 -61 -67 -61 -63 
2016-05-19 23:01:50.037944 -70 -62 -67 -60 -68 
2016-05-19 23:01:50.250972 -79 -62 -65 -59 -67 
2016-05-19 23:01:50.402991 -70 -63 -60 -62 -63 
2016-05-19 23:01:50.818046 -62 -63 -62 -63 -71 
2016-05-19 23:01:51.018080 -68 -62 -65 -61 -65 
2016-05-19 23:01:51.124089 -61 -59 -73 -69 -70 
2016-05-19 23:01:51.225096 -63 -66 -65 -62 -68 
2016-05-19 23:01:51.342115 -63 -68 -64 -61 -64 
2016-05-19 23:01:51.446128 -61 -65 -65 -60 -67 
2016-05-19 23:01:51.551142 -69 -60 -65 -60 -64 
2016-05-19 23:01:51.658183 -60 -63 -66 -60 -66 
2016-05-19 23:01:51.845177 -64 -64 -65 -68 -63 
2016-05-19 23:01:51.949198 -67 -60 -65 -67 -65 
2016-05-19 23:01:52.060205 -75 -67 -66 -57 -65 
2016-05-19 23:01:52.262234 -71 -60 -65 -59 -64 
2016-05-19 23:01:52.365246 -60 -64 -64 -61 -66 
2016-05-19 23:01:52.470259 -74 -62 -66 -62 -75 
2016-05-19 23:01:52.578281 -60 -64 -73 -58 -68 
2016-05-19 23:01:52.709299 -67 -61 -67 -61 -69 
2016-05-19 23:01:52.918321 -68 -62 -69 -61 -65 
2016-05-19 23:01:53.136478 -66 -61 -70 -63 -63 
2016-05-19 23:01:53.241363 -68 -61 -62 -62 -65 
2016-05-19 23:01:53.418385 -79 -63 -71 -63 -64 
2016-05-19 23:01:53.608539 -67 -63 -64 -65 -67 
2016-05-19 23:01:53.715421 -70 -60 -64 -63 -72 
2016-05-19 23:01:53.884450 -61 -63 -62 -61 -66 
2016-05-19 23:01:54.064475 -61 -63 -63 -61 -69 
2016-05-19 23:01:54.171484 -63 -64 -63 -63 -72 
2016-05-19 23:01:54.278499 -67 -65 -65 -59 -65 
2016-05-19 23:01:54.378519 -60 -64 -63 -64 -72 
2016-05-19 23:01:54.480528 -70 -64 -68 -61 -66 
2016-05-19 23:01:54.704568 -65 -65 -63 -62 -65 
2016-05-19 23:01:54.803573 -63 -65 -65 -64 -68 
2016-05-19 23:01:54.983597 -65 -64 -63 -62 -64 
2016-05-19 23:01:55.121615 -72 -65 -62 -62 -59 
2016-05-19 23:01:55.220625 -64 -66 -66 -62 -68 
2016-05-19 23:01:55.400784 -66 -64 -66 -64 -66 
2016-05-19 23:01:55.709697 -71 -65 -65 -63 -61 
2016-05-19 23:01:55.818706 -61 -65 -67 -64 -68 
2016-05-19 23:01:55.948723 -71 -65 -64 -63 -65 
2016-05-19 23:01:56.050734 -60 -65 -62 -64 -62 
2016-05-19 23:01:56.154758 -62 -63 -68 -62 -67 
2016-05-19 23:01:56.359782 -63 -62 -63 -61 -63 
2016-05-19 23:01:56.497795 -68 -64 -62 -64 -68 
2016-05-19 23:01:56.667817 -70 -66 -62 -66 -64 
2016-05-19 23:01:56.868843 -63 -63 -62 -66 -66 
2016-05-19 23:01:56.978860 -61 -66 -62 -61 -65 
2016-05-19 23:01:57.081871 -77 -64 -65 -65 -62 
2016-05-19 23:01:57.289040 -65 -63 -63 -64 -67 
2016-05-19 23:01:57.393043 -64 -65 -62 -62 -65 
2016-05-19 23:01:57.501939 -74 -63 -64 -65 -67 
2016-05-19 23:01:57.613934 -65 -68 -64 -66 -67 
2016-05-19 23:01:57.747951 -62 -65 -63 -66 -62 
2016-05-19 23:01:57.853965 -71 -60 -64 -64 -68 
2016-05-19 23:01:58.059995 -67 -67 -62 -63 -64 
2016-05-19 23:01:58.164005 -63 -80 -70 -61 -71 
2016-05-19 23:01:58.364047 -75 -62 -64 -63 -70 
2016-05-19 23:01:58.464046 -69 -61 -71 -63 -68 
2016-05-19 23:01:58.572058 -65 -66 -67 -69 -65 
2016-05-19 23:01:58.858098 -67 -56 -73 -61 -65 
2016-05-19 23:01:58.962110 -63 -51 -69 -60 -67 
2016-05-19 23:01:59.065128 -70 -50 -67 -69 -78 
2016-05-19 23:01:59.171140 -66 -60 -68 -62 -66 
2016-05-19 23:01:59.277151 -83 -52 -63 -78 -71 
2016-05-19 23:01:59.386194 -63 -63 -68 -68 -74 
2016-05-19 23:01:59.494186 -81 -57 -75 -84 -73 
2016-05-19 23:01:59.599200 -64 -52 -69 -59 -65 
2016-05-19 23:01:59.709216 -64 -55 -71 -66 -63 
2016-05-19 23:01:59.812221 -78 -59 -73 -65 -73 
2016-05-19 23:01:59.914234 -68 -54 -66 -66 -75 
2016-05-19 23:02:00.125265 -77 -56 -65 -62 -64 
2016-05-19 23:02:00.313288 -66 -60 -63 -71 -74 
2016-05-19 23:02:00.419300 -60 -66 -74 -62 -77 
2016-05-19 23:02:00.521311 -61 -62 -63 -68 -78 
2016-05-19 23:02:00.629327 -59 -63 -63 -60 -67 
2016-05-19 23:02:00.736339 -64 -52 -65 -71 -73 
2016-05-19 23:02:00.838359 -78 -63 -71 -59 -65 
2016-05-19 23:02:00.942368 -69 -54 -65 -62 -66 
2016-05-19 23:02:01.049385 -62 -54 -63 -67 -71 
2016-05-19 23:02:01.201400 -62 -56 -62 -62 -76 
2016-05-19 23:02:01.308417 -68 -57 -70 -60 -78 
2016-05-19 23:02:01.413430 -74 -59 -61 -67 -63 
2016-05-19 23:02:01.522444 -61 -64 -63 -67 -71 
2016-05-19 23:02:01.628461 -70 -57 -61 -68 -75 
2016-05-19 23:02:01.798483 -75 -61 -69 -64 -65 
2016-05-19 23:02:01.937500 -69 -63 -69 -62 -64 
2016-05-19 23:02:02.225541 -63 -65 -66 -61 -68 
2016-05-19 23:02:02.437563 -66 -65 -64 -59 -70 
2016-05-19 23:02:02.653592 -71 -60 -66 -62 -78 
2016-05-19 23:02:02.756602 -65 -73 -62 -68 -63 
2016-05-19 23:02:02.951628 -65 -61 -63 -56 -68 
2016-05-19 23:02:03.057773 -69 -60 -76 -60 -72 
2016-05-19 23:02:03.271670 -65 -59 -70 -60 -66 
2016-05-19 23:02:03.374686 -61 -61 -63 -70 -60 
2016-05-19 23:02:03.473700 -59 -75 -72 -57 -66 
2016-05-19 23:02:03.680730 -69 -58 -62 -56 -70 
2016-05-19 23:02:03.895758 -72 -69 -60 -60 -65 
2016-05-19 23:02:04.005775 -71 -59 -71 -58 -61 
2016-05-19 23:02:04.115786 -78 -57 -68 -62 -73 
2016-05-19 23:02:04.309810 -75 -58 -62 -63 -64 
2016-05-19 23:02:04.418823 -67 -78 -68 -60 -65 
2016-05-19 23:02:04.520839 -71 -59 -64 -65 -62 
2016-05-19 23:02:04.629850 -81 -60 -65 -60 -65 
2016-05-19 23:02:04.743864 -71 -66 -64 -66 -65 
2016-05-19 23:02:04.917890 -82 -58 -60 -65 -61 
2016-05-19 23:02:05.150921 -75 -63 -64 -65 -64 
2016-05-19 23:02:05.343943 -73 -56 -62 -62 -66 
2016-05-19 23:02:05.452957 -71 -65 -63 -68 -68 
2016-05-19 23:02:05.563972 -71 -58 -69 -60 -67 
2016-05-19 23:02:05.690992 -61 -62 -67 -63 -65 
2016-05-19 23:02:05.881017 -69 -61 -62 -61 -67 
2016-05-19 23:02:06.092038 -66 -62 -65 -61 -68 
2016-05-19 23:02:06.223058 -71 -58 -69 -59 -67 
2016-05-19 23:02:06.329072 -66 -63 -70 -66 -67 
2016-05-19 23:02:06.433086 -74 -62 -62 -61 -72 
2016-05-19 23:02:06.544100 -57 -73 -71 -62 -67 
2016-05-19 23:02:06.722253 -70 -86 -63 -60 -79 
2016-05-19 23:02:06.824137 -60 -59 -67 -62 -68 
2016-05-19 23:02:06.930279 -71 -62 -64 -65 -72 
2016-05-19 23:02:07.034166 -67 -59 -67 -62 -70 
2016-05-19 23:02:07.134177 -70 -60 -64 -65 -64 
2016-05-19 23:02:07.243191 -69 -70 -65 -64 -70 
2016-05-19 23:02:07.346210 -68 -62 -70 -66 -64 
2016-05-19 23:02:07.446222 -68 -82 -66 -62 -72 
2016-05-19 23:02:07.558240 -62 -59 -66 -66 -74 
2016-05-19 23:02:07.762388 -65 -59 -61 -80 -74 
2016-05-19 23:02:07.974287 -57 -58 -67 -63 -74 
2016-05-19 23:02:08.102300 -65 -68 -67 -66 -69 
2016-05-19 23:02:08.209318 -64 -58 -79 -62 -63 
2016-05-19 23:02:08.388341 -82 -58 -62 -67 -68 
2016-05-19 23:02:08.494354 -61 -61 -71 -60 -72 
2016-05-19 23:02:08.602367 -80 -59 -65 -63 -65 
2016-05-19 23:02:08.732383 -59 -59 -71 -62 -62 
2016-05-19 23:02:08.839400 -62 -62 -67 -64 -68 
2016-05-19 23:02:09.034427 -70 -70 -67 -65 -66 
2016-05-19 23:02:09.139440 -67 -62 -69 -62 -63 
2016-05-19 23:02:09.243453 -66 -64 -64 -69 -62 
2016-05-19 23:02:09.345474 -70 -63 -71 -63 -64 
2016-05-19 23:02:09.447483 -75 -58 -63 -61 -67 
2016-05-19 23:02:09.659515 -64 -61 -66 -62 -67 
2016-05-19 23:02:09.782526 -65 -65 -71 -61 -71 
2016-05-19 23:02:09.994552 -65 -70 -69 -62 -67 
2016-05-19 23:02:10.207575 -67 -68 -73 -74 -70 
2016-05-19 23:02:10.422603 -65 -66 -71 -66 -68 
2016-05-19 23:02:10.530750 -65 -58 -63 -60 -71 
2016-05-19 23:02:10.710644 -65 -63 -71 -70 -66 
2016-05-19 23:02:10.813658 -71 -57 -68 -59 -72 
2016-05-19 23:02:10.914672 -63 -73 -69 -69 -64 
2016-05-19 23:02:11.023685 -70 -59 -65 -58 -69 
2016-05-19 23:02:11.124698 -64 -73 -72 -73 -64 
2016-05-19 23:02:11.235713 -70 -58 -64 -59 -67 
2016-05-19 23:02:11.358729 -68 -62 -72 -66 -68 
2016-05-19 23:02:11.468746 -68 -62 -67 -75 -63 
2016-05-19 23:02:11.784785 -65 -58 -70 -60 -64 
2016-05-19 23:02:11.888800 -71 -65 -68 -60 -65 
2016-05-19 23:02:11.988812 -62 -57 -69 -60 -72 
2016-05-19 23:02:12.183837 -69 -56 -67 -61 -61 
2016-05-19 23:02:12.290852 -70 -64 -63 -59 -66 
2016-05-19 23:02:12.397861 -64 -60 -71 -61 -66 
2016-05-19 23:02:12.595890 -68 -61 -69 -66 -67 
2016-05-19 23:02:12.699907 -71 -54 -70 -63 -70 
2016-05-19 23:02:12.900931 -77 -68 -69 -63 -68 
2016-05-19 23:02:13.051079 -78 -58 -67 -60 -71 
2016-05-19 23:02:13.350993 -73 -58 -72 -66 -63 
2016-05-19 23:02:13.562021 -69 -55 -70 -60 -64 
2016-05-19 23:02:13.666031 -65 -54 -63 -60 -74 
2016-05-19 23:02:13.772048 -80 -55 -71 -68 -74 
2016-05-19 23:02:13.879058 -67 -53 -79 -60 -66 
2016-05-19 23:02:13.984072 -73 -57 -64 -79 -80 
2016-05-19 23:02:14.089086 -66 -56 -79 -61 -65 
2016-05-19 23:02:14.295112 -65 -69 -66 -62 -71 
2016-05-19 23:02:14.398137 -72 -63 -83 -65 -60 
2016-05-19 23:02:14.610161 -66 -62 -67 -64 -65 
2016-05-19 23:02:14.715177 -74 -64 -60 -66 -73 
2016-05-19 23:02:14.820188 -63 -66 -70 -66 -67 
2016-05-19 23:02:15.124229 -62 -66 -68 -64 -66 
2016-05-19 23:02:15.303248 -64 -65 -67 -62 -66 
2016-05-19 23:02:15.439282 -64 -63 -70 -62 -63 
2016-05-19 23:02:15.648301 -61 -79 -65 -60 -62 
2016-05-19 23:02:15.766322 -61 -61 -65 -61 -71 
2016-05-19 23:02:15.964330 -65 -77 -63 -63 -65 
2016-05-19 23:02:16.169357 -66 -63 -62 -61 -67 
2016-05-19 23:02:16.386385 -82 -63 -64 -59 -66 
2016-05-19 23:02:16.700426 -68 -62 -67 -69 -68 
2016-05-19 23:02:17.005466 -62 -65 -64 -70 -67 
2016-05-19 23:02:17.115483 -60 -74 -62 -66 -65 
2016-05-19 23:02:17.341510 -67 -68 -68 -71 -69 
2016-05-19 23:02:17.549538 -64 -54 -64 -74 -64 
2016-05-19 23:02:17.849576 -69 -60 -65 -64 -66 
2016-05-19 23:02:18.021599 -65 -65 -57 -69 -68 
2016-05-19 23:02:18.127617 -57 -66 -56 -65 -63 
2016-05-19 23:02:18.273629 -67 -65 -62 -70 -62 
2016-05-19 23:02:18.697705 -58 -60 -58 -66 -59 
2016-05-19 23:02:18.898711 -71 -52 -56 -67 -62 
2016-05-19 23:02:19.001727 -58 -54 -57 -79 -68 
2016-05-19 23:02:19.142772 -71 -59 -55 -71 -70 
2016-05-19 23:02:19.275892 -73 -60 -65 -64 -62 
2016-05-19 23:02:19.375784 -60 -54 -57 -78 -64 
2016-05-19 23:02:19.482801 -63 -67 -66 -72 -71 
2016-05-19 23:02:19.585810 -62 -59 -53 -72 -71 
2016-05-19 23:02:19.795984 -64 -73 -49 -71 -64 
2016-05-19 23:02:20.121881 -67 -60 -51 -67 -61 
2016-05-19 23:02:20.268031 -72 -65 -59 -68 -65 
2016-05-19 23:02:20.374914 -68 -63 -56 -66 -59 
2016-05-19 23:02:20.588064 -66 -63 -63 -68 -61 
2016-05-19 23:02:21.000989 -62 -64 -62 -67 -65 
2016-05-19 23:02:21.181012 -67 -65 -61 -67 -64 
2016-05-19 23:02:21.285054 -64 -59 -62 -78 -78 
2016-05-19 23:02:21.419040 -75 -62 -63 -70 -68 
2016-05-19 23:02:21.635071 -65 -61 -66 -65 -74 
2016-05-19 23:02:21.744083 -61 -59 -63 -67 -73 
2016-05-19 23:02:21.850100 -69 -65 -63 -67 -77 
2016-05-19 23:02:22.058130 -69 -64 -62 -67 -77 
2016-05-19 23:02:22.258165 -65 -64 -63 -72 -75 
2016-05-19 23:02:22.360166 -69 -70 -71 -69 -70 
2016-05-19 23:02:22.468190 -73 -68 -72 -66 -75 
2016-05-19 23:02:22.571194 -69 -70 -60 -72 -66 
2016-05-19 23:02:22.703222 -69 -59 -76 -64 -74 
2016-05-19 23:02:22.806225 -67 -74 -58 -69 -62 
2016-05-19 23:02:22.982247 -79 -63 -66 -67 -66 
2016-05-19 23:02:23.089259 -68 -60 -62 -76 -71 
2016-05-19 23:02:23.193278 -70 -63 -62 -65 -68 
2016-05-19 23:02:23.403306 -69 -68 -62 -65 -67 
2016-05-19 23:02:23.611329 -67 -66 -61 -70 -64 
2016-05-19 23:02:23.719340 -74 -69 -60 -71 -66 
2016-05-19 23:02:23.824354 -64 -59 -60 -65 -67 
2016-05-19 23:02:24.037385 -63 -65 -60 -65 -72 
2016-05-19 23:02:24.143402 -62 -62 -61 -68 -66 
2016-05-19 23:02:24.250413 -63 -76 -62 -63 -67 
2016-05-19 23:02:24.353439 -62 -80 -62 -64 -66 
2016-05-19 23:02:24.455447 -60 -62 -67 -58 -62 
2016-05-19 23:02:24.558457 -62 -72 -65 -68 -62 
2016-05-19 23:02:24.665467 -61 -65 -64 -60 -63 
2016-05-19 23:02:24.842490 -68 -67 -63 -71 -64 
2016-05-19 23:02:24.990510 -65 -66 -63 -64 -69 
2016-05-19 23:02:25.098528 -63 -67 -77 -67 -71 
2016-05-19 23:02:25.200537 -69 -68 -63 -68 -72 
2016-05-19 23:02:25.305551 -68 -63 -66 -64 -69 
2016-05-19 23:02:25.504577 -81 -63 -68 -62 -76 
2016-05-19 23:02:25.610591 -70 -70 -72 -65 -78 
2016-05-19 23:02:25.717605 -79 -58 -62 -65 -80 
2016-05-19 23:02:25.920631 -73 -68 -60 -67 -74 
2016-05-19 23:02:26.028650 -63 -58 -66 -60 -84 
2016-05-19 23:02:26.140788 -73 -74 -81 -65 -70 
2016-05-19 23:02:26.247674 -63 -59 -69 -66 -77 
2016-05-19 23:02:26.356816 -77 -74 -62 -60 -69 
2016-05-19 23:02:26.459730 -63 -74 -66 -66 -76 
2016-05-19 23:02:26.607720 -68 -59 -70 -58 -68 
2016-05-19 23:02:26.713738 -72 -72 -78 -67 -74 
2016-05-19 23:02:26.814745 -65 -59 -62 -60 -71 
2016-05-19 23:02:26.923766 -76 -70 -75 -68 -68 
2016-05-19 23:02:27.028781 -71 -58 -65 -68 -75 
2016-05-19 23:02:27.297810 -68 -65 -60 -72 -68 
2016-05-19 23:02:27.506838 -63 -71 -68 -62 -68 
2016-05-19 23:02:28.110916 -69 -74 -67 -67 -67 
2016-05-19 23:02:28.290940 -67 -59 -63 -69 -68 
2016-05-19 23:02:28.446960 -74 -63 -72 -66 -74 
2016-05-19 23:02:28.554972 -64 -71 -68 -64 -68 
2016-05-19 23:02:28.873017 -75 -65 -66 -60 -74 
2016-05-19 23:02:29.067042 -65 -56 -64 -65 -78 
2016-05-19 23:02:29.127049 -69 -68 -60 -58 -69 
2016-05-19 23:02:29.294074 -68 -65 -66 -60 -67 
2016-05-19 23:02:29.402088 -62 -63 -61 -70 -61 
2016-05-19 23:02:29.507115 -70 -63 -58 -57 -69 
2016-05-19 23:02:29.804142 -64 -61 -59 -58 -67 
2016-05-19 23:02:29.915151 -63 -61 -71 -63 -63 
2016-05-19 23:02:30.020164 -67 -59 -57 -65 -74 
2016-05-19 23:02:30.122179 -63 -75 -61 -75 -76 
2016-05-19 23:02:30.226192 -68 -64 -60 -71 -66 
2016-05-19 23:02:30.328211 -68 -65 -61 -65 -65 
2016-05-19 23:02:30.435218 -78 -63 -59 -62 -68 
2016-05-19 23:02:30.543236 -68 -70 -60 -64 -63 
2016-05-19 23:02:30.707256 -69 -62 -63 -72 -65 
2016-05-19 23:02:30.809273 -59 -62 -62 -62 -74 
2016-05-19 23:02:31.026297 -76 -68 -63 -68 -65 
2016-05-19 23:02:31.168316 -70 -59 -61 -64 -69 
2016-05-19 23:02:31.379347 -65 -59 -65 -59 -66 
2016-05-19 23:02:31.483357 -66 -66 -69 -74 -70 
2016-05-19 23:02:31.591371 -75 -63 -68 -63 -67 
2016-05-19 23:02:31.916414 -66 -65 -67 -65 -73 
2016-05-19 23:02:32.133443 -69 -64 -67 -68 -65 
2016-05-19 23:02:32.338469 -65 -65 -66 -68 -65 
2016-05-19 23:02:32.537495 -78 -57 -69 -65 -75 
2016-05-19 23:02:32.713517 -70 -58 -70 -65 -66 
2016-05-19 23:02:32.818532 -80 -68 -62 -61 -64 
2016-05-19 23:02:32.923547 -74 -64 -66 -61 -72 
2016-05-19 23:02:33.126572 -70 -56 -65 -68 -64 
2016-05-19 23:02:33.234589 -66 -55 -67 -72 -68 
2016-05-19 23:02:33.340597 -65 -58 -60 -64 -74 
2016-05-19 23:02:33.657643 -68 -55 -69 -67 -67 
2016-05-19 23:02:33.765653 -67 -58 -60 -76 -77 
2016-05-19 23:02:33.900670 -67 -57 -72 -60 -65 
2016-05-19 23:02:34.079700 -84 -62 -83 -61 -70 
2016-05-19 23:02:34.186710 -68 -61 -60 -64 -82 
2016-05-19 23:02:34.287723 -83 -60 -64 -66 -66 
2016-05-19 23:02:36.254996 -69 -60 -61 -60 -65 
2016-05-19 23:02:36.485015 -78 -59 -72 -61 -68 
2016-05-19 23:02:36.697039 -76 -65 -74 -64 -70 
2016-05-19 23:02:36.869061 -70 -61 -67 -60 -60 
2016-05-19 23:02:36.973074 -69 -61 -67 -65 -91 
2016-05-19 23:02:37.122094 -73 -68 -66 -57 -67 
2016-05-19 23:02:37.318129 -74 -63 -74 -61 -64 
2016-05-19 23:02:37.499143 -73 -61 -69 -60 -65 
2016-05-19 23:02:37.604157 -78 -57 -75 -72 -74 
2016-05-19 23:02:37.740178 -80 -59 -67 -71 -75 
2016-05-19 23:02:37.865194 -74 -65 -72 -65 -82 
2016-05-19 23:02:37.967205 -70 -58 -74 -69 -69 
2016-05-19 23:02:38.166228 -72 -63 -70 -66 -72 
2016-05-19 23:02:38.374259 -68 -60 -74 -62 -71 
2016-05-19 23:02:38.482271 -69 -63 -67 -54 -71 
2016-05-19 23:02:38.591283 -68 -57 -78 -63 -66 
2016-05-19 23:02:38.691296 -71 -64 -63 -68 -83 
2016-05-19 23:02:38.897326 -71 -62 -69 -61 -72 
2016-05-19 23:02:39.105356 -86 -61 -69 -61 -75 
2016-05-19 23:02:39.208366 -62 -60 -77 -61 -67 
2016-05-19 23:02:39.426392 -62 -63 -71 -68 -68 
2016-05-19 23:02:39.514406 -74 -68 -69 -66 -71 
2016-05-19 23:02:39.717432 -66 -65 -70 -66 -71 
2016-05-19 23:02:39.931458 -66 -71 -73 -63 -73 
2016-05-19 23:02:40.138493 -67 -68 -76 -62 -74 
2016-05-19 23:02:40.565547 -70 -71 -67 -60 -71 
2016-05-19 23:02:40.668562 -67 -61 -73 -57 -68 
2016-05-19 23:02:40.788573 -66 -59 -68 -63 -67 
2016-05-19 23:02:40.892586 -66 -63 -72 -57 -65 
2016-05-19 23:02:41.091609 -65 -58 -67 -64 -65 
2016-05-19 23:02:41.195629 -75 -64 -73 -66 -71 
2016-05-19 23:02:41.403675 -69 -63 -68 -63 -71 
2016-05-19 23:02:41.628683 -66 -58 -68 -59 -66 
2016-05-19 23:02:41.732696 -75 -52 -69 -71 -69 
2016-05-19 23:02:41.837710 -74 -61 -70 -56 -77 
2016-05-19 23:02:42.038865 -74 -61 -68 -61 -70 
2016-05-19 23:02:42.239773 -64 -60 -68 -64 -78 
2016-05-19 23:02:42.463792 -67 -61 -69 -57 -74 
2016-05-19 23:02:42.978859 -65 -56 -70 -61 -86 
2016-05-19 23:02:43.184885 -64 -60 -68 -70 -70 
2016-05-19 23:02:43.406913 -69 -57 -69 -65 -78 
2016-05-19 23:02:43.515933 -80 -61 -67 -58 -70 
2016-05-19 23:02:43.721956 -69 -60 -70 -60 -77 
2016-05-19 23:02:43.827971 -67 -65 -66 -56 -72 
2016-05-19 23:02:44.233022 -67 -61 -68 -57 -70 
2016-05-19 23:02:44.342042 -67 -59 -73 -70 -72 
2016-05-19 23:02:44.556079 -69 -62 -67 -63 -75 
2016-05-19 23:02:44.659086 -70 -62 -74 -56 -71 
2016-05-19 23:02:44.856115 -72 -58 -70 -67 -74 
2016-05-19 23:02:45.061143 -70 -59 -69 -59 -70 
2016-05-19 23:02:45.170152 -71 -55 -66 -78 -72 
2016-05-19 23:02:45.274166 -65 -62 -66 -55 -73 
2016-05-19 23:02:45.478193 -71 -62 -72 -69 -72 
2016-05-19 23:02:45.689220 -71 -80 -76 -59 -73 
2016-05-19 23:02:46.024264 -72 -58 -66 -62 -72 
2016-05-19 23:02:46.235291 -66 -64 -68 -61 -73 
2016-05-19 23:02:46.444319 -70 -62 -68 -74 -69 
2016-05-19 23:02:46.552330 -67 -57 -75 -57 -75 
2016-05-19 23:02:46.659347 -65 -87 -67 -62 -79 
2016-05-19 23:02:46.955386 -65 -77 -72 -57 -72 
2016-05-19 23:02:47.064400 -79 -55 -65 -70 -75 
2016-05-19 23:02:47.191423 -71 -52 -66 -62 -78 
2016-05-19 23:02:47.501455 -74 -59 -72 -57 -72 
2016-05-19 23:02:47.699476 -70 -59 -72 -69 -74 
2016-05-19 23:02:47.826495 -67 -70 -67 -64 -74 
2016-05-19 23:02:48.035519 -72 -59 -67 -68 -78 
2016-05-19 23:02:48.248548 -71 -58 -69 -62 -76 
2016-05-19 23:02:48.363562 -75 -60 -68 -64 -74 
2016-05-19 23:02:48.733612 -70 -70 -65 -62 -77 
2016-05-19 23:02:48.886634 -65 -66 -67 -57 -72 
2016-05-19 23:02:48.992641 -69 -67 -65 -65 -77 
2016-05-19 23:02:49.199673 -71 -60 -70 -62 -70 
2016-05-19 23:02:49.417704 -69 -57 -69 -67 -77 
2016-05-19 23:02:49.621739 -69 -70 -74 -73 -71 
2016-05-19 23:02:50.037789 -77 -70 -67 -68 -75 
2016-05-19 23:02:50.193808 -67 -66 -74 -68 -75 
2016-05-19 23:02:50.398835 -88 -70 -75 -63 -77 
2016-05-19 23:02:50.499849 -73 -59 -65 -68 -69 
2016-05-19 23:02:50.785886 -71 -67 -67 -66 -67 
2016-05-19 23:02:50.893900 -64 -71 -64 -57 -73 
2016-05-19 23:02:51.102924 -84 -67 -62 -62 -74 
2016-05-19 23:02:51.285951 -70 -61 -63 -70 -75 
2016-05-19 23:02:51.384984 -72 -66 -70 -68 -77 
2016-05-19 23:02:51.493979 -71 -66 -65 -71 -77 
2016-05-19 23:02:51.632007 -73 -72 -75 -66 -69 
2016-05-19 23:02:51.811013 -65 -74 -73 -65 -68 
2016-05-19 23:02:52.018036 -70 -66 -64 -69 -69 
2016-05-19 23:02:52.142060 -66 -69 -64 -65 -72 
2016-05-19 23:02:52.347087 -66 -65 -68 -66 -70 
2016-05-19 23:02:52.451096 -67 -61 -62 -60 -77 
2016-05-19 23:02:52.652127 -77 -61 -78 -63 -73 
2016-05-19 23:02:52.793139 -72 -60 -74 -75 -79 
2016-05-19 23:02:52.896283 -66 -58 -70 -63 -74 
2016-05-19 23:02:53.104183 -70 -56 -65 -65 -71 
2016-05-19 23:02:53.319211 -69 -54 -81 -65 -66 
2016-05-19 23:02:53.624388 -68 -54 -64 -64 -65 
2016-05-19 23:02:53.927292 -66 -70 -68 -76 -71 
2016-05-19 23:02:54.064308 -61 -56 -65 -72 -67 
2016-05-19 23:02:54.169320 -62 -55 -84 -62 -71 
2016-05-19 23:02:54.274335 -60 -59 -67 -60 -69 
2016-05-19 23:02:54.455358 -64 -74 -68 -62 -75 
2016-05-19 23:02:54.664387 -71 -57 -66 -62 -68 
2016-05-19 23:02:54.874412 -64 -59 -74 -61 -64 
2016-05-19 23:02:55.083437 -75 -60 -67 -60 -69 
2016-05-19 23:02:55.201455 -63 -58 -69 -61 -63 
2016-05-19 23:02:55.303466 -71 -64 -70 -57 -64 
2016-05-19 23:02:55.407487 -80 -62 -81 -65 -62 
2016-05-19 23:02:55.828542 -69 -62 -75 -64 -65 
2016-05-19 23:02:55.931551 -66 -58 -68 -64 -66 
2016-05-19 23:02:56.140578 -68 -57 -72 -65 -63 
2016-05-19 23:02:56.245591 -67 -64 -76 -70 -69 
2016-05-19 23:02:56.428613 -66 -64 -70 -57 -64 
2016-05-19 23:02:56.581635 -67 -54 -68 -62 -68 
2016-05-19 23:02:56.685649 -60 -56 -65 -61 -63 
2016-05-19 23:02:56.791663 -79 -54 -71 -68 -68 
2016-05-19 23:02:57.182718 -65 -53 -69 -61 -60 
2016-05-19 23:02:57.284727 -71 -52 -75 -60 -68 
2016-05-19 23:02:57.601769 -70 -58 -68 -63 -62 
2016-05-19 23:02:57.706782 -72 -56 -65 -62 -62 
2016-05-19 23:02:57.900808 -66 -59 -67 -59 -61 
2016-05-19 23:02:58.106835 -66 -68 -65 -60 -70 
2016-05-19 23:02:58.208978 -68 -62 -67 -66 -78 
2016-05-19 23:02:58.315862 -69 -62 -65 -60 -64 
2016-05-19 23:02:58.423873 -67 -66 -65 -60 -77 
2016-05-19 23:02:58.528887 -62 -61 -62 -67 -65 
2016-05-19 23:02:58.729045 -66 -71 -74 -67 -72 
2016-05-19 23:02:58.845931 -70 -62 -67 -63 -70 
2016-05-19 23:02:59.041959 -65 -59 -65 -63 -69 
2016-05-19 23:02:59.143967 -61 -52 -67 -55 -83 
2016-05-19 23:02:59.313989 -64 -52 -68 -61 -73 
2016-05-19 23:02:59.419003 -67 -58 -67 -64 -69 
2016-05-19 23:02:59.529151 -62 -58 -63 -62 -75 
2016-05-19 23:02:59.796057 -67 -56 -65 -62 -83 
2016-05-19 23:02:59.905071 -67 -52 -65 -58 -69 
2016-05-19 23:03:00.062090 -66 -57 -71 -64 -65 
2016-05-19 23:03:00.167103 -67 -58 -59 -63 -67 
2016-05-19 23:03:00.268122 -72 -61 -65 -71 -69 
2016-05-19 23:03:00.370130 -68 -68 -60 -60 -72 
2016-05-19 23:03:00.636165 -81 -64 -68 -60 -72 
2016-05-19 23:03:00.740179 -69 -62 -76 -59 -69 
2016-05-19 23:03:00.846192 -70 -62 -69 -71 -64 
2016-05-19 23:03:00.944202 -70 -62 -59 -75 -74 
2016-05-19 23:03:01.052220 -72 -61 -70 -61 -62 
2016-05-19 23:03:01.155233 -68 -62 -68 -68 -86 
2016-05-19 23:03:01.256246 -74 -62 -69 -62 -64 
2016-05-19 23:03:01.377391 -69 -59 -68 -63 -65 
2016-05-19 23:03:01.483279 -71 -61 -61 -66 -72 
2016-05-19 23:03:01.685302 -69 -65 -67 -77 -63 
2016-05-19 23:03:01.787316 -67 -63 -72 -61 -69 
2016-05-19 23:03:02.209500 -69 -68 -68 -67 -72 
2016-05-19 23:03:02.318391 -68 -63 -65 -64 -72 
2016-05-19 23:03:02.523415 -68 -66 -67 -68 -67 
2016-05-19 23:03:02.628429 -69 -70 -72 -60 -68 
2016-05-19 23:03:02.732438 -72 -59 -63 -64 -66 
2016-05-19 23:03:02.833457 -72 -64 -65 -71 -67 
2016-05-19 23:03:03.107487 -71 -59 -67 -65 -67 
2016-05-19 23:03:03.266508 -73 -62 -62 -63 -64 
2016-05-19 23:03:03.425531 -68 -54 -70 -59 -66 
2016-05-19 23:03:03.631556 -70 -61 -69 -61 -66 
2016-05-19 23:03:03.813583 -75 -60 -66 -63 -70 
2016-05-19 23:03:03.919591 -65 -59 -71 -63 -80 
2016-05-19 23:03:04.113625 -70 -57 -67 -62 -65 
2016-05-19 23:03:04.232635 -67 -68 -71 -64 -63 
2016-05-19 23:03:04.339646 -73 -53 -66 -61 -66 
2016-05-19 23:03:04.449661 -68 -65 -68 -62 -79 
2016-05-19 23:03:04.553682 -69 -58 -74 -62 -64 
2016-05-19 23:03:04.663695 -74 -64 -66 -61 -78 
2016-05-19 23:03:04.871718 -73 -58 -65 -61 -63 
2016-05-19 23:03:05.003739 -69 -55 -66 -65 -70 
2016-05-19 23:03:05.191760 -77 -60 -66 -61 -63 
2016-05-19 23:03:05.294771 -75 -62 -66 -59 -76 
2016-05-19 23:03:05.398790 -66 -57 -66 -63 -63 
2016-05-19 23:03:05.607834 -69 -61 -65 -64 -64 
2016-05-19 23:03:05.907854 -66 -58 -70 -59 -65 
2016-05-19 23:03:06.008872 -77 -51 -71 -59 -83 
2016-05-19 23:03:06.108883 -72 -54 -64 -52 -68 
2016-05-19 23:03:06.297936 -64 -53 -69 -55 -72 
2016-05-19 23:03:06.539933 -67 -61 -66 -70 -62 
2016-05-19 23:03:06.752964 -68 -62 -69 -55 -62 
2016-05-19 23:03:06.928995 -62 -75 -74 -58 -63 
2016-05-19 23:03:07.138151 -67 -80 -71 -59 -64 
2016-05-19 23:03:07.349046 -72 -62 -73 -63 -72 
2016-05-19 23:03:07.558107 -66 -67 -75 -63 -66 
2016-05-19 23:03:07.663090 -73 -71 -66 -62 -56 
2016-05-19 23:03:07.772098 -71 -66 -69 -63 -65 
2016-05-19 23:03:07.875107 -76 -64 -68 -57 -62 
2016-05-19 23:03:07.974128 -71 -64 -71 -69 -66 
2016-05-19 23:03:08.105137 -67 -81 -68 -54 -68 
2016-05-19 23:03:08.228162 -67 -77 -82 -68 -68 
2016-05-19 23:03:08.334175 -68 -67 -67 -54 -75 
2016-05-19 23:03:08.442186 -71 -62 -69 -68 -69 
2016-05-19 23:03:08.544202 -68 -63 -67 -56 -74 
2016-05-19 23:03:08.647212 -85 -66 -71 -63 -65 
2016-05-19 23:03:08.752226 -70 -67 -71 -66 -72 
2016-05-19 23:03:08.913246 -69 -63 -68 -62 -67 
2016-05-19 23:03:09.030259 -65 -61 -74 -59 -66 
2016-05-19 23:03:09.239293 -72 -59 -69 -57 -63 
2016-05-19 23:03:09.344307 -62 -72 -74 -63 -68 
2016-05-19 23:03:09.449320 -61 -62 -69 -69 -78 
2016-05-19 23:03:09.617338 -71 -63 -64 -61 -63 
2016-05-19 23:03:09.751356 -63 -62 -66 -72 -62 
2016-05-19 23:03:09.963383 -68 -59 -73 -59 -66 
2016-05-19 23:03:10.266425 -78 -64 -66 -64 -65 
2016-05-19 23:03:10.485449 -65 -65 -79 -63 -72 
2016-05-19 23:03:10.589469 -60 -59 -66 -55 -71 
2016-05-19 23:03:10.795489 -65 -62 -67 -58 -67 
2016-05-19 23:03:10.901507 -64 -63 -80 -56 -62 
2016-05-19 23:03:11.007520 -67 -67 -84 -62 -66 
2016-05-19 23:03:11.157539 -65 -66 -77 -56 -65 
2016-05-19 23:03:11.368587 -71 -62 -75 -60 -70 
2016-05-19 23:03:11.521588 -69 -65 -68 -57 -64 
2016-05-19 23:03:11.698739 -78 -65 -74 -60 -70 
2016-05-19 23:03:11.917638 -69 -70 -62 -61 -68 
2016-05-19 23:03:12.026655 -82 -71 -89 -58 -65 
2016-05-19 23:03:12.237680 -77 -69 -71 -57 -70 
2016-05-19 23:03:12.462710 -69 -64 -62 -60 -68 
2016-05-19 23:03:12.733746 -68 -66 -73 -61 -73 
2016-05-19 23:03:12.841760 -72 -76 -65 -60 -59 
2016-05-19 23:03:12.980775 -70 -63 -64 -63 -60 
2016-05-19 23:03:13.180801 -64 -69 -76 -62 -66 
2016-05-19 23:03:13.282819 -80 -78 -65 -57 -63 
2016-05-19 23:03:13.408853 -65 -65 -63 -58 -77 
2016-05-19 23:03:13.514976 -77 -65 -68 -64 -65 
2016-05-19 23:03:13.720872 -69 -68 -59 -65 -66 
2016-05-19 23:03:13.826891 -72 -66 -64 -59 -75 
2016-05-19 23:03:14.033915 -71 -65 -67 -65 -71 
2016-05-19 23:03:14.140927 -71 -64 -73 -58 -68 
2016-05-19 23:03:14.243943 -72 -65 -66 -66 -76 
2016-05-19 23:03:14.412972 -72 -63 -75 -64 -72 
2016-05-19 23:03:14.655008 -72 -66 -66 -57 -70 
2016-05-19 23:03:14.966041 -70 -69 -64 -63 -77 
2016-05-19 23:03:15.069058 -75 -62 -66 -71 -70 
2016-05-19 23:03:15.171203 -67 -63 -60 -60 -75 
2016-05-19 23:03:15.297087 -68 -68 -60 -61 -71 
2016-05-19 23:03:15.450111 -77 -69 -77 -65 -68 
2016-05-19 23:03:15.717146 -72 -63 -60 -59 -69 
2016-05-19 23:03:15.825153 -72 -66 -79 -68 -74 
2016-05-19 23:03:16.115316 -71 -63 -70 -63 -67 
2016-05-19 23:03:16.220209 -71 -63 -65 -76 -83 
2016-05-19 23:03:16.502239 -68 -62 -71 -67 -59 
2016-05-19 23:03:16.711266 -68 -62 -67 -59 -68 
2016-05-19 23:03:16.872286 -61 -64 -61 -58 -77 
2016-05-19 23:03:16.980303 -66 -61 -65 -53 -64 
2016-05-19 23:03:17.083442 -66 -65 -65 -74 -68 
2016-05-19 23:03:17.557375 -64 -63 -68 -64 -65 
2016-05-19 23:03:17.659391 -69 -59 -82 -63 -69 
2016-05-19 23:03:17.775407 -68 -61 -69 -55 -68 
2016-05-19 23:03:17.880421 -70 -59 -65 -51 -67 
2016-05-19 23:03:17.985434 -62 -64 -75 -70 -63 
2016-05-19 23:03:18.127450 -59 -64 -64 -66 -77 
2016-05-19 23:03:18.230467 -64 -61 -63 -69 -64 
2016-05-19 23:03:18.509500 -65 -63 -71 -61 -71 
2016-05-19 23:03:18.618533 -62 -65 -65 -54 -64 
2016-05-19 23:03:18.821538 -74 -64 -70 -63 -61 
2016-05-19 23:03:18.993564 -64 -65 -64 -62 -62 
2016-05-19 23:03:19.099706 -68 -66 -71 -68 -66 
2016-05-19 23:03:19.384622 -62 -67 -66 -64 -65 
2016-05-19 23:03:19.693654 -61 -71 -61 -68 -64 
2016-05-19 23:03:20.010699 -67 -67 -68 -58 -67 
2016-05-19 23:03:20.111706 -63 -77 -71 -55 -63 
2016-05-19 23:03:20.315741 -67 -72 -63 -66 -62 
2016-05-19 23:03:20.421746 -64 -80 -63 -59 -65 
2016-05-19 23:03:20.609773 -73 -68 -69 -58 -64 
2016-05-19 23:03:20.805804 -57 -67 -65 -53 -67 
2016-05-19 23:03:20.911811 -62 -58 -61 -53 -75 
2016-05-19 23:03:21.090841 -64 -64 -68 -64 -67 
2016-05-19 23:03:21.582901 -62 -63 -57 -67 -67 
2016-05-19 23:03:21.693916 -56 -67 -69 -65 -71 
2016-05-19 23:03:21.901941 -64 -71 -64 -63 -65 
2016-05-19 23:03:22.053963 -70 -63 -59 -69 -66 
2016-05-19 23:03:22.156980 -61 -63 -55 -62 -77 
2016-05-19 23:03:22.265994 -67 -64 -81 -57 -67 
2016-05-19 23:03:22.344003 -60 -67 -68 -51 -71 
2016-05-19 23:03:22.533025 -62 -72 -59 -54 -69 
2016-05-19 23:03:22.847068 -67 -63 -67 -53 -66 
2016-05-19 23:03:23.165108 -63 -76 -66 -50 -65 
2016-05-19 23:03:23.272120 -60 -69 -71 -49 -61 
2016-05-19 23:03:23.382134 -61 -69 -77 -59 -64 
2016-05-19 23:03:23.483149 -65 -68 -69 -48 -60 
2016-05-19 23:03:23.941213 -61 -64 -65 -53 -59 
2016-05-19 23:03:24.106235 -65 -62 -70 -54 -61 
2016-05-19 23:03:24.207241 -63 -71 -64 -61 -59 
2016-05-19 23:03:24.357268 -74 -61 -68 -64 -60 
2016-05-19 23:03:24.546301 -66 -67 -65 -54 -63 
2016-05-19 23:03:24.723318 -61 -62 -72 -62 -64 
2016-05-19 23:03:24.879340 -62 -63 -62 -59 -63 
2016-05-19 23:03:25.053363 -65 -62 -62 -58 -63 
2016-05-19 23:03:25.154375 -71 -66 -62 -60 -69 
2016-05-19 23:03:25.256393 -62 -61 -65 -51 -69 
2016-05-19 23:03:25.470417 -64 -62 -65 -56 -71 
2016-05-19 23:03:25.571435 -68 -68 -75 -52 -73 
2016-05-19 23:03:25.880470 -72 -63 -56 -58 -64 
2016-05-19 23:03:25.991496 -60 -68 -68 -58 -63 
2016-05-19 23:03:26.099499 -68 -63 -71 -69 -64 
2016-05-19 23:03:26.520553 -64 -64 -73 -63 -66 
2016-05-19 23:03:26.728581 -63 -61 -72 -66 -69 
2016-05-19 23:03:26.942606 -65 -62 -63 -63 -69 
2016-05-19 23:03:27.092618 -63 -65 -60 -63 -73 
2016-05-19 23:03:27.200634 -63 -76 -60 -59 -71 
2016-05-19 23:03:27.307645 -64 -65 -67 -63 -70 
2016-05-19 23:03:27.411666 -66 -83 -60 -53 -75 
2016-05-19 23:03:27.523677 -67 -63 -60 -65 -68 
2016-05-19 23:03:27.733704 -65 -61 -61 -59 -66 
2016-05-19 23:03:27.834718 -63 -63 -63 -49 -71 
2016-05-19 23:03:28.145758 -64 -62 -62 -57 -63 
2016-05-19 23:03:28.278775 -68 -62 -63 -48 -67 
2016-05-19 23:03:28.380917 -59 -60 -59 -55 -60 
2016-05-19 23:03:28.486806 -65 -66 -64 -62 -66 
2016-05-19 23:03:28.590816 -67 -63 -60 -56 -65 
2016-05-19 23:03:28.694829 -66 -64 -63 -51 -68 
2016-05-19 23:03:28.803845 -63 -62 -60 -71 -66 
2016-05-19 23:03:28.909008 -58 -66 -65 -52 -64 
2016-05-19 23:03:29.018872 -62 -66 -61 -55 -62 
2016-05-19 23:03:29.119885 -59 -64 -63 -51 -63 
2016-05-19 23:03:29.246905 -66 -66 -65 -52 -67 
2016-05-19 23:03:29.543941 -60 -66 -66 -56 -62 
2016-05-19 23:03:29.653084 -64 -66 -65 -57 -69 
2016-05-19 23:03:29.820015 -63 -73 -62 -55 -68 
2016-05-19 23:03:29.926995 -63 -60 -66 -64 -62 
2016-05-19 23:03:30.038003 -66 -75 -60 -59 -62 
2016-05-19 23:03:30.137023 -64 -65 -59 -62 -63 
2016-05-19 23:03:30.455060 -68 -67 -67 -63 -66 
2016-05-19 23:03:30.657090 -66 -61 -72 -60 -72 
2016-05-19 23:03:30.782130 -57 -65 -67 -56 -68 
2016-05-19 23:03:30.988133 -53 -65 -71 -59 -69 
2016-05-19 23:03:31.203156 -60 -65 -67 -58 -65 
2016-05-19 23:03:31.450191 -73 -66 -83 -67 -67 
2016-05-19 23:03:31.618215 -80 -69 -71 -66 -66 
2016-05-19 23:03:31.757235 -64 -72 -74 -65 -66 
2016-05-19 23:03:31.860258 -66 -65 -70 -70 -74 
2016-05-19 23:03:32.038269 -67 -65 -72 -75 -83 
2016-05-19 23:03:32.147285 -73 -70 -80 -66 -83 
2016-05-19 23:03:32.350317 -71 -70 -71 -66 -74 
2016-05-19 23:03:32.602349 -73 -69 -66 -66 -68 
2016-05-19 23:03:32.911410 -67 -70 -75 -62 -74 
2016-05-19 23:03:33.019399 -66 -70 -77 -74 -86 
2016-05-19 23:03:33.121408 -69 -61 -68 -61 -72 
2016-05-19 23:03:33.307436 -68 -66 -72 -69 -66 
2016-05-19 23:03:33.508461 -69 -65 -73 -69 -63 
938
