2016-05-19 23:03:15.766139 -71 -65 -60 -63 -74 
2016-05-19 23:03:15.870159 -72 -66 -79 -60 -64 
2016-05-19 23:03:16.115316 -71 -63 -70 -64 -69 
2016-05-19 23:03:16.220209 -71 -63 -65 -76 -83 
2016-05-19 23:03:16.502239 -68 -62 -71 -67 -59 
2016-05-19 23:03:16.711266 -68 -62 -67 -59 -68 
2016-05-19 23:03:16.872286 -61 -64 -61 -58 -77 
2016-05-19 23:03:16.980303 -66 -61 -65 -53 -64 
2016-05-19 23:03:17.083442 -66 -65 -65 -74 -68 
2016-05-19 23:03:17.557375 -64 -63 -68 -64 -65 
2016-05-19 23:03:17.659391 -69 -59 -82 -63 -69 
2016-05-19 23:03:17.775407 -68 -61 -69 -55 -68 
2016-05-19 23:03:17.880421 -70 -59 -65 -51 -67 
2016-05-19 23:03:17.985434 -62 -64 -75 -70 -63 
2016-05-19 23:03:18.127450 -59 -64 -64 -66 -77 
2016-05-19 23:03:18.230467 -64 -61 -63 -69 -64 
2016-05-19 23:03:18.509500 -65 -63 -71 -61 -71 
2016-05-19 23:03:18.618533 -62 -65 -65 -54 -64 
2016-05-19 23:03:18.821538 -74 -64 -70 -63 -61 
2016-05-19 23:03:18.993564 -64 -65 -64 -62 -62 
2016-05-19 23:03:19.099706 -68 -66 -71 -68 -66 
2016-05-19 23:03:19.384622 -62 -67 -66 -64 -65 
2016-05-19 23:03:19.693654 -61 -71 -61 -68 -64 
2016-05-19 23:03:20.010699 -67 -67 -68 -58 -67 
2016-05-19 23:03:20.111706 -63 -77 -71 -55 -63 
2016-05-19 23:03:20.315741 -67 -72 -63 -66 -62 
2016-05-19 23:03:20.421746 -64 -80 -63 -59 -65 
2016-05-19 23:03:20.609773 -73 -68 -69 -58 -64 
2016-05-19 23:03:20.805804 -57 -67 -65 -53 -67 
2016-05-19 23:03:20.911811 -62 -58 -61 -53 -75 
2016-05-19 23:03:21.090841 -64 -64 -68 -64 -67 
2016-05-19 23:03:21.582901 -62 -63 -57 -67 -67 
2016-05-19 23:03:21.693916 -56 -67 -69 -65 -71 
2016-05-19 23:03:21.901941 -64 -71 -64 -63 -65 
2016-05-19 23:03:22.053963 -70 -63 -59 -69 -66 
2016-05-19 23:03:22.156980 -61 -63 -55 -62 -77 
2016-05-19 23:03:22.265994 -67 -64 -81 -57 -67 
2016-05-19 23:03:22.344003 -60 -67 -68 -51 -71 
2016-05-19 23:03:22.533025 -62 -72 -59 -54 -69 
2016-05-19 23:03:22.847068 -67 -63 -67 -53 -66 
2016-05-19 23:03:23.165108 -63 -76 -66 -50 -65 
2016-05-19 23:03:23.272120 -60 -69 -71 -49 -61 
2016-05-19 23:03:23.382134 -61 -69 -77 -59 -64 
2016-05-19 23:03:23.483149 -65 -68 -69 -48 -60 
2016-05-19 23:03:23.941213 -61 -64 -65 -53 -59 
2016-05-19 23:03:24.106235 -65 -62 -70 -54 -61 
2016-05-19 23:03:24.207241 -63 -71 -64 -61 -59 
2016-05-19 23:03:24.357268 -74 -61 -68 -64 -60 
2016-05-19 23:03:24.546301 -66 -67 -65 -54 -63 
2016-05-19 23:03:24.723318 -61 -62 -72 -62 -64 
2016-05-19 23:03:24.879340 -62 -63 -62 -59 -63 
2016-05-19 23:03:25.053363 -65 -62 -62 -58 -63 
2016-05-19 23:03:25.154375 -71 -66 -62 -60 -69 
2016-05-19 23:03:25.256393 -62 -61 -65 -51 -69 
2016-05-19 23:03:25.470417 -64 -62 -65 -56 -71 
2016-05-19 23:03:25.571435 -68 -68 -75 -52 -73 
2016-05-19 23:03:25.880470 -72 -63 -56 -58 -64 
2016-05-19 23:03:25.991496 -60 -68 -68 -58 -63 
2016-05-19 23:03:26.099499 -68 -63 -71 -69 -64 
2016-05-19 23:03:26.520553 -64 -64 -73 -63 -66 
2016-05-19 23:03:26.728581 -63 -61 -72 -66 -69 
2016-05-19 23:03:26.942606 -65 -62 -63 -63 -69 
2016-05-19 23:03:27.092618 -63 -65 -60 -63 -73 
2016-05-19 23:03:27.200634 -63 -76 -60 -59 -71 
2016-05-19 23:03:27.307645 -64 -65 -67 -63 -70 
2016-05-19 23:03:27.411666 -66 -83 -60 -53 -75 
2016-05-19 23:03:27.523677 -67 -63 -60 -65 -68 
2016-05-19 23:03:27.733704 -65 -61 -61 -59 -66 
2016-05-19 23:03:27.834718 -63 -63 -63 -49 -71 
2016-05-19 23:03:28.145758 -64 -62 -62 -57 -63 
2016-05-19 23:03:28.278775 -68 -62 -63 -48 -67 
2016-05-19 23:03:28.380917 -59 -60 -59 -55 -60 
2016-05-19 23:03:28.486806 -65 -66 -64 -62 -66 
2016-05-19 23:03:28.590816 -67 -63 -60 -56 -65 
2016-05-19 23:03:28.694829 -66 -64 -63 -51 -68 
2016-05-19 23:03:28.803845 -63 -62 -60 -71 -66 
2016-05-19 23:03:28.909008 -58 -66 -65 -52 -64 
2016-05-19 23:03:29.018872 -62 -66 -61 -55 -62 
2016-05-19 23:03:29.119885 -59 -64 -63 -51 -63 
2016-05-19 23:03:29.246905 -66 -66 -65 -52 -67 
2016-05-19 23:03:29.543941 -60 -66 -66 -56 -62 
2016-05-19 23:03:29.653084 -64 -66 -65 -57 -69 
2016-05-19 23:03:29.820015 -63 -73 -62 -55 -68 
2016-05-19 23:03:29.926995 -63 -60 -66 -64 -62 
2016-05-19 23:03:30.038003 -66 -75 -60 -59 -62 
2016-05-19 23:03:30.137023 -64 -65 -59 -62 -63 
2016-05-19 23:03:30.455060 -68 -67 -67 -63 -66 
2016-05-19 23:03:30.657090 -66 -61 -72 -60 -72 
2016-05-19 23:03:30.782130 -57 -65 -67 -56 -68 
2016-05-19 23:03:30.988133 -53 -65 -71 -59 -69 
2016-05-19 23:03:31.203156 -60 -65 -67 -58 -65 
2016-05-19 23:03:31.450191 -73 -66 -83 -67 -67 
2016-05-19 23:03:31.618215 -80 -69 -71 -66 -66 
2016-05-19 23:03:31.757235 -64 -72 -74 -65 -66 
2016-05-19 23:03:31.860258 -66 -65 -70 -70 -74 
2016-05-19 23:03:32.038269 -67 -65 -72 -75 -83 
2016-05-19 23:03:32.147285 -73 -70 -80 -66 -83 
2016-05-19 23:03:32.350317 -71 -70 -71 -66 -74 
2016-05-19 23:03:32.602349 -73 -69 -66 -66 -68 
2016-05-19 23:03:32.911410 -67 -70 -75 -62 -74 
2016-05-19 23:03:33.019399 -66 -70 -77 -74 -86 
2016-05-19 23:03:33.121408 -69 -61 -68 -61 -72 
2016-05-19 23:03:33.307436 -68 -66 -72 -69 -66 
2016-05-19 23:03:33.508461 -69 -65 -73 -69 -63 
104
