2016-05-19 21:34:42.289482 -80 -81 -84 -81 -69 
2016-05-19 21:34:42.389495 -81 -80 -82 -76 -72 
2016-05-19 21:34:42.594522 -74 -85 -83 -82 -78 
2016-05-19 21:34:42.862556 -84 -77 -82 -76 -70 
2016-05-19 21:34:43.014576 -79 -87 -88 -77 -70 
2016-05-19 21:34:43.119593 -80 -81 -84 -80 -64 
2016-05-19 21:34:43.393626 -73 -82 -84 -80 -68 
2016-05-19 21:34:43.628656 -71 -80 -85 -77 -71 
2016-05-19 21:34:43.972776 -71 -78 -79 -79 -68 
2016-05-19 21:34:44.075729 -83 -84 -82 -82 -74 
2016-05-19 21:34:44.346748 -76 -84 -78 -78 -79 
2016-05-19 21:34:44.527773 -82 -82 -83 -74 -73 
2016-05-19 21:34:44.636785 -78 -81 -86 -81 -71 
2016-05-19 21:34:44.742803 -79 -81 -81 -75 -68 
2016-05-19 21:34:44.953829 -80 -77 -83 -86 -75 
2016-05-19 21:34:45.058843 -72 -82 -80 -77 -66 
2016-05-19 21:34:45.369884 -75 -85 -82 -81 -70 
2016-05-19 21:34:45.654922 -79 -78 -86 -87 -69 
2016-05-19 21:34:45.960994 -77 -87 -85 -83 -69 
2016-05-19 21:34:46.152987 -79 -85 -87 -82 -65 
2016-05-19 21:34:46.360030 -78 -81 -87 -75 -71 
2016-05-19 21:34:46.565040 -76 -81 -86 -74 -71 
2016-05-19 21:34:46.957088 -81 -88 -90 -74 -73 
2016-05-19 21:34:47.201127 -81 -76 -91 -79 -76 
2016-05-19 21:34:47.327136 -91 -81 -92 -75 -68 
2016-05-19 21:34:47.540167 -81 -84 -90 -80 -72 
2016-05-19 21:34:47.958222 -82 -79 -89 -77 -72 
2016-05-19 21:34:48.163250 -88 -84 -90 -74 -75 
2016-05-19 21:34:48.792328 -81 -81 -88 -78 -70 
2016-05-19 21:34:49.414412 -78 -81 -92 -75 -66 
2016-05-19 21:34:49.729455 -80 -81 -90 -78 -68 
2016-05-19 21:34:49.938481 -88 -79 -86 -75 -68 
2016-05-19 21:34:50.233520 -80 -81 -83 -75 -70 
2016-05-19 21:34:50.355535 -82 -90 -84 -83 -72 
2016-05-19 21:34:50.667572 -77 -85 -88 -74 -70 
2016-05-19 21:34:50.864601 -78 -80 -89 -80 -70 
2016-05-19 21:34:51.040624 -78 -86 -83 -72 -70 
2016-05-19 21:34:51.197642 -77 -81 -84 -84 -69 
2016-05-19 21:34:51.513687 -77 -81 -87 -75 -70 
2016-05-19 21:34:52.035754 -78 -85 -85 -78 -73 
2016-05-19 21:34:52.243783 -77 -84 -86 -75 -72 
2016-05-19 21:34:52.449808 -81 -87 -89 -76 -74 
2016-05-19 21:34:52.667834 -81 -87 -89 -75 -76 
2016-05-19 21:34:53.292925 -77 -83 -90 -77 -75 
2016-05-19 21:34:53.604959 -77 -85 -86 -79 -70 
2016-05-19 21:34:53.813987 -78 -81 -85 -75 -73 
2016-05-19 21:34:54.234042 -81 -83 -84 -78 -72 
2016-05-19 21:34:54.353060 -81 -88 -87 -80 -73 
2016-05-19 21:34:54.654096 -80 -80 -84 -78 -66 
2016-05-19 21:34:54.863121 -81 -83 -83 -83 -67 
2016-05-19 21:34:55.252178 -75 -81 -85 -79 -72 
2016-05-19 21:34:55.374191 -81 -85 -87 -80 -75 
2016-05-19 21:34:55.565215 -77 -83 -89 -78 -70 
2016-05-19 21:34:55.816248 -77 -81 -86 -80 -66 
2016-05-19 21:34:55.923260 -76 -83 -86 -79 -66 
2016-05-19 21:34:56.191297 -73 -88 -87 -77 -71 
2016-05-19 21:34:56.301311 -79 -83 -82 -85 -69 
2016-05-19 21:34:56.403323 -83 -88 -85 -79 -65 
2016-05-19 21:34:56.554353 -83 -82 -87 -82 -75 
2016-05-19 21:34:56.864384 -87 -84 -87 -78 -68 
2016-05-19 21:34:57.153427 -82 -86 -84 -82 -74 
2016-05-19 21:34:57.260437 -76 -90 -88 -85 -71 
2016-05-19 21:34:57.469464 -77 -80 -85 -77 -70 
2016-05-19 21:34:57.675492 -78 -78 -81 -81 -65 
2016-05-19 21:34:57.874518 -84 -89 -84 -83 -73 
2016-05-19 21:34:57.980532 -81 -81 -81 -76 -70 
2016-05-19 21:34:58.256567 -85 -80 -84 -84 -64 
2016-05-19 21:34:58.400585 -78 -80 -85 -77 -68 
2016-05-19 21:34:58.857651 -84 -79 -84 -82 -66 
2016-05-19 21:34:59.124681 -87 -80 -81 -80 -70 
2016-05-19 21:34:59.557741 -81 -84 -84 -82 -75 
2016-05-19 21:34:59.969791 -79 -83 -83 -78 -70 
2016-05-19 21:35:00.295834 -79 -87 -86 -80 -68 
2016-05-19 21:35:00.496859 -80 -86 -84 -84 -67 
2016-05-19 21:35:00.674884 -83 -90 -84 -86 -69 
2016-05-19 21:35:01.171947 -81 -86 -86 -81 -69 
2016-05-19 21:35:01.437986 -80 -83 -87 -81 -68 
2016-05-19 21:35:01.545997 -82 -90 -88 -82 -67 
2016-05-19 21:35:01.797030 -83 -84 -84 -81 -68 
2016-05-19 21:35:02.319098 -83 -82 -86 -82 -73 
2016-05-19 21:35:02.521123 -80 -82 -85 -80 -68 
2016-05-19 21:35:02.947179 -76 -81 -87 -82 -77 
2016-05-19 21:35:03.230216 -77 -76 -86 -83 -73 
2016-05-19 21:35:03.436243 -76 -82 -84 -82 -72 
2016-05-19 21:35:03.602266 -73 -78 -81 -81 -68 
2016-05-19 21:35:03.817293 -75 -79 -80 -81 -67 
2016-05-19 21:35:03.960312 -77 -76 -87 -78 -66 
2016-05-19 21:35:04.065325 -76 -75 -84 -80 -75 
2016-05-19 21:35:04.179338 -83 -79 -85 -84 -73 
2016-05-19 21:35:04.387368 -73 -87 -80 -82 -63 
2016-05-19 21:35:04.704407 -73 -82 -83 -81 -66 
2016-05-19 21:35:05.016449 -79 -82 -83 -74 -70 
2016-05-19 21:35:05.229475 -66 -81 -83 -78 -72 
2016-05-19 21:35:05.433508 -77 -81 -83 -81 -69 
2016-05-19 21:35:05.887563 -75 -82 -83 -84 -69 
2016-05-19 21:35:05.989574 -70 -76 -91 -82 -71 
2016-05-19 21:35:07.355755 -79 -86 -90 -83 -75 
2016-05-19 21:35:09.333025 -80 -85 -89 -86 -73 
2016-05-19 21:35:14.266658 -80 -87 -93 -86 -75 
2016-05-19 21:35:14.794731 -80 -87 -93 -87 -73 
2016-05-19 21:35:15.424812 -80 -86 -92 -88 -71 
2016-05-19 21:35:15.635833 -79 -86 -92 -89 -75 
2016-05-19 21:35:15.892870 -84 -86 -91 -87 -78 
2016-05-19 21:35:16.734983 -81 -87 -91 -89 -72 
2016-05-19 21:35:17.642099 -79 -87 -90 -87 -76 
2016-05-19 21:35:18.482209 -78 -86 -91 -86 -75 
2016-05-19 21:35:19.629376 -79 -86 -91 -87 -78 
2016-05-19 21:35:20.673498 -80 -86 -90 -89 -75 
2016-05-19 21:35:21.819645 -80 -86 -90 -88 -75 
2016-05-19 21:35:27.683410 -79 -86 -89 -87 -75 
2016-05-19 21:35:30.315753 -80 -86 -93 -87 -72 
2016-05-19 21:35:30.530781 -81 -89 -91 -88 -75 
2016-05-19 21:35:30.682804 -80 -87 -91 -86 -69 
2016-05-19 21:35:31.012842 -79 -87 -92 -86 -74 
2016-05-19 21:35:33.063109 -79 -86 -92 -86 -73 
2016-05-19 21:35:33.692198 -79 -88 -91 -86 -72 
2016-05-19 21:35:46.045813 -79 -87 -88 -85 -71 
2016-05-19 21:35:47.592012 -80 -85 -92 -86 -73 
2016-05-19 21:35:48.319109 -81 -83 -92 -85 -74 
2016-05-19 21:35:49.262229 -79 -83 -91 -83 -76 
2016-05-19 21:35:51.279496 -79 -84 -89 -85 -73 
2016-05-19 21:36:03.278071 -78 -84 -93 -85 -75 
2016-05-19 21:36:09.884922 -78 -85 -92 -87 -75 
2016-05-19 21:36:10.093949 -79 -88 -91 -86 -76 
2016-05-19 21:36:11.143087 -80 -86 -91 -86 -73 
2016-05-19 21:36:12.280236 -80 -87 -88 -83 -72 
2016-05-19 21:36:12.698290 -83 -85 -88 -85 -74 
2016-05-19 21:36:12.909318 -78 -86 -86 -85 -80 
2016-05-19 21:36:13.779432 -80 -89 -87 -84 -77 
2016-05-19 21:36:14.701551 -79 -87 -89 -85 -76 
2016-05-19 21:36:14.912579 -79 -89 -89 -84 -71 
2016-05-19 21:36:28.241355 -78 -86 -91 -86 -76 
2016-05-19 21:36:29.081434 -79 -85 -90 -83 -74 
2016-05-19 21:36:30.871667 -79 -85 -86 -85 -72 
2016-05-19 21:36:31.215713 -76 -86 -87 -89 -72 
2016-05-19 21:36:31.389735 -77 -85 -87 -89 -78 
2016-05-19 21:36:32.226843 -77 -84 -87 -86 -77 
2016-05-19 21:36:32.513884 -78 -85 -84 -89 -77 
2016-05-19 21:36:32.761913 -82 -84 -90 -84 -72 
2016-05-19 21:36:32.973944 -78 -86 -91 -84 -68 
2016-05-19 21:36:33.183993 -79 -84 -88 -87 -73 
2016-05-19 21:36:33.598020 -80 -88 -86 -84 -72 
2016-05-19 21:36:33.805044 -77 -85 -91 -83 -70 
2016-05-19 21:36:33.917062 -88 -84 -90 -85 -72 
2016-05-19 21:36:34.115085 -79 -85 -83 -81 -72 
2016-05-19 21:36:34.322115 -81 -85 -84 -85 -72 
2016-05-19 21:36:34.430126 -80 -86 -87 -88 -81 
2016-05-19 21:36:34.703165 -81 -82 -87 -86 -75 
2016-05-19 21:36:34.835179 -86 -82 -83 -85 -81 
2016-05-19 21:36:35.046209 -78 -83 -81 -88 -73 
2016-05-19 21:36:35.277240 -78 -81 -91 -87 -87 
2016-05-19 21:36:35.790304 -82 -84 -85 -84 -76 
2016-05-19 21:36:35.909326 -83 -83 -89 -84 -81 
2016-05-19 21:36:36.339382 -79 -86 -90 -87 -77 
2016-05-19 21:36:36.636419 -82 -88 -85 -85 -76 
2016-05-19 21:36:36.846444 -83 -87 -84 -83 -76 
2016-05-19 21:36:37.106478 -79 -84 -90 -87 -79 
2016-05-19 21:36:37.686556 -80 -85 -93 -83 -74 
2016-05-19 21:36:37.897585 -80 -85 -86 -84 -73 
2016-05-19 21:36:38.101608 -83 -87 -85 -88 -76 
2016-05-19 21:36:38.207622 -77 -90 -91 -87 -88 
2016-05-19 21:36:38.641678 -81 -85 -89 -86 -73 
2016-05-19 21:36:39.064737 -82 -81 -88 -84 -78 
2016-05-19 21:36:39.274764 -82 -87 -84 -85 -69 
2016-05-19 21:36:39.488789 -78 -86 -84 -83 -69 
2016-05-19 21:36:39.685830 -81 -88 -91 -83 -75 
2016-05-19 21:36:39.858837 -77 -84 -91 -86 -68 
2016-05-19 21:36:39.966851 -78 -89 -85 -81 -75 
2016-05-19 21:36:40.309899 -78 -87 -88 -92 -71 
2016-05-19 21:36:40.417910 -87 -86 -85 -87 -75 
2016-05-19 21:36:40.629942 -87 -85 -88 -87 -71 
2016-05-19 21:36:41.202038 -83 -89 -87 -84 -72 
2016-05-19 21:36:41.575061 -80 -89 -86 -83 -69 
2016-05-19 21:36:41.788089 -79 -83 -89 -83 -69 
2016-05-19 21:36:42.203143 -79 -91 -89 -89 -75 
2016-05-19 21:36:42.314158 -82 -84 -84 -85 -72 
2016-05-19 21:36:42.765217 -82 -87 -91 -85 -74 
2016-05-19 21:36:42.973244 -82 -85 -91 -87 -68 
2016-05-19 21:36:43.256281 -81 -85 -85 -84 -73 
2016-05-19 21:36:43.548319 -84 -80 -90 -81 -71 
2016-05-19 21:36:43.758347 -84 -79 -89 -82 -73 
2016-05-19 21:36:44.227407 -84 -82 -85 -87 -71 
2016-05-19 21:36:44.653463 -79 -85 -93 -89 -70 
2016-05-19 21:36:44.857490 -84 -87 -85 -82 -74 
2016-05-19 21:36:45.169531 -84 -88 -87 -83 -73 
2016-05-19 21:36:45.902631 -80 -87 -86 -86 -71 
2016-05-19 21:36:46.316681 -80 -85 -88 -87 -72 
2016-05-19 21:36:46.525728 -83 -86 -84 -84 -74 
2016-05-19 21:36:46.635723 -80 -87 -86 -92 -71 
2016-05-19 21:36:46.961765 -85 -83 -90 -82 -72 
2016-05-19 21:36:47.376819 -86 -83 -83 -90 -74 
2016-05-19 21:36:47.517838 -87 -82 -89 -87 -80 
2016-05-19 21:36:47.751868 -81 -83 -84 -87 -75 
2016-05-19 21:36:55.225848 -88 -83 -87 -86 -72 
2016-05-19 21:36:55.474877 -86 -84 -86 -88 -75 
2016-05-19 21:36:56.201974 -85 -86 -89 -84 -71 
2016-05-19 21:36:56.310991 -87 -86 -84 -85 -84 
2016-05-19 21:36:56.616031 -82 -84 -85 -88 -71 
2016-05-19 21:36:56.827051 -82 -87 -81 -87 -76 
2016-05-19 21:36:57.146099 -81 -86 -88 -87 -73 
2016-05-19 21:36:57.257107 -80 -91 -88 -86 -80 
2016-05-19 21:36:57.467137 -81 -85 -88 -85 -77 
2016-05-19 21:36:57.890193 -82 -87 -82 -82 -74 
2016-05-19 21:36:58.102218 -80 -85 -89 -82 -74 
2016-05-19 21:36:58.216240 -79 -90 -88 -90 -71 
2016-05-19 21:36:58.423263 -80 -85 -87 -83 -75 
2016-05-19 21:36:58.635291 -81 -85 -88 -90 -75 
2016-05-19 21:36:58.844330 -90 -87 -89 -84 -76 
2016-05-19 21:36:59.116357 -85 -87 -88 -86 -78 
2016-05-19 21:36:59.276379 -78 -86 -84 -84 -80 
2016-05-19 21:36:59.584414 -81 -88 -85 -86 -75 
2016-05-19 21:36:59.793442 -82 -85 -84 -85 -74 
2016-05-19 21:37:00.387517 -80 -83 -86 -87 -71 
2016-05-19 21:37:00.596551 -80 -84 -85 -85 -71 
2016-05-19 21:37:00.804578 -80 -85 -84 -89 -74 
2016-05-19 21:37:01.116618 -79 -90 -88 -89 -72 
2016-05-19 21:37:01.534670 -87 -84 -85 -84 -69 
2016-05-19 21:37:01.641687 -81 -84 -84 -84 -70 
2016-05-19 21:37:01.815717 -80 -88 -88 -85 -76 
2016-05-19 21:37:01.921723 -80 -92 -84 -85 -84 
2016-05-19 21:37:02.340798 -80 -86 -89 -84 -73 
2016-05-19 21:37:03.061872 -80 -84 -88 -90 -72 
2016-05-19 21:37:03.615940 -80 -87 -88 -85 -73 
2016-05-19 21:37:03.913979 -78 -90 -86 -87 -72 
2016-05-19 21:37:04.032992 -75 -89 -86 -86 -77 
2016-05-19 21:37:04.245023 -78 -89 -85 -86 -73 
2016-05-19 21:37:04.655077 -77 -86 -87 -89 -73 
2016-05-19 21:37:05.088152 -80 -83 -84 -84 -73 
2016-05-19 21:37:05.194155 -76 -81 -87 -83 -71 
2016-05-19 21:37:05.301171 -78 -81 -90 -83 -75 
2016-05-19 21:37:05.890247 -79 -85 -92 -85 -73 
2016-05-19 21:37:06.097273 -80 -84 -84 -83 -82 
2016-05-19 21:37:06.303291 -82 -85 -88 -83 -78 
2016-05-19 21:37:06.712349 -79 -86 -86 -83 -75 
2016-05-19 21:37:07.029387 -80 -82 -90 -84 -70 
2016-05-19 21:37:07.176410 -87 -80 -85 -87 -71 
2016-05-19 21:37:07.387438 -84 -85 -86 -87 -70 
2016-05-19 21:37:08.356560 -81 -85 -87 -84 -74 
2016-05-19 21:37:08.567591 -79 -86 -84 -86 -75 
2016-05-19 21:37:08.777620 -80 -87 -87 -87 -75 
2016-05-19 21:37:08.960640 -80 -87 -87 -85 -74 
2016-05-19 21:37:09.524723 -82 -90 -86 -86 -75 
2016-05-19 21:37:09.965770 -78 -87 -87 -86 -75 
2016-05-19 21:37:10.178795 -79 -88 -87 -88 -74 
2016-05-19 21:37:10.387830 -84 -81 -87 -86 -75 
2016-05-19 21:37:10.591853 -82 -83 -86 -86 -75 
2016-05-19 21:37:11.013904 -84 -84 -87 -90 -75 
2016-05-19 21:37:11.277947 -79 -83 -87 -85 -76 
2016-05-19 21:37:11.644994 -82 -88 -86 -85 -75 
2016-05-19 21:37:12.063048 -80 -85 -86 -85 -75 
2016-05-19 21:37:12.274070 -80 -88 -86 -82 -76 
2016-05-19 21:37:12.696127 -80 -82 -86 -85 -75 
2016-05-19 21:37:12.903158 -82 -88 -86 -85 -75 
2016-05-19 21:37:13.111181 -82 -87 -86 -88 -75 
2016-05-19 21:37:13.419218 -79 -87 -86 -87 -75 
2016-05-19 21:37:13.805273 -78 -81 -90 -85 -74 
2016-05-19 21:37:14.165318 -79 -80 -86 -83 -71 
2016-05-19 21:37:14.385346 -77 -87 -92 -86 -78 
2016-05-19 21:37:14.911416 -79 -81 -89 -86 -77 
2016-05-19 21:37:15.423486 -84 -82 -89 -89 -77 
2016-05-19 21:37:15.737523 -81 -86 -90 -88 -72 
2016-05-19 21:37:15.847538 -76 -89 -87 -90 -70 
2016-05-19 21:37:16.029559 -86 -84 -88 -90 -72 
2016-05-19 21:37:16.055567 -77 -86 -85 -85 -74 
2016-05-19 21:37:16.552639 -80 -84 -85 -88 -74 
2016-05-19 21:37:16.866671 -78 -84 -85 -80 -73 
2016-05-19 21:37:17.206715 -78 -84 -90 -85 -78 
2016-05-19 21:37:17.411742 -78 -83 -92 -89 -76 
2016-05-19 21:37:17.593771 -76 -84 -90 -88 -72 
2016-05-19 21:37:17.833801 -76 -82 -91 -82 -72 
2016-05-19 21:37:18.997949 -80 -83 -85 -83 -72 
2016-05-19 21:37:19.209974 -78 -88 -87 -84 -69 
2016-05-19 21:37:19.932071 -80 -86 -88 -86 -72 
2016-05-19 21:37:20.148099 -77 -86 -87 -79 -73 
2016-05-19 21:37:20.263114 -73 -87 -90 -78 -67 
2016-05-19 21:37:21.101224 -78 -88 -89 -83 -72 
2016-05-19 21:37:21.312251 -77 -86 -88 -78 -75 
2016-05-19 21:37:21.522278 -80 -86 -92 -77 -73 
2016-05-19 21:37:21.934337 -82 -89 -85 -77 -74 
2016-05-19 21:37:22.562415 -78 -91 -87 -78 -70 
2016-05-19 21:37:22.684435 -78 -86 -88 -86 -75 
2016-05-19 21:37:22.877461 -74 -87 -87 -80 -73 
2016-05-19 21:37:23.190506 -77 -87 -89 -79 -72 
2016-05-19 21:37:23.501538 -76 -90 -87 -78 -71 
2016-05-19 21:37:23.711565 -81 -87 -87 -83 -73 
2016-05-19 21:37:23.919596 -82 -91 -90 -82 -72 
2016-05-19 21:37:33.690873 -77 -89 -89 -82 -71 
2016-05-19 21:37:34.110930 -78 -88 -88 -82 -73 
2016-05-19 21:37:34.323951 -81 -89 -88 -84 -73 
2016-05-19 21:37:34.607989 -80 -89 -88 -83 -75 
2016-05-19 21:37:34.782009 -82 -87 -89 -80 -73 
2016-05-19 21:37:35.239070 -81 -89 -88 -82 -72 
2016-05-19 21:37:35.410093 -80 -86 -89 -82 -72 
2016-05-19 21:37:35.774141 -78 -87 -89 -80 -76 
2016-05-19 21:37:35.888155 -78 -87 -89 -78 -73 
2016-05-19 21:37:36.631256 -76 -86 -87 -81 -74 
2016-05-19 21:37:37.146323 -78 -91 -90 -83 -76 
2016-05-19 21:37:37.460361 -81 -87 -88 -80 -78 
2016-05-19 21:37:37.594379 -81 -86 -90 -83 -75 
2016-05-19 21:37:37.774402 -76 -86 -90 -79 -78 
2016-05-19 21:37:38.050437 -80 -86 -88 -84 -77 
2016-05-19 21:37:39.040568 -79 -85 -88 -82 -73 
2016-05-19 21:37:39.246598 -78 -86 -83 -83 -68 
2016-05-19 21:37:39.453621 -79 -83 -85 -84 -71 
2016-05-19 21:37:39.761665 -78 -86 -91 -87 -70 
2016-05-19 21:37:40.005700 -81 -81 -89 -85 -70 
2016-05-19 21:37:40.751795 -77 -86 -88 -83 -71 
2016-05-19 21:37:41.172844 -74 -83 -89 -81 -73 
2016-05-19 21:37:41.497885 -77 -88 -88 -84 -72 
2016-05-19 21:37:41.982950 -79 -84 -87 -84 -70 
2016-05-19 21:37:42.609034 -79 -86 -92 -84 -71 
2016-05-19 21:37:42.822066 -85 -86 -87 -82 -71 
2016-05-19 21:37:43.327132 -84 -84 -87 -80 -68 
2016-05-19 21:37:43.534155 -81 -84 -89 -83 -69 
2016-05-19 21:37:43.640169 -81 -88 -87 -84 -66 
2016-05-19 21:37:43.858195 -81 -81 -85 -83 -70 
2016-05-19 21:37:44.389286 -83 -83 -87 -82 -70 
2016-05-19 21:37:44.498277 -82 -86 -90 -82 -73 
2016-05-19 21:37:44.606294 -87 -84 -87 -83 -68 
2016-05-19 21:37:44.804323 -80 -83 -87 -82 -70 
2016-05-19 21:37:45.018347 -79 -87 -88 -83 -72 
2016-05-19 21:37:45.226375 -81 -86 -88 -84 -72 
2016-05-19 21:37:45.436404 -77 -81 -88 -83 -72 
2016-05-19 21:37:45.649431 -84 -81 -87 -83 -71 
2016-05-19 21:37:45.971473 -78 -82 -87 -83 -70 
2016-05-19 21:37:46.188499 -77 -81 -87 -85 -71 
2016-05-19 21:37:49.331913 -78 -82 -93 -84 -70 
2016-05-19 21:37:51.527199 -78 -82 -88 -85 -71 
2016-05-19 21:37:52.155283 -74 -82 -88 -85 -70 
2016-05-19 21:37:53.621472 -77 -82 -88 -85 -71 
2016-05-19 21:37:53.929509 -77 -84 -88 -86 -70 
2016-05-19 21:37:54.346566 -77 -82 -88 -85 -71 
2016-05-19 21:37:55.064658 -79 -85 -89 -85 -70 
2016-05-19 21:37:55.273692 -79 -84 -89 -89 -70 
2016-05-19 21:37:55.901777 -81 -82 -88 -87 -71 
2016-05-19 21:37:56.113802 -78 -84 -89 -85 -70 
2016-05-19 21:37:56.745885 -78 -81 -88 -86 -70 
2016-05-19 21:37:57.372984 -76 -86 -89 -86 -71 
2016-05-19 21:37:57.582990 -82 -81 -89 -87 -70 
2016-05-19 21:37:58.967178 -75 -83 -92 -86 -70 
2016-05-19 21:38:00.767406 -80 -84 -92 -85 -71 
2016-05-19 21:38:00.971435 -80 -84 -92 -84 -68 
2016-05-19 21:38:01.253487 -76 -86 -91 -84 -69 
2016-05-19 21:38:01.803542 -76 -84 -91 -87 -72 
2016-05-19 21:38:02.222600 -73 -84 -91 -87 -71 
2016-05-19 21:38:03.675793 -78 -83 -91 -86 -71 
2016-05-19 21:38:03.882820 -74 -86 -90 -87 -70 
2016-05-19 21:38:04.092863 -73 -82 -88 -87 -72 
2016-05-19 21:38:04.608943 -77 -83 -90 -87 -73 
2016-05-19 21:38:05.229997 -76 -82 -90 -85 -70 
2016-05-19 21:38:05.447024 -83 -82 -90 -86 -72 
2016-05-19 21:38:06.070105 -78 -84 -91 -84 -73 
2016-05-19 21:38:06.275133 -82 -83 -91 -88 -68 
2016-05-19 21:38:06.994227 -74 -84 -91 -85 -72 
2016-05-19 21:38:07.338277 -78 -84 -90 -85 -72 
2016-05-19 21:38:07.543303 -80 -83 -92 -85 -74 
2016-05-19 21:38:07.642310 -73 -85 -92 -89 -72 
2016-05-19 21:38:08.463425 -79 -85 -91 -85 -72 
2016-05-19 21:38:13.183027 -80 -84 -92 -85 -73 
2016-05-19 21:38:14.449196 -85 -84 -93 -86 -73 
2016-05-19 21:38:16.875505 -82 -84 -91 -86 -73 
2016-05-19 21:38:17.926646 -81 -83 -91 -85 -72 
2016-05-19 21:38:18.465714 -83 -83 -92 -88 -73 
2016-05-19 21:38:19.831896 -80 -84 -93 -85 -74 
2016-05-19 21:38:20.142940 -82 -84 -92 -86 -74 
2016-05-19 21:38:20.350960 -82 -81 -91 -87 -72 
2016-05-19 21:38:20.978044 -86 -84 -92 -84 -73 
2016-05-19 21:38:22.872292 -82 -83 -92 -85 -73 
2016-05-19 21:38:24.462500 -80 -83 -92 -86 -73 
2016-05-19 21:38:27.406886 -79 -85 -91 -86 -72 
2016-05-19 21:38:31.157391 -79 -84 -91 -84 -72 
2016-05-19 21:38:34.514821 -81 -84 -91 -84 -70 
2016-05-19 21:38:39.018406 -79 -85 -91 -80 -70 
2016-05-19 21:38:44.980181 -79 -85 -91 -83 -72 
2016-05-19 21:38:45.612267 -81 -85 -89 -83 -70 
2016-05-19 21:38:45.816289 -81 -85 -89 -82 -75 
2016-05-19 21:38:46.453370 -81 -84 -92 -84 -76 
2016-05-19 21:38:46.561387 -79 -84 -84 -84 -72 
2016-05-19 21:38:46.991443 -79 -84 -91 -83 -78 
2016-05-19 21:38:47.195469 -78 -88 -85 -82 -74 
2016-05-19 21:38:47.613522 -75 -88 -85 -86 -75 
2016-05-19 21:38:48.664662 -79 -84 -84 -84 -74 
2016-05-19 21:38:48.872697 -77 -83 -88 -79 -74 
2016-05-19 21:38:49.188727 -80 -83 -90 -85 -78 
2016-05-19 21:38:49.371754 -88 -83 -84 -84 -73 
2016-05-19 21:38:49.714798 -83 -88 -85 -86 -73 
2016-05-19 21:38:49.928823 -78 -84 -89 -92 -77 
2016-05-19 21:38:50.134853 -77 -76 -86 -84 -70 
2016-05-19 21:38:50.346880 -75 -81 -87 -83 -68 
2016-05-19 21:38:50.453893 -70 -76 -82 -74 -77 
2016-05-19 21:38:50.594914 -70 -85 -88 -79 -69 
2016-05-19 21:38:50.805941 -78 -81 -81 -79 -71 
2016-05-19 21:38:51.072980 -72 -83 -81 -86 -68 
2016-05-19 21:38:51.464029 -77 -83 -84 -81 -72 
2016-05-19 21:38:51.690058 -71 -76 -81 -80 -70 
2016-05-19 21:38:51.895083 -78 -89 -81 -78 -72 
2016-05-19 21:38:52.075107 -73 -77 -83 -79 -75 
2016-05-19 21:38:52.182121 -75 -77 -86 -71 -76 
2016-05-19 21:38:52.330141 -73 -70 -81 -80 -74 
2016-05-19 21:38:52.623183 -81 -75 -87 -74 -83 
2016-05-19 21:38:52.731193 -77 -79 -82 -85 -78 
2016-05-19 21:38:53.041238 -82 -78 -80 -83 -82 
2016-05-19 21:38:53.281265 -80 -72 -79 -83 -78 
2016-05-19 21:38:53.482291 -79 -92 -79 -71 -81 
2016-05-19 21:38:53.591305 -72 -85 -81 -76 -68 
2016-05-19 21:38:53.768334 -82 -74 -79 -76 -65 
2016-05-19 21:38:53.877342 -82 -78 -79 -76 -82 
2016-05-19 21:38:54.085369 -71 -74 -78 -76 -72 
2016-05-19 21:38:54.231389 -76 -72 -81 -74 -80 
2016-05-19 21:38:54.400411 -73 -80 -83 -73 -79 
2016-05-19 21:38:54.646444 -77 -69 -82 -71 -75 
2016-05-19 21:38:54.754454 -79 -74 -84 -81 -77 
2016-05-19 21:38:54.862471 -80 -77 -75 -71 -76 
2016-05-19 21:38:55.072498 -77 -74 -80 -69 -76 
2016-05-19 21:38:55.422544 -78 -71 -78 -71 -75 
2016-05-19 21:38:55.524556 -90 -69 -80 -74 -84 
2016-05-19 21:38:55.681578 -72 -75 -76 -67 -75 
2016-05-19 21:38:55.784589 -80 -80 -79 -76 -83 
2016-05-19 21:38:55.889602 -75 -76 -76 -76 -77 
2016-05-19 21:38:56.105633 -79 -78 -84 -76 -75 
2016-05-19 21:38:56.288661 -76 -84 -78 -77 -72 
2016-05-19 21:38:56.552697 -79 -76 -82 -76 -70 
2016-05-19 21:38:56.657705 -79 -72 -84 -77 -69 
2016-05-19 21:38:56.872734 -76 -80 -82 -72 -73 
2016-05-19 21:38:56.976747 -74 -75 -73 -64 -84 
2016-05-19 21:38:57.182778 -84 -74 -85 -70 -83 
2016-05-19 21:38:57.389799 -83 -71 -81 -82 -75 
2016-05-19 21:38:57.568829 -79 -71 -74 -68 -80 
2016-05-19 21:38:57.705843 -87 -78 -74 -74 -76 
2016-05-19 21:38:57.811860 -85 -72 -77 -81 -77 
2016-05-19 21:38:57.917870 -87 -75 -77 -66 -75 
2016-05-19 21:38:58.023888 -78 -71 -79 -68 -79 
2016-05-19 21:38:58.127898 -80 -67 -80 -75 -74 
2016-05-19 21:38:58.234909 -75 -76 -87 -68 -74 
2016-05-19 21:38:58.440939 -88 -79 -82 -71 -81 
2016-05-19 21:38:58.591958 -87 -69 -83 -75 -82 
2016-05-19 21:38:58.701973 -77 -68 -75 -70 -79 
2016-05-19 21:38:58.812987 -77 -71 -79 -74 -82 
2016-05-19 21:38:58.916001 -79 -75 -76 -67 -82 
2016-05-19 21:38:59.121027 -87 -70 -75 -72 -80 
2016-05-19 21:38:59.329058 -78 -64 -75 -71 -86 
2016-05-19 21:38:59.433069 -81 -68 -84 -68 -82 
2016-05-19 21:38:59.648096 -82 -65 -83 -70 -83 
2016-05-19 21:38:59.828119 -78 -63 -82 -66 -83 
2016-05-19 21:39:00.035144 -79 -72 -75 -79 -82 
2016-05-19 21:39:00.242173 -71 -73 -80 -69 -83 
2016-05-19 21:39:00.398194 -83 -67 -76 -71 -82 
2016-05-19 21:39:00.707234 -77 -72 -81 -78 -82 
2016-05-19 21:39:00.842251 -78 -73 -75 -78 -85 
2016-05-19 21:39:01.012276 -71 -67 -77 -81 -82 
2016-05-19 21:39:01.337317 -77 -68 -80 -72 -77 
2016-05-19 21:39:01.470332 -79 -73 -80 -69 -80 
2016-05-19 21:39:01.574351 -79 -78 -75 -77 -84 
2016-05-19 21:39:01.682361 -78 -71 -78 -82 -78 
2016-05-19 21:39:01.784378 -78 -76 -71 -75 -83 
2016-05-19 21:39:01.961399 -80 -70 -70 -71 -78 
2016-05-19 21:39:02.063411 -80 -70 -82 -83 -84 
2016-05-19 21:39:02.168425 -82 -71 -75 -76 -86 
2016-05-19 21:39:02.385451 -87 -77 -85 -71 -79 
2016-05-19 21:39:02.592480 -81 -71 -79 -71 -83 
2016-05-19 21:39:02.731500 -74 -65 -77 -77 -81 
2016-05-19 21:39:02.942527 -84 -64 -80 -69 -80 
2016-05-19 21:39:03.126551 -79 -65 -82 -72 -78 
2016-05-19 21:39:03.328577 -75 -64 -80 -69 -80 
2016-05-19 21:39:03.856646 -78 -68 -84 -75 -78 
2016-05-19 21:39:04.068706 -81 -75 -82 -79 -78 
466
