2016-05-19 23:40:20.990923 -62 -48 -64 -42 -65 
2016-05-19 23:40:21.162949 -62 -46 -55 -54 -61 
2016-05-19 23:40:21.297976 -67 -51 -52 -46 -62 
2016-05-19 23:40:21.396976 -61 -49 -68 -44 -59 
2016-05-19 23:40:21.585002 -62 -45 -53 -52 -64 
2016-05-19 23:40:21.789026 -64 -47 -62 -57 -64 
2016-05-19 23:40:21.897060 -57 -51 -51 -63 -60 
2016-05-19 23:40:22.004057 -71 -55 -57 -45 -54 
2016-05-19 23:40:22.105070 -57 -56 -52 -52 -60 
2016-05-19 23:40:22.212083 -57 -64 -63 -60 -59 
2016-05-19 23:40:22.334096 -61 -51 -72 -52 -53 
2016-05-19 23:40:22.442113 -54 -46 -64 -57 -69 
2016-05-19 23:40:22.636138 -66 -45 -71 -59 -65 
2016-05-19 23:40:23.048197 -60 -55 -64 -51 -68 
2016-05-19 23:40:23.326228 -58 -52 -63 -54 -63 
2016-05-19 23:40:23.431242 -55 -56 -62 -55 -62 
2016-05-19 23:40:23.591263 -60 -54 -53 -56 -68 
2016-05-19 23:40:23.776287 -53 -55 -54 -51 -58 
2016-05-19 23:40:23.882301 -54 -50 -50 -54 -55 
2016-05-19 23:40:23.991316 -55 -48 -57 -51 -54 
2016-05-19 23:40:24.097329 -55 -61 -54 -45 -64 
2016-05-19 23:40:24.205344 -56 -53 -59 -56 -59 
2016-05-19 23:40:24.411377 -49 -50 -66 -52 -57 
2016-05-19 23:40:24.515384 -54 -59 -55 -59 -54 
2016-05-19 23:40:24.626400 -57 -54 -66 -52 -51 
2016-05-19 23:40:24.740413 -57 -62 -58 -57 -54 
2016-05-19 23:40:24.846427 -62 -63 -66 -52 -69 
2016-05-19 23:40:25.054484 -58 -67 -56 -48 -53 
2016-05-19 23:40:25.158475 -53 -50 -52 -48 -55 
2016-05-19 23:40:25.361495 -59 -56 -55 -46 -50 
2016-05-19 23:40:25.465508 -58 -58 -50 -58 -60 
2016-05-19 23:40:25.576523 -64 -50 -50 -48 -53 
2016-05-19 23:40:25.692538 -59 -53 -51 -58 -56 
2016-05-19 23:40:25.873565 -52 -64 -55 -61 -55 
2016-05-19 23:40:26.114591 -52 -57 -54 -54 -54 
2016-05-19 23:40:26.324617 -58 -62 -54 -52 -59 
2016-05-19 23:40:26.506645 -50 -55 -63 -57 -54 
2016-05-19 23:40:26.717672 -54 -53 -61 -51 -58 
2016-05-19 23:40:26.822686 -60 -53 -62 -59 -64 
2016-05-19 23:40:27.033717 -50 -55 -52 -58 -69 
2016-05-19 23:40:27.142728 -49 -59 -53 -46 -67 
2016-05-19 23:40:27.418767 -51 -52 -58 -45 -51 
2016-05-19 23:40:27.572784 -56 -55 -63 -49 -54 
2016-05-19 23:40:27.728807 -52 -58 -55 -57 -57 
2016-05-19 23:40:27.891826 -53 -63 -66 -44 -52 
2016-05-19 23:40:28.090851 -54 -50 -60 -51 -51 
2016-05-19 23:40:28.191867 -59 -56 -68 -44 -52 
2016-05-19 23:40:28.304877 -45 -52 -54 -67 -52 
2016-05-19 23:40:28.478906 -52 -51 -54 -56 -53 
2016-05-19 23:40:28.571914 -48 -54 -48 -50 -59 
2016-05-19 23:40:28.796943 -52 -52 -51 -45 -62 
2016-05-19 23:40:29.110984 -50 -51 -54 -47 -62 
2016-05-19 23:40:29.326014 -58 -50 -53 -45 -61 
2016-05-19 23:40:29.532047 -59 -51 -56 -45 -62 
2016-05-19 23:40:29.742075 -51 -51 -56 -49 -60 
2016-05-19 23:40:29.945099 -57 -52 -51 -54 -56 
2016-05-19 23:40:30.155125 -59 -57 -48 -48 -57 
2016-05-19 23:40:30.269158 -53 -51 -59 -49 -66 
2016-05-19 23:40:30.390149 -54 -52 -50 -48 -64 
2016-05-19 23:40:30.497167 -53 -66 -59 -50 -63 
2016-05-19 23:40:30.704196 -54 -61 -51 -48 -67 
2016-05-19 23:40:30.813207 -54 -68 -53 -51 -74 
2016-05-19 23:40:30.919224 -62 -57 -60 -52 -63 
2016-05-19 23:40:31.017233 -53 -69 -58 -52 -71 
2016-05-19 23:40:31.124251 -55 -61 -55 -48 -62 
2016-05-19 23:40:31.333275 -52 -65 -59 -45 -60 
2016-05-19 23:40:31.434291 -52 -55 -63 -53 -55 
2016-05-19 23:40:31.547303 -54 -63 -57 -54 -57 
2016-05-19 23:40:31.968358 -53 -64 -63 -58 -61 
2016-05-19 23:40:32.073372 -67 -65 -59 -56 -59 
2016-05-19 23:40:32.178386 -50 -54 -55 -74 -60 
2016-05-19 23:40:32.283405 -52 -56 -54 -56 -62 
2016-05-19 23:40:32.448426 -49 -64 -54 -68 -59 
2016-05-19 23:40:32.653447 -55 -57 -52 -55 -63 
2016-05-19 23:40:32.808467 -49 -53 -52 -50 -57 
2016-05-19 23:40:32.911481 -50 -57 -54 -67 -58 
2016-05-19 23:40:33.104509 -48 -72 -55 -65 -60 
2016-05-19 23:40:33.211520 -54 -59 -56 -50 -60 
2016-05-19 23:40:33.335548 -51 -63 -52 -49 -57 
2016-05-19 23:40:33.441551 -50 -67 -61 -50 -58 
2016-05-19 23:40:33.558565 -55 -53 -51 -50 -56 
2016-05-19 23:40:33.833601 -50 -58 -58 -50 -59 
2016-05-19 23:40:33.935612 -63 -59 -57 -51 -65 
2016-05-19 23:40:34.046630 -51 -55 -54 -52 -64 
2016-05-19 23:40:34.150640 -48 -54 -60 -48 -59 
2016-05-19 23:40:34.252655 -51 -54 -60 -48 -60 
2016-05-19 23:40:34.354690 -64 -52 -61 -51 -60 
2016-05-19 23:40:34.491694 -51 -57 -58 -52 -59 
2016-05-19 23:40:34.597709 -63 -56 -54 -52 -60 
2016-05-19 23:40:34.775728 -51 -57 -52 -51 -58 
2016-05-19 23:40:34.886746 -51 -54 -56 -52 -60 
2016-05-19 23:40:34.993768 -51 -53 -60 -47 -60 
2016-05-19 23:40:35.207801 -52 -53 -64 -49 -59 
2016-05-19 23:40:35.314808 -52 -52 -57 -57 -60 
2016-05-19 23:40:35.420814 -54 -51 -57 -50 -58 
2016-05-19 23:40:35.526830 -52 -63 -54 -47 -61 
2016-05-19 23:40:35.657893 -55 -53 -67 -50 -59 
2016-05-19 23:40:35.838872 -52 -66 -64 -51 -58 
2016-05-19 23:40:35.918882 -54 -54 -56 -50 -80 
2016-05-19 23:40:36.026895 -51 -58 -51 -47 -54 
2016-05-19 23:40:36.235918 -58 -61 -59 -49 -57 
2016-05-19 23:40:36.336935 -51 -58 -58 -51 -61 
2016-05-19 23:40:36.496969 -53 -57 -53 -49 -64 
2016-05-19 23:40:36.699988 -63 -59 -54 -45 -69 
2016-05-19 23:40:36.893009 -61 -57 -57 -44 -61 
2016-05-19 23:40:37.099027 -71 -68 -62 -51 -65 
2016-05-19 23:40:37.202041 -70 -62 -62 -53 -66 
2016-05-19 23:40:37.305058 -75 -62 -83 -56 -66 
2016-05-19 23:40:37.410071 -73 -63 -66 -65 -64 
2016-05-19 23:40:37.606091 -67 -68 -65 -58 -72 
2016-05-19 23:40:37.755118 -56 -62 -60 -62 -67 
2016-05-19 23:40:38.021145 -80 -65 -67 -62 -69 
2016-05-19 23:40:38.126159 -55 -59 -61 -63 -64 
2016-05-19 23:40:38.230179 -65 -56 -68 -59 -62 
2016-05-19 23:40:38.439203 -60 -54 -66 -59 -66 
2016-05-19 23:40:38.640232 -62 -64 -60 -55 -67 
2016-05-19 23:40:39.222304 -64 -58 -70 -57 -65 
2016-05-19 23:40:39.390330 -64 -67 -66 -62 -63 
2016-05-19 23:40:39.496338 -57 -56 -73 -62 -60 
2016-05-19 23:40:39.708368 -62 -61 -70 -62 -62 
2016-05-19 23:40:39.811379 -57 -66 -65 -54 -65 
2016-05-19 23:40:39.914395 -58 -55 -69 -62 -58 
2016-05-19 23:40:40.016406 -70 -65 -59 -63 -68 
2016-05-19 23:40:40.117422 -60 -60 -65 -62 -55 
2016-05-19 23:40:40.636487 -58 -62 -70 -58 -64 
2016-05-19 23:40:40.743504 -67 -61 -62 -53 -58 
2016-05-19 23:40:40.853518 -58 -66 -68 -62 -68 
2016-05-19 23:40:41.053545 -58 -63 -71 -55 -59 
2016-05-19 23:40:41.157558 -57 -60 -60 -62 -69 
2016-05-19 23:40:41.256568 -60 -65 -61 -56 -64 
2016-05-19 23:40:41.361583 -65 -58 -59 -63 -71 
2016-05-19 23:40:41.505607 -61 -55 -59 -51 -71 
2016-05-19 23:40:41.777642 -75 -61 -68 -55 -70 
2016-05-19 23:40:41.983665 -60 -62 -74 -58 -69 
2016-05-19 23:40:42.196690 -58 -57 -68 -56 -60 
2016-05-19 23:40:42.300711 -58 -62 -64 -53 -58 
2016-05-19 23:40:42.410726 -59 -58 -59 -62 -70 
2016-05-19 23:40:42.624750 -58 -59 -60 -56 -57 
2016-05-19 23:40:42.792772 -61 -58 -71 -58 -60 
2016-05-19 23:40:42.940795 -61 -72 -61 -53 -62 
2016-05-19 23:40:43.048805 -59 -59 -59 -56 -88 
2016-05-19 23:40:43.149818 -62 -66 -73 -68 -58 
2016-05-19 23:40:43.427860 -60 -59 -60 -59 -63 
2016-05-19 23:40:43.604878 -63 -61 -63 -56 -66 
2016-05-19 23:40:43.811902 -64 -60 -62 -57 -68 
2016-05-19 23:40:43.984927 -64 -63 -68 -55 -59 
2016-05-19 23:40:44.093942 -59 -61 -60 -61 -63 
2016-05-19 23:40:44.193955 -64 -62 -70 -52 -70 
2016-05-19 23:40:44.298969 -59 -62 -65 -58 -65 
2016-05-19 23:40:44.505998 -63 -60 -62 -55 -66 
2016-05-19 23:40:44.819037 -61 -63 -70 -54 -71 
2016-05-19 23:40:44.953053 -64 -59 -60 -59 -68 
2016-05-19 23:40:45.164080 -67 -60 -65 -55 -67 
2016-05-19 23:40:45.270095 -65 -69 -65 -51 -63 
2016-05-19 23:40:45.376112 -63 -60 -61 -58 -68 
2016-05-19 23:40:45.583136 -66 -68 -63 -54 -63 
2016-05-19 23:40:45.792160 -65 -68 -65 -56 -68 
2016-05-19 23:40:45.896194 -56 -63 -67 -56 -59 
2016-05-19 23:40:46.108214 -56 -67 -67 -54 -76 
2016-05-19 23:40:46.408244 -69 -67 -63 -54 -66 
2016-05-19 23:40:46.546265 -57 -66 -63 -56 -75 
2016-05-19 23:40:46.854303 -61 -62 -64 -52 -66 
2016-05-19 23:40:47.026337 -56 -59 -63 -57 -68 
2016-05-19 23:40:47.241364 -60 -62 -63 -56 -71 
2016-05-19 23:40:47.347364 -64 -65 -62 -56 -60 
2016-05-19 23:40:47.454381 -72 -59 -67 -58 -73 
2016-05-19 23:40:47.570396 -71 -59 -64 -50 -65 
2016-05-19 23:40:47.778423 -74 -59 -70 -54 -69 
2016-05-19 23:40:48.086469 -67 -56 -59 -53 -66 
2016-05-19 23:40:48.295490 -66 -56 -59 -54 -63 
2016-05-19 23:40:48.493516 -60 -59 -77 -54 -65 
2016-05-19 23:40:48.595529 -59 -61 -58 -55 -67 
2016-05-19 23:40:48.735547 -64 -61 -60 -56 -67 
2016-05-19 23:40:48.948585 -62 -62 -69 -54 -67 
2016-05-19 23:40:49.153608 -61 -70 -69 -53 -66 
2016-05-19 23:40:49.256619 -59 -73 -65 -51 -78 
2016-05-19 23:40:49.654667 -67 -62 -60 -55 -64 
2016-05-19 23:40:49.764681 -59 -66 -59 -62 -63 
2016-05-19 23:40:49.891701 -54 -65 -66 -52 -63 
2016-05-19 23:40:50.065722 -58 -69 -57 -51 -66 
2016-05-19 23:40:50.214764 -57 -59 -65 -54 -65 
2016-05-19 23:40:50.384762 -61 -59 -64 -58 -62 
2016-05-19 23:40:50.592800 -66 -59 -61 -55 -64 
2016-05-19 23:40:50.700805 -58 -61 -68 -51 -74 
2016-05-19 23:40:51.018870 -60 -60 -68 -56 -70 
2016-05-19 23:40:51.121863 -58 -64 -60 -50 -57 
2016-05-19 23:40:51.228034 -62 -58 -59 -61 -70 
2016-05-19 23:40:51.371896 -62 -62 -60 -55 -54 
2016-05-19 23:40:51.475906 -58 -64 -60 -50 -69 
2016-05-19 23:40:51.653929 -63 -61 -64 -61 -71 
2016-05-19 23:40:51.751963 -63 -64 -61 -50 -55 
2016-05-19 23:40:51.955968 -65 -67 -60 -59 -68 
2016-05-19 23:40:52.166014 -59 -61 -60 -57 -72 
2016-05-19 23:40:52.265029 -57 -66 -60 -63 -71 
2016-05-19 23:40:52.516041 -67 -62 -64 -58 -64 
2016-05-19 23:40:52.624056 -59 -60 -59 -61 -57 
2016-05-19 23:40:52.727073 -64 -67 -59 -69 -76 
2016-05-19 23:40:52.831088 -63 -61 -60 -50 -58 
2016-05-19 23:40:52.939109 -60 -64 -60 -60 -69 
2016-05-19 23:40:53.042114 -62 -60 -68 -50 -55 
2016-05-19 23:40:53.150124 -58 -60 -60 -57 -67 
2016-05-19 23:40:53.260138 -60 -63 -69 -64 -54 
2016-05-19 23:40:53.437165 -68 -63 -60 -52 -57 
2016-05-19 23:40:53.563175 -71 -61 -63 -56 -69 
2016-05-19 23:40:53.672196 -61 -57 -59 -52 -58 
2016-05-19 23:40:53.828218 -68 -62 -68 -55 -68 
2016-05-19 23:40:53.982237 -68 -62 -63 -57 -69 
2016-05-19 23:40:54.190261 -65 -61 -59 -55 -65 
2016-05-19 23:40:54.296274 -57 -61 -75 -51 -68 
2016-05-19 23:40:54.401295 -67 -57 -59 -60 -70 
2016-05-19 23:40:54.551308 -58 -58 -66 -57 -57 
2016-05-19 23:40:54.655322 -58 -64 -59 -53 -76 
2016-05-19 23:40:54.756335 -58 -60 -66 -58 -63 
2016-05-19 23:40:54.860348 -58 -63 -57 -52 -59 
2016-05-19 23:40:54.965361 -58 -59 -78 -56 -74 
2016-05-19 23:40:55.097382 -58 -65 -71 -51 -63 
2016-05-19 23:40:55.198389 -58 -59 -60 -58 -76 
2016-05-19 23:40:55.297408 -58 -66 -66 -51 -61 
2016-05-19 23:40:55.404445 -64 -60 -60 -58 -80 
2016-05-19 23:40:55.548438 -63 -67 -66 -59 -61 
2016-05-19 23:40:55.650450 -59 -57 -62 -57 -81 
2016-05-19 23:40:55.808468 -65 -61 -65 -54 -74 
2016-05-19 23:40:55.917489 -58 -68 -74 -59 -60 
2016-05-19 23:40:56.087512 -59 -59 -68 -57 -73 
2016-05-19 23:40:56.290533 -57 -59 -69 -58 -82 
2016-05-19 23:40:56.397555 -58 -61 -61 -51 -60 
2016-05-19 23:40:56.497565 -57 -58 -77 -55 -84 
2016-05-19 23:40:56.650581 -65 -58 -61 -51 -61 
2016-05-19 23:40:56.809602 -57 -66 -60 -59 -62 
2016-05-19 23:40:56.912620 -59 -56 -64 -51 -63 
2016-05-19 23:40:57.020629 -62 -66 -75 -51 -81 
2016-05-19 23:40:57.231657 -62 -59 -72 -51 -63 
2016-05-19 23:40:57.370675 -60 -59 -63 -59 -61 
2016-05-19 23:40:57.476689 -57 -67 -61 -54 -73 
2016-05-19 23:40:57.582707 -60 -59 -65 -60 -59 
2016-05-19 23:40:57.795731 -58 -60 -62 -55 -67 
2016-05-19 23:40:57.904745 -56 -59 -60 -51 -64 
2016-05-19 23:40:58.013756 -61 -68 -73 -58 -60 
2016-05-19 23:40:58.113769 -57 -59 -60 -51 -63 
2016-05-19 23:40:58.217898 -59 -59 -69 -62 -60 
2016-05-19 23:40:58.327805 -61 -59 -62 -51 -64 
2016-05-19 23:40:58.842871 -59 -64 -70 -58 -63 
2016-05-19 23:40:59.087907 -60 -65 -65 -60 -62 
2016-05-19 23:40:59.265924 -59 -59 -64 -58 -58 
2016-05-19 23:40:59.471950 -61 -59 -71 -59 -63 
2016-05-19 23:40:59.609968 -59 -61 -64 -59 -59 
2016-05-19 23:40:59.719982 -57 -61 -69 -58 -71 
2016-05-19 23:40:59.826996 -61 -66 -64 -62 -58 
2016-05-19 23:40:59.951012 -58 -59 -65 -64 -68 
2016-05-19 23:41:00.317072 -61 -62 -65 -53 -63 
2016-05-19 23:41:00.424072 -60 -65 -60 -62 -65 
2016-05-19 23:41:00.735120 -59 -60 -67 -56 -69 
2016-05-19 23:41:00.839125 -60 -65 -59 -60 -57 
2016-05-19 23:41:00.945142 -57 -57 -69 -51 -76 
2016-05-19 23:41:01.153176 -58 -60 -70 -54 -65 
2016-05-19 23:41:01.259193 -59 -62 -59 -59 -58 
2016-05-19 23:41:01.363201 -58 -58 -69 -50 -72 
2016-05-19 23:41:01.467219 -62 -61 -60 -60 -57 
2016-05-19 23:41:01.664233 -60 -61 -61 -54 -59 
2016-05-19 23:41:01.877275 -62 -63 -66 -55 -59 
2016-05-19 23:41:02.001280 -62 -55 -60 -51 -77 
2016-05-19 23:41:02.102293 -63 -64 -59 -61 -55 
2016-05-19 23:41:02.212308 -56 -57 -60 -50 -68 
2016-05-19 23:41:02.321322 -62 -62 -72 -61 -54 
2016-05-19 23:41:02.500346 -59 -62 -60 -55 -66 
2016-05-19 23:41:02.780382 -61 -61 -65 -50 -63 
2016-05-19 23:41:02.888400 -57 -65 -60 -59 -55 
2016-05-19 23:41:02.996410 -57 -57 -69 -51 -69 
2016-05-19 23:41:03.098427 -62 -67 -62 -58 -57 
2016-05-19 23:41:03.370459 -59 -61 -62 -56 -66 
2016-05-19 23:41:03.588492 -58 -65 -66 -56 -64 
2016-05-19 23:41:03.790515 -57 -58 -61 -56 -65 
2016-05-19 23:41:03.896528 -57 -68 -71 -51 -73 
2016-05-19 23:41:04.036546 -62 -59 -60 -60 -63 
2016-05-19 23:41:04.244571 -59 -58 -77 -53 -60 
2016-05-19 23:41:04.347594 -57 -68 -73 -50 -59 
2016-05-19 23:41:04.452609 -62 -59 -61 -59 -65 
2016-05-19 23:41:04.663642 -63 -65 -64 -54 -67 
2016-05-19 23:41:04.870662 -68 -64 -60 -56 -63 
2016-05-19 23:41:05.058693 -58 -63 -68 -55 -69 
2016-05-19 23:41:05.442730 -59 -62 -68 -60 -69 
2016-05-19 23:41:05.579744 -60 -65 -68 -51 -59 
2016-05-19 23:41:05.681760 -63 -63 -59 -66 -68 
2016-05-19 23:41:05.831782 -59 -66 -69 -67 -73 
2016-05-19 23:41:05.985801 -61 -64 -70 -51 -60 
2016-05-19 23:41:06.192829 -60 -61 -70 -56 -68 
2016-05-19 23:41:06.324842 -57 -63 -60 -61 -67 
2016-05-19 23:41:06.424855 -64 -56 -71 -51 -77 
2016-05-19 23:41:06.527873 -78 -62 -60 -64 -69 
2016-05-19 23:41:06.634883 -63 -63 -71 -51 -72 
2016-05-19 23:41:06.735901 -70 -62 -59 -62 -58 
2016-05-19 23:41:06.844910 -63 -63 -69 -62 -72 
2016-05-19 23:41:06.975930 -60 -62 -59 -66 -58 
2016-05-19 23:41:07.139949 -67 -62 -63 -51 -73 
2016-05-19 23:41:07.455993 -59 -63 -82 -59 -61 
2016-05-19 23:41:07.568016 -60 -59 -63 -50 -58 
2016-05-19 23:41:07.774040 -61 -63 -62 -54 -58 
2016-05-19 23:41:08.055069 -61 -57 -62 -60 -68 
2016-05-19 23:41:08.191090 -62 -66 -73 -62 -58 
2016-05-19 23:41:08.292101 -65 -59 -64 -61 -66 
2016-05-19 23:41:08.473145 -65 -59 -68 -60 -75 
2016-05-19 23:41:08.579143 -59 -59 -65 -60 -62 
2016-05-19 23:41:08.734163 -58 -66 -65 -60 -70 
2016-05-19 23:41:08.870224 -65 -59 -61 -51 -75 
2016-05-19 23:41:09.059206 -58 -62 -74 -59 -67 
2016-05-19 23:41:09.166216 -65 -66 -81 -51 -59 
2016-05-19 23:41:09.370248 -65 -63 -65 -55 -70 
2016-05-19 23:41:09.479270 -57 -59 -75 -59 -76 
2016-05-19 23:41:09.583279 -65 -64 -71 -61 -66 
2016-05-19 23:41:09.793306 -65 -61 -65 -59 -69 
2016-05-19 23:41:10.000322 -58 -58 -70 -59 -66 
2016-05-19 23:41:10.317366 -61 -59 -60 -60 -63 
2016-05-19 23:41:10.416379 -56 -63 -65 -57 -76 
2016-05-19 23:41:10.521393 -61 -59 -61 -64 -59 
2016-05-19 23:41:10.623407 -57 -62 -64 -58 -77 
2016-05-19 23:41:10.932447 -58 -59 -74 -60 -68 
2016-05-19 23:41:11.038460 -66 -63 -62 -57 -67 
2016-05-19 23:41:11.142474 -61 -57 -85 -50 -64 
2016-05-19 23:41:11.246488 -55 -66 -62 -54 -66 
2016-05-19 23:41:11.355500 -69 -58 -70 -53 -62 
2016-05-19 23:41:11.562532 -55 -63 -67 -51 -67 
2016-05-19 23:41:11.771557 -62 -65 -81 -56 -66 
2016-05-19 23:41:11.955579 -56 -59 -67 -53 -58 
2016-05-19 23:41:12.057609 -68 -63 -63 -53 -62 
2016-05-19 23:41:12.218650 -63 -62 -67 -52 -62 
2016-05-19 23:41:12.375632 -56 -63 -80 -54 -59 
2016-05-19 23:41:12.482650 -61 -58 -63 -59 -66 
2016-05-19 23:41:12.587663 -56 -62 -69 -52 -60 
2016-05-19 23:41:12.793690 -66 -63 -69 -52 -66 
2016-05-19 23:41:12.897704 -66 -60 -69 -54 -65 
2016-05-19 23:41:13.033721 -62 -62 -68 -53 -70 
2016-05-19 23:41:13.635797 -62 -63 -73 -51 -62 
2016-05-19 23:41:13.840823 -60 -63 -65 -53 -61 
2016-05-19 23:41:13.941840 -66 -63 -61 -52 -68 
2016-05-19 23:41:14.083858 -67 -60 -62 -51 -60 
2016-05-19 23:41:14.290882 -68 -64 -75 -52 -62 
2016-05-19 23:41:14.392899 -54 -52 -69 -52 -58 
2016-05-19 23:41:14.495910 -65 -68 -62 -54 -71 
2016-05-19 23:41:14.602926 -55 -62 -60 -52 -62 
2016-05-19 23:41:14.775947 -64 -54 -65 -56 -66 
2016-05-19 23:41:14.956977 -63 -67 -62 -56 -67 
2016-05-19 23:41:15.059989 -65 -59 -72 -59 -65 
2016-05-19 23:41:15.227008 -71 -61 -68 -52 -62 
2016-05-19 23:41:15.332021 -59 -59 -67 -52 -68 
2016-05-19 23:41:15.443036 -56 -60 -61 -51 -65 
2016-05-19 23:41:15.545053 -59 -60 -71 -52 -65 
2016-05-19 23:41:15.732074 -55 -61 -69 -54 -62 
2016-05-19 23:41:15.946099 -58 -62 -69 -56 -63 
2016-05-19 23:41:16.050118 -60 -69 -67 -51 -58 
2016-05-19 23:41:16.158130 -55 -60 -69 -52 -65 
2016-05-19 23:41:16.304148 -58 -77 -69 -51 -62 
2016-05-19 23:41:16.507175 -59 -74 -66 -51 -58 
2016-05-19 23:41:16.610192 -62 -61 -61 -58 -67 
2016-05-19 23:41:16.813215 -57 -67 -70 -57 -62 
2016-05-19 23:41:16.920233 -63 -63 -67 -50 -59 
2016-05-19 23:41:17.231266 -58 -61 -66 -53 -62 
2016-05-19 23:41:17.334282 -69 -63 -73 -50 -70 
2016-05-19 23:41:17.440300 -60 -60 -62 -54 -62 
2016-05-19 23:41:17.593316 -70 -63 -69 -54 -71 
2016-05-19 23:41:17.803343 -70 -69 -65 -53 -64 
2016-05-19 23:41:17.958365 -67 -67 -65 -51 -63 
2016-05-19 23:41:18.151387 -63 -61 -61 -52 -64 
2016-05-19 23:41:18.275409 -63 -63 -71 -53 -60 
2016-05-19 23:41:18.385424 -55 -59 -74 -49 -66 
2016-05-19 23:41:18.487433 -64 -63 -61 -53 -59 
2016-05-19 23:41:18.647455 -55 -59 -78 -53 -66 
2016-05-19 23:41:18.748467 -64 -62 -60 -49 -60 
2016-05-19 23:41:18.847480 -55 -68 -80 -51 -65 
2016-05-19 23:41:18.956492 -63 -62 -61 -49 -63 
2016-05-19 23:41:19.109515 -70 -62 -60 -53 -59 
2016-05-19 23:41:19.314542 -58 -60 -71 -50 -60 
2016-05-19 23:41:19.417555 -66 -66 -77 -51 -65 
2016-05-19 23:41:19.627583 -64 -65 -73 -51 -62 
2016-05-19 23:41:19.864613 -60 -62 -70 -54 -57 
2016-05-19 23:41:19.965631 -66 -62 -72 -63 -68 
2016-05-19 23:41:20.072641 -62 -60 -60 -55 -64 
2016-05-19 23:41:20.484695 -64 -60 -67 -56 -71 
2016-05-19 23:41:20.586705 -62 -63 -66 -52 -60 
2016-05-19 23:41:20.693722 -65 -63 -84 -51 -65 
2016-05-19 23:41:20.795739 -62 -60 -72 -54 -60 
2016-05-19 23:41:20.899749 -64 -67 -71 -59 -64 
2016-05-19 23:41:21.011761 -65 -61 -67 -54 -62 
2016-05-19 23:41:21.114776 -54 -67 -61 -53 -61 
2016-05-19 23:41:21.213790 -69 -61 -80 -56 -62 
2016-05-19 23:41:21.411816 -59 -61 -66 -58 -63 
2016-05-19 23:41:21.509829 -63 -62 -73 -61 -59 
2016-05-19 23:41:21.612842 -55 -63 -61 -63 -66 
2016-05-19 23:41:21.736857 -59 -68 -62 -60 -65 
2016-05-19 23:41:21.840875 -67 -58 -59 -58 -62 
2016-05-19 23:41:22.133911 -67 -59 -65 -59 -65 
2016-05-19 23:41:22.336933 -59 -64 -65 -60 -70 
2016-05-19 23:41:22.619973 -65 -68 -64 -61 -62 
2016-05-19 23:41:22.877005 -61 -72 -64 -67 -62 
2016-05-19 23:41:23.082032 -60 -71 -67 -64 -62 
2016-05-19 23:41:23.186051 -55 -62 -65 -56 -63 
2016-05-19 23:41:23.325067 -67 -80 -65 -63 -66 
2016-05-19 23:41:23.530091 -59 -67 -65 -61 -65 
2016-05-19 23:41:23.633105 -54 -65 -64 -58 -64 
2016-05-19 23:41:23.818136 -67 -61 -67 -57 -64 
2016-05-19 23:41:24.010155 -63 -59 -67 -56 -63 
2016-05-19 23:41:24.132168 -57 -62 -70 -65 -69 
2016-05-19 23:41:24.236188 -69 -66 -69 -58 -61 
2016-05-19 23:41:24.344206 -63 -68 -63 -71 -69 
2016-05-19 23:41:24.551237 -67 -66 -65 -59 -62 
2016-05-19 23:41:24.654246 -67 -64 -63 -57 -67 
2016-05-19 23:41:24.757256 -62 -59 -65 -58 -65 
2016-05-19 23:41:24.860274 -66 -63 -62 -54 -68 
2016-05-19 23:41:25.045298 -59 -60 -64 -58 -67 
2016-05-19 23:41:25.244323 -62 -62 -62 -67 -61 
2016-05-19 23:41:25.346342 -68 -63 -64 -58 -67 
2016-05-19 23:41:25.455351 -58 -61 -66 -58 -61 
2016-05-19 23:41:25.670379 -69 -62 -68 -55 -68 
2016-05-19 23:41:25.774394 -66 -62 -63 -64 -57 
2016-05-19 23:41:25.885408 -58 -67 -63 -68 -68 
2016-05-19 23:41:25.993422 -65 -62 -62 -65 -63 
2016-05-19 23:41:26.202445 -65 -62 -63 -65 -57 
2016-05-19 23:41:26.384472 -69 -64 -62 -71 -71 
2016-05-19 23:41:26.626510 -67 -67 -63 -68 -62 
2016-05-19 23:41:26.741524 -64 -65 -65 -75 -72 
2016-05-19 23:41:26.846537 -68 -60 -61 -70 -62 
2016-05-19 23:41:26.946553 -63 -63 -72 -76 -59 
2016-05-19 23:41:27.053561 -59 -61 -60 -71 -71 
2016-05-19 23:41:27.260592 -64 -62 -75 -69 -62 
2016-05-19 23:41:27.443614 -59 -62 -77 -76 -63 
2016-05-19 23:41:27.551629 -66 -64 -75 -71 -57 
2016-05-19 23:41:27.765652 -64 -64 -66 -65 -59 
2016-05-19 23:41:27.867663 -57 -65 -64 -70 -69 
2016-05-19 23:41:27.992679 -64 -63 -66 -68 -58 
2016-05-19 23:41:28.094697 -68 -65 -64 -64 -66 
2016-05-19 23:41:28.199710 -65 -62 -67 -69 -59 
2016-05-19 23:41:28.509751 -60 -61 -65 -62 -62 
2016-05-19 23:41:28.616769 -66 -63 -66 -70 -64 
2016-05-19 23:41:28.718798 -57 -69 -65 -69 -60 
2016-05-19 23:41:28.828792 -64 -63 -62 -70 -68 
2016-05-19 23:41:29.038813 -60 -64 -63 -69 -64 
2016-05-19 23:41:29.144825 -57 -61 -66 -64 -62 
2016-05-19 23:41:29.267842 -64 -62 -60 -68 -63 
2016-05-19 23:41:29.372863 -57 -68 -68 -64 -68 
2016-05-19 23:41:29.481881 -65 -61 -65 -68 -63 
2016-05-19 23:41:29.625898 -57 -65 -65 -65 -64 
2016-05-19 23:41:29.731913 -65 -61 -79 -68 -72 
2016-05-19 23:41:29.833922 -73 -63 -63 -64 -61 
2016-05-19 23:41:29.987946 -69 -62 -81 -64 -76 
2016-05-19 23:41:30.192971 -61 -60 -62 -63 -63 
2016-05-19 23:41:30.319018 -65 -60 -78 -66 -67 
2016-05-19 23:41:30.408000 -56 -62 -65 -62 -74 
2016-05-19 23:41:30.553017 -64 -60 -64 -67 -65 
2016-05-19 23:41:30.761043 -60 -61 -75 -64 -70 
2016-05-19 23:41:30.864050 -68 -61 -64 -66 -75 
2016-05-19 23:41:31.000068 -69 -62 -61 -67 -65 
2016-05-19 23:41:31.102082 -57 -60 -59 -66 -76 
2016-05-19 23:41:31.203094 -65 -62 -75 -68 -65 
2016-05-19 23:41:31.394119 -69 -63 -61 -66 -65 
2016-05-19 23:41:31.510134 -69 -63 -59 -68 -62 
2016-05-19 23:41:31.619150 -57 -62 -72 -75 -67 
2016-05-19 23:41:31.930189 -64 -65 -65 -72 -65 
2016-05-19 23:41:32.118215 -57 -61 -62 -64 -63 
2016-05-19 23:41:32.221228 -65 -62 -69 -66 -65 
2016-05-19 23:41:32.352245 -61 -65 -65 -83 -61 
2016-05-19 23:41:32.538269 -58 -64 -65 -65 -61 
2016-05-19 23:41:32.641282 -65 -63 -66 -64 -67 
2016-05-19 23:41:32.936363 -63 -61 -65 -74 -65 
2016-05-19 23:41:33.035341 -66 -64 -60 -70 -55 
2016-05-19 23:41:33.232356 -71 -64 -62 -74 -65 
2016-05-19 23:41:33.404382 -63 -62 -71 -64 -61 
2016-05-19 23:41:33.616417 -68 -65 -67 -75 -65 
2016-05-19 23:41:33.762440 -67 -60 -70 -68 -68 
2016-05-19 23:41:33.962458 -69 -63 -67 -63 -72 
2016-05-19 23:41:34.065481 -74 -61 -67 -63 -69 
2016-05-19 23:41:34.276500 -63 -64 -65 -64 -63 
2016-05-19 23:41:34.450521 -72 -62 -63 -63 -67 
2016-05-19 23:41:34.640544 -72 -58 -61 -68 -62 
2016-05-19 23:41:34.857569 -55 -63 -61 -68 -62 
2016-05-19 23:41:35.066603 -75 -66 -60 -65 -63 
2016-05-19 23:41:35.170612 -71 -60 -62 -62 -60 
2016-05-19 23:41:35.370639 -68 -64 -60 -59 -67 
2016-05-19 23:41:35.481683 -57 -59 -66 -59 -73 
2016-05-19 23:41:35.588670 -70 -67 -62 -63 -60 
2016-05-19 23:41:35.697679 -57 -63 -57 -63 -70 
2016-05-19 23:41:35.916714 -71 -60 -60 -71 -64 
2016-05-19 23:41:36.177742 -64 -60 -64 -60 -70 
2016-05-19 23:41:36.281761 -55 -60 -66 -68 -59 
2016-05-19 23:41:36.387769 -80 -57 -63 -54 -64 
2016-05-19 23:41:36.495785 -55 -64 -65 -60 -60 
2016-05-19 23:41:36.600800 -78 -57 -62 -54 -65 
2016-05-19 23:41:36.706817 -55 -58 -58 -58 -72 
2016-05-19 23:41:36.815830 -72 -66 -65 -58 -65 
2016-05-19 23:41:36.956848 -56 -66 -61 -57 -68 
2016-05-19 23:41:37.063860 -74 -65 -66 -54 -62 
2016-05-19 23:41:37.272885 -60 -67 -63 -60 -62 
2016-05-19 23:41:37.482932 -70 -60 -72 -61 -62 
2016-05-19 23:41:37.588929 -57 -63 -58 -59 -66 
2016-05-19 23:41:37.688942 -67 -57 -68 -58 -60 
2016-05-19 23:41:37.889997 -64 -59 -63 -55 -65 
2016-05-19 23:41:38.098995 -58 -57 -60 -54 -65 
2016-05-19 23:41:38.206009 -62 -62 -76 -62 -66 
2016-05-19 23:41:38.416044 -63 -62 -60 -60 -65 
2016-05-19 23:41:38.620075 -59 -61 -63 -58 -66 
2016-05-19 23:41:38.724083 -67 -62 -62 -56 -73 
2016-05-19 23:41:38.830091 -60 -65 -65 -52 -73 
2016-05-19 23:41:38.938109 -71 -64 -60 -56 -72 
2016-05-19 23:41:39.044127 -59 -57 -68 -51 -76 
2016-05-19 23:41:39.148150 -69 -64 -60 -58 -66 
2016-05-19 23:41:39.253143 -63 -62 -66 -54 -70 
2016-05-19 23:41:39.679214 -61 -59 -61 -53 -67 
2016-05-19 23:41:39.854263 -65 -59 -61 -48 -64 
2016-05-19 23:41:39.977393 -61 -60 -61 -52 -75 
2016-05-19 23:41:40.285281 -56 -61 -69 -51 -66 
2016-05-19 23:41:40.473302 -65 -61 -66 -63 -60 
2016-05-19 23:41:40.607327 -66 -58 -60 -59 -68 
2016-05-19 23:41:40.820351 -55 -61 -69 -57 -64 
2016-05-19 23:41:41.027384 -65 -66 -71 -66 -63 
2016-05-19 23:41:41.133388 -54 -60 -68 -56 -61 
2016-05-19 23:41:41.357424 -61 -61 -69 -65 -64 
2016-05-19 23:41:41.558444 -63 -61 -66 -60 -60 
2016-05-19 23:41:41.970501 -67 -63 -64 -54 -62 
2016-05-19 23:41:42.183529 -58 -59 -65 -56 -65 
2016-05-19 23:41:42.288544 -67 -64 -67 -68 -66 
2016-05-19 23:41:42.494569 -72 -61 -64 -57 -60 
2016-05-19 23:41:42.811611 -65 -62 -66 -57 -62 
2016-05-19 23:41:42.919624 -65 -60 -67 -62 -67 
2016-05-19 23:41:43.100648 -65 -63 -64 -55 -65 
2016-05-19 23:41:43.199661 -54 -59 -69 -63 -60 
2016-05-19 23:41:43.307676 -66 -65 -66 -56 -65 
2016-05-19 23:41:43.520703 -67 -60 -64 -52 -71 
2016-05-19 23:41:43.629718 -56 -61 -67 -54 -59 
2016-05-19 23:41:43.733731 -68 -63 -60 -65 -67 
2016-05-19 23:41:43.870749 -54 -57 -69 -61 -65 
2016-05-19 23:41:43.972763 -71 -63 -61 -54 -69 
2016-05-19 23:41:44.156788 -61 -67 -67 -66 -64 
2016-05-19 23:41:44.367824 -60 -68 -64 -67 -71 
2016-05-19 23:41:44.475835 -64 -59 -67 -52 -68 
2016-05-19 23:41:44.580849 -67 -68 -60 -54 -60 
2016-05-19 23:41:44.682864 -65 -61 -62 -54 -61 
2016-05-19 23:41:44.830882 -63 -65 -60 -61 -59 
2016-05-19 23:41:45.190947 -59 -66 -66 -62 -62 
2016-05-19 23:41:45.299949 -66 -64 -59 -71 -69 
2016-05-19 23:41:45.396948 -54 -63 -66 -52 -60 
2016-05-19 23:41:45.498963 -65 -66 -59 -56 -64 
2016-05-19 23:41:45.678986 -66 -61 -70 -58 -63 
2016-05-19 23:41:45.853009 -58 -65 -61 -64 -64 
2016-05-19 23:41:45.954021 -56 -59 -66 -53 -68 
2016-05-19 23:41:46.061035 -62 -63 -59 -56 -64 
2016-05-19 23:41:46.274068 -60 -61 -63 -55 -70 
2016-05-19 23:41:46.378078 -64 -59 -69 -54 -69 
2016-05-19 23:41:46.511094 -66 -62 -70 -52 -73 
2016-05-19 23:41:46.743125 -60 -61 -67 -58 -67 
2016-05-19 23:41:46.850138 -56 -62 -83 -52 -66 
2016-05-19 23:41:46.952151 -68 -58 -62 -69 -57 
2016-05-19 23:41:47.060167 -56 -63 -64 -56 -70 
2016-05-19 23:41:47.261192 -57 -59 -68 -64 -69 
2016-05-19 23:41:47.365206 -62 -63 -60 -59 -58 
2016-05-19 23:41:47.469228 -62 -61 -68 -52 -70 
2016-05-19 23:41:47.635248 -61 -63 -64 -52 -61 
2016-05-19 23:41:47.740255 -63 -61 -69 -54 -57 
2016-05-19 23:41:47.891274 -65 -57 -74 -52 -65 
2016-05-19 23:41:47.998290 -72 -57 -62 -53 -59 
2016-05-19 23:41:48.100302 -60 -59 -68 -54 -66 
2016-05-19 23:41:48.263323 -57 -60 -62 -49 -65 
2016-05-19 23:41:48.583366 -64 -60 -64 -53 -64 
2016-05-19 23:41:48.795392 -68 -59 -68 -55 -62 
2016-05-19 23:41:48.917409 -71 -60 -66 -47 -62 
2016-05-19 23:41:49.056426 -79 -59 -78 -52 -67 
2016-05-19 23:41:49.212447 -63 -60 -59 -53 -66 
2016-05-19 23:41:49.320463 -58 -57 -74 -53 -62 
2016-05-19 23:41:49.631509 -60 -58 -65 -53 -65 
2016-05-19 23:41:49.735554 -67 -56 -74 -54 -73 
2016-05-19 23:41:49.950552 -56 -59 -63 -55 -78 
2016-05-19 23:41:50.155578 -58 -59 -63 -54 -69 
2016-05-19 23:41:50.363607 -57 -60 -69 -52 -66 
2016-05-19 23:41:50.571624 -59 -61 -65 -54 -73 
2016-05-19 23:41:50.677638 -63 -61 -62 -52 -70 
2016-05-19 23:41:50.836659 -57 -62 -62 -52 -63 
2016-05-19 23:41:50.942673 -65 -62 -67 -51 -67 
2016-05-19 23:41:51.075690 -59 -63 -62 -51 -68 
2016-05-19 23:41:51.288720 -67 -59 -63 -52 -70 
2016-05-19 23:41:51.392731 -64 -66 -69 -57 -65 
2016-05-19 23:41:51.496745 -55 -57 -66 -52 -69 
2016-05-19 23:41:51.600759 -67 -57 -77 -56 -70 
2016-05-19 23:41:51.757779 -60 -57 -62 -54 -71 
2016-05-19 23:41:51.910799 -56 -61 -64 -60 -68 
2016-05-19 23:41:52.090823 -63 -59 -63 -60 -72 
2016-05-19 23:41:52.194837 -65 -58 -61 -63 -67 
2016-05-19 23:41:52.299852 -56 -61 -65 -54 -72 
2016-05-19 23:41:52.433869 -65 -59 -61 -62 -71 
2016-05-19 23:41:52.644896 -55 -58 -63 -65 -66 
2016-05-19 23:41:52.839921 -59 -58 -67 -62 -67 
2016-05-19 23:41:52.944935 -63 -58 -67 -65 -71 
2016-05-19 23:41:53.149961 -63 -59 -59 -65 -67 
2016-05-19 23:41:53.252974 -64 -58 -68 -60 -69 
2016-05-19 23:41:53.358990 -63 -62 -66 -59 -66 
2016-05-19 23:41:53.585020 -63 -58 -61 -59 -69 
2016-05-19 23:41:54.002072 -60 -58 -61 -61 -68 
2016-05-19 23:41:54.215112 -60 -58 -61 -58 -66 
2016-05-19 23:41:54.317113 -55 -55 -63 -66 -68 
2016-05-19 23:41:54.565146 -60 -58 -60 -53 -73 
2016-05-19 23:41:54.636156 -67 -60 -58 -53 -65 
2016-05-19 23:41:54.744170 -56 -56 -62 -58 -71 
2016-05-19 23:41:54.941195 -57 -59 -62 -51 -62 
2016-05-19 23:41:55.155224 -68 -60 -64 -52 -68 
2016-05-19 23:41:55.463264 -62 -62 -60 -53 -66 
2016-05-19 23:41:55.571278 -63 -54 -61 -54 -65 
2016-05-19 23:41:55.675297 -66 -60 -60 -52 -69 
2016-05-19 23:41:55.781305 -55 -54 -62 -50 -68 
2016-05-19 23:41:55.995333 -59 -59 -59 -52 -65 
2016-05-19 23:41:56.101346 -65 -60 -66 -50 -69 
2016-05-19 23:41:56.365381 -59 -60 -66 -54 -62 
2016-05-19 23:41:56.473397 -65 -62 -62 -57 -68 
2016-05-19 23:41:56.580409 -64 -61 -66 -51 -69 
2016-05-19 23:41:56.837443 -63 -60 -61 -50 -63 
610
