2016-05-19 21:31:23.799569 -78 -72 -84 -76 -77 
2016-05-19 21:31:23.904581 -80 -73 -75 -76 -80 
2016-05-19 21:31:24.005586 -80 -72 -82 -73 -70 
2016-05-19 21:31:24.123605 -81 -75 -83 -76 -73 
2016-05-19 21:31:24.229624 -79 -79 -75 -69 -77 
2016-05-19 21:31:24.337633 -83 -84 -77 -76 -75 
2016-05-19 21:31:24.545658 -77 -82 -76 -75 -73 
2016-05-19 21:31:24.950711 -83 -87 -79 -77 -75 
2016-05-19 21:31:25.264759 -77 -74 -78 -76 -72 
2016-05-19 21:31:25.369772 -81 -73 -75 -69 -68 
2016-05-19 21:31:25.559798 -75 -81 -86 -70 -70 
2016-05-19 21:31:25.691818 -77 -78 -83 -71 -67 
2016-05-19 21:31:25.989854 -84 -79 -74 -67 -70 
2016-05-19 21:31:26.094868 -83 -72 -86 -70 -71 
2016-05-19 21:31:26.208878 -78 -92 -75 -73 -70 
2016-05-19 21:31:26.313892 -81 -73 -88 -65 -71 
2016-05-19 21:31:26.830956 -89 -77 -79 -70 -69 
2016-05-19 21:31:27.047987 -77 -72 -80 -71 -69 
2016-05-19 21:31:27.150998 -78 -71 -78 -65 -70 
2016-05-19 21:31:27.258016 -79 -73 -83 -68 -70 
2016-05-19 21:31:27.470038 -77 -75 -87 -67 -71 
2016-05-19 21:31:27.680067 -75 -70 -75 -69 -72 
2016-05-19 21:31:27.783077 -81 -73 -84 -75 -72 
2016-05-19 21:31:27.890093 -76 -81 -77 -68 -72 
2016-05-19 21:31:27.997104 -80 -71 -78 -75 -70 
2016-05-19 21:31:28.103117 -79 -74 -80 -68 -70 
2016-05-19 21:31:28.407157 -75 -72 -76 -68 -70 
2016-05-19 21:31:28.518171 -82 -73 -78 -74 -69 
2016-05-19 21:31:28.722199 -82 -70 -80 -71 -68 
2016-05-19 21:31:28.948230 -77 -72 -78 -72 -69 
2016-05-19 21:31:29.056243 -83 -68 -80 -69 -70 
2016-05-19 21:31:29.248267 -81 -73 -75 -69 -70 
2016-05-19 21:31:29.352281 -79 -71 -78 -74 -70 
2016-05-19 21:31:29.456291 -81 -72 -81 -69 -71 
2016-05-19 21:31:29.586308 -78 -72 -82 -68 -70 
2016-05-19 21:31:29.768335 -79 -72 -78 -68 -71 
2016-05-19 21:31:29.950363 -83 -71 -81 -70 -70 
2016-05-19 21:31:30.057374 -82 -69 -77 -68 -69 
2016-05-19 21:31:30.301408 -81 -71 -78 -71 -71 
2016-05-19 21:31:30.406422 -78 -74 -79 -75 -71 
2016-05-19 21:31:30.614453 -82 -72 -83 -68 -71 
2016-05-19 21:31:30.829481 -82 -73 -78 -71 -71 
2016-05-19 21:31:31.025511 -80 -72 -80 -70 -71 
2016-05-19 21:31:31.131517 -81 -74 -77 -75 -72 
2016-05-19 21:31:31.232534 -81 -70 -76 -69 -71 
2016-05-19 21:31:31.352549 -83 -71 -77 -75 -71 
2016-05-19 21:31:31.456560 -88 -69 -80 -69 -71 
2016-05-19 21:31:31.660594 -83 -72 -81 -72 -72 
2016-05-19 21:31:31.767603 -87 -71 -76 -77 -71 
2016-05-19 21:31:31.870622 -82 -72 -84 -68 -71 
2016-05-19 21:31:32.080649 -80 -71 -82 -71 -69 
2016-05-19 21:31:32.184658 -86 -71 -78 -75 -71 
2016-05-19 21:31:32.293676 -80 -75 -82 -69 -71 
2016-05-19 21:31:32.598712 -81 -72 -74 -71 -70 
2016-05-19 21:31:32.699724 -80 -78 -78 -68 -71 
2016-05-19 21:31:33.005770 -83 -73 -76 -72 -70 
2016-05-19 21:31:33.189789 -90 -73 -78 -69 -71 
2016-05-19 21:31:33.329808 -81 -73 -80 -69 -70 
2016-05-19 21:31:33.431818 -84 -72 -80 -70 -71 
2016-05-19 21:31:33.640845 -86 -72 -77 -69 -70 
2016-05-19 21:31:33.745858 -81 -75 -80 -68 -70 
2016-05-19 21:31:33.954882 -80 -74 -77 -73 -70 
2016-05-19 21:31:34.237920 -87 -74 -80 -68 -70 
2016-05-19 21:31:34.392969 -81 -71 -85 -75 -70 
2016-05-19 21:31:34.485955 -77 -73 -77 -77 -68 
2016-05-19 21:31:34.651970 -75 -76 -89 -72 -69 
2016-05-19 21:31:34.789991 -77 -77 -73 -70 -71 
2016-05-19 21:31:34.964013 -76 -80 -76 -75 -68 
2016-05-19 21:31:35.109032 -76 -74 -71 -74 -67 
2016-05-19 21:31:35.217044 -83 -75 -72 -72 -76 
2016-05-19 21:31:35.380075 -80 -78 -67 -69 -74 
2016-05-19 21:31:35.585102 -75 -82 -75 -67 -75 
2016-05-19 21:31:35.687112 -76 -80 -70 -87 -86 
2016-05-19 21:31:35.791134 -71 -73 -76 -73 -74 
2016-05-19 21:31:35.895142 -71 -75 -78 -73 -87 
2016-05-19 21:31:36.006162 -69 -72 -77 -70 -77 
2016-05-19 21:31:36.414211 -76 -69 -77 -80 -86 
2016-05-19 21:31:36.521229 -74 -77 -73 -73 -78 
2016-05-19 21:31:36.627235 -70 -75 -70 -82 -75 
2016-05-19 21:31:36.788259 -70 -82 -77 -83 -81 
2016-05-19 21:31:36.998286 -69 -79 -73 -75 -76 
2016-05-19 21:31:37.104300 -75 -78 -73 -73 -72 
2016-05-19 21:31:37.211320 -68 -76 -73 -79 -71 
2016-05-19 21:31:37.319328 -72 -74 -75 -76 -70 
2016-05-19 21:31:37.481355 -85 -76 -76 -77 -72 
2016-05-19 21:31:37.588375 -70 -78 -69 -80 -71 
2016-05-19 21:31:37.691382 -76 -80 -78 -81 -72 
2016-05-19 21:31:37.892401 -79 -79 -72 -77 -75 
2016-05-19 21:31:38.084428 -80 -80 -75 -79 -72 
2016-05-19 21:31:38.734513 -76 -81 -71 -75 -68 
2016-05-19 21:31:38.891539 -75 -75 -75 -81 -80 
2016-05-19 21:31:39.099561 -75 -73 -75 -78 -74 
2016-05-19 21:31:39.358594 -74 -77 -77 -82 -77 
2016-05-19 21:31:39.468610 -70 -81 -73 -73 -77 
2016-05-19 21:31:39.622636 -72 -76 -71 -81 -73 
2016-05-19 21:31:39.815654 -77 -74 -74 -76 -74 
2016-05-19 21:31:40.001684 -77 -81 -72 -74 -80 
2016-05-19 21:31:40.112695 -72 -76 -74 -75 -72 
2016-05-19 21:31:40.217704 -86 -81 -70 -75 -83 
2016-05-19 21:31:40.449739 -73 -74 -73 -75 -72 
2016-05-19 21:31:40.644772 -83 -84 -73 -84 -71 
2016-05-19 21:31:40.960805 -76 -76 -73 -82 -71 
2016-05-19 21:31:41.065818 -74 -75 -74 -75 -74 
2016-05-19 21:31:41.169832 -77 -75 -75 -79 -69 
2016-05-19 21:31:41.293848 -74 -78 -74 -75 -74 
2016-05-19 21:31:41.505876 -73 -80 -75 -78 -68 
2016-05-19 21:31:41.791918 -73 -70 -86 -76 -70 
2016-05-19 21:31:42.006945 -75 -78 -81 -76 -74 
2016-05-19 21:31:42.114955 -79 -81 -83 -76 -77 
2016-05-19 21:31:42.433998 -79 -79 -78 -78 -69 
2016-05-19 21:31:42.539011 -78 -85 -83 -81 -80 
2016-05-19 21:31:42.642028 -79 -75 -77 -72 -75 
2016-05-19 21:31:42.950064 -79 -80 -76 -74 -74 
2016-05-19 21:31:43.264105 -83 -77 -78 -78 -76 
2016-05-19 21:31:43.461151 -80 -79 -78 -75 -78 
2016-05-19 21:31:43.564138 -77 -72 -89 -84 -76 
2016-05-19 21:31:43.675152 -87 -73 -83 -76 -77 
2016-05-19 21:31:43.888177 -73 -74 -81 -77 -77 
2016-05-19 21:31:44.099206 -72 -75 -84 -80 -76 
2016-05-19 21:31:44.306234 -75 -75 -82 -79 -75 
2016-05-19 21:31:44.409247 -73 -77 -80 -80 -85 
2016-05-19 21:31:44.810300 -72 -74 -79 -88 -76 
2016-05-19 21:31:44.938314 -74 -75 -79 -74 -75 
2016-05-19 21:31:45.052335 -77 -82 -88 -78 -76 
2016-05-19 21:31:45.156345 -74 -76 -76 -72 -85 
2016-05-19 21:31:45.274361 -80 -74 -83 -83 -84 
2016-05-19 21:31:45.405385 -76 -86 -82 -76 -81 
2016-05-19 21:31:45.513410 -83 -73 -85 -80 -81 
2016-05-19 21:31:45.730427 -81 -79 -77 -85 -81 
2016-05-19 21:31:45.873443 -74 -75 -82 -75 -78 
2016-05-19 21:31:45.977464 -78 -76 -88 -83 -83 
2016-05-19 21:31:46.085475 -73 -74 -85 -77 -76 
2016-05-19 21:31:46.212494 -76 -74 -89 -77 -82 
2016-05-19 21:31:46.416521 -76 -74 -77 -76 -86 
2016-05-19 21:31:46.521531 -73 -76 -80 -76 -78 
2016-05-19 21:31:46.626545 -77 -76 -79 -78 -76 
2016-05-19 21:31:47.049600 -77 -78 -81 -76 -75 
2016-05-19 21:31:47.156613 -88 -78 -79 -79 -77 
2016-05-19 21:31:47.265627 -76 -75 -84 -71 -78 
2016-05-19 21:31:47.991722 -79 -78 -76 -71 -76 
2016-05-19 21:31:48.192755 -79 -76 -84 -68 -75 
2016-05-19 21:31:48.369772 -73 -84 -75 -74 -76 
2016-05-19 21:31:48.719817 -78 -76 -72 -73 -82 
2016-05-19 21:31:48.827836 -80 -73 -81 -65 -77 
2016-05-19 21:31:48.937851 -73 -71 -76 -69 -75 
2016-05-19 21:31:49.150873 -75 -79 -78 -74 -81 
2016-05-19 21:31:49.253885 -81 -80 -80 -69 -73 
2016-05-19 21:31:49.426910 -78 -75 -82 -72 -79 
2016-05-19 21:31:49.527929 -83 -75 -88 -83 -73 
2016-05-19 21:31:49.629937 -76 -80 -83 -70 -83 
2016-05-19 21:31:49.967985 -70 -81 -87 -77 -78 
2016-05-19 21:31:50.101998 -69 -73 -84 -71 -79 
2016-05-19 21:31:50.389032 -76 -71 -83 -71 -73 
2016-05-19 21:31:50.516052 -72 -77 -78 -71 -75 
2016-05-19 21:31:50.735081 -89 -75 -79 -71 -80 
2016-05-19 21:31:51.540186 -77 -79 -82 -75 -80 
2016-05-19 21:31:51.759205 -72 -75 -81 -72 -79 
2016-05-19 21:31:51.957234 -71 -75 -83 -74 -80 
2016-05-19 21:31:52.094248 -84 -73 -80 -77 -76 
2016-05-19 21:31:52.283279 -77 -83 -80 -78 -81 
2016-05-19 21:31:52.477303 -74 -83 -76 -82 -76 
2016-05-19 21:31:52.581319 -78 -77 -82 -73 -73 
2016-05-19 21:31:52.681329 -76 -78 -81 -74 -83 
2016-05-19 21:31:52.791343 -71 -72 -81 -80 -77 
2016-05-19 21:31:52.989368 -71 -74 -79 -78 -81 
2016-05-19 21:31:53.208400 -73 -71 -79 -83 -88 
2016-05-19 21:31:53.309423 -74 -83 -78 -85 -81 
2016-05-19 21:31:53.418428 -72 -73 -78 -78 -86 
2016-05-19 21:31:53.736466 -74 -78 -80 -79 -80 
2016-05-19 21:31:54.076510 -73 -78 -80 -74 -86 
2016-05-19 21:31:54.176523 -73 -78 -75 -72 -75 
2016-05-19 21:31:54.385551 -73 -76 -80 -74 -74 
2016-05-19 21:31:54.490564 -72 -78 -80 -74 -86 
2016-05-19 21:31:54.707593 -70 -77 -81 -76 -85 
2016-05-19 21:31:54.910620 -71 -79 -76 -79 -76 
2016-05-19 21:31:55.012640 -70 -78 -77 -74 -82 
2016-05-19 21:31:55.115647 -74 -77 -85 -81 -82 
2016-05-19 21:31:55.216659 -70 -78 -82 -76 -78 
2016-05-19 21:31:55.319677 -71 -81 -87 -74 -81 
2016-05-19 21:31:55.430687 -70 -79 -82 -77 -76 
2016-05-19 21:31:55.551703 -71 -78 -89 -82 -77 
2016-05-19 21:31:55.766731 -72 -79 -83 -78 -82 
2016-05-19 21:31:55.956756 -71 -77 -78 -76 -78 
2016-05-19 21:31:56.071771 -72 -81 -80 -76 -81 
2016-05-19 21:31:56.175784 -69 -76 -77 -73 -79 
2016-05-19 21:31:56.347806 -73 -79 -76 -76 -80 
2016-05-19 21:31:56.558838 -71 -79 -76 -74 -79 
2016-05-19 21:31:56.665848 -70 -80 -82 -72 -79 
2016-05-19 21:31:56.805866 -72 -79 -76 -74 -78 
2016-05-19 21:31:56.979886 -74 -79 -77 -78 -80 
2016-05-19 21:31:57.086904 -70 -80 -81 -72 -78 
2016-05-19 21:31:57.355939 -69 -80 -82 -77 -79 
2016-05-19 21:31:57.515959 -69 -75 -82 -74 -79 
2016-05-19 21:31:57.718989 -73 -79 -76 -73 -78 
2016-05-19 21:31:57.829003 -68 -80 -76 -77 -79 
2016-05-19 21:31:58.025024 -73 -79 -77 -73 -79 
2016-05-19 21:31:58.448080 -69 -78 -80 -75 -81 
2016-05-19 21:31:58.552095 -70 -76 -79 -77 -86 
2016-05-19 21:31:58.794129 -69 -80 -82 -75 -78 
2016-05-19 21:31:58.895137 -72 -83 -81 -75 -85 
2016-05-19 21:31:59.001154 -70 -78 -83 -76 -81 
2016-05-19 21:31:59.105164 -68 -82 -82 -73 -86 
2016-05-19 21:31:59.315192 -72 -73 -83 -75 -85 
2016-05-19 21:31:59.421208 -71 -74 -76 -78 -81 
2016-05-19 21:31:59.520218 -72 -79 -83 -73 -77 
2016-05-19 21:31:59.624238 -71 -73 -84 -76 -82 
2016-05-19 21:31:59.919277 -71 -78 -77 -76 -80 
2016-05-19 21:32:00.026288 -70 -80 -86 -75 -76 
2016-05-19 21:32:00.130300 -72 -79 -78 -74 -86 
2016-05-19 21:32:00.337328 -71 -77 -77 -75 -81 
2016-05-19 21:32:00.574362 -69 -79 -77 -74 -88 
2016-05-19 21:32:00.758383 -68 -76 -81 -75 -82 
2016-05-19 21:32:00.863397 -72 -79 -81 -77 -83 
2016-05-19 21:32:00.996414 -70 -74 -81 -78 -80 
2016-05-19 21:32:01.178438 -72 -81 -81 -78 -77 
2016-05-19 21:32:01.323459 -72 -73 -82 -77 -75 
2016-05-19 21:32:01.431471 -71 -81 -81 -77 -77 
2016-05-19 21:32:01.531484 -73 -81 -82 -78 -74 
2016-05-19 21:32:01.635521 -71 -81 -80 -72 -76 
2016-05-19 21:32:01.805517 -68 -81 -81 -78 -74 
2016-05-19 21:32:02.017547 -68 -80 -81 -77 -76 
2016-05-19 21:32:02.227575 -68 -80 -80 -77 -75 
2016-05-19 21:32:02.420598 -71 -82 -89 -74 -77 
2016-05-19 21:32:02.587621 -74 -77 -77 -75 -68 
2016-05-19 21:32:02.734644 -68 -92 -82 -73 -79 
2016-05-19 21:32:02.837654 -77 -86 -80 -72 -72 
2016-05-19 21:32:02.941667 -76 -79 -77 -74 -77 
2016-05-19 21:32:03.145713 -72 -80 -76 -73 -73 
2016-05-19 21:32:03.355719 -72 -79 -75 -78 -75 
2016-05-19 21:32:03.501741 -74 -87 -83 -76 -81 
2016-05-19 21:32:03.628758 -73 -80 -75 -72 -81 
2016-05-19 21:32:03.777777 -70 -72 -86 -77 -79 
2016-05-19 21:32:03.880787 -73 -84 -81 -78 -77 
2016-05-19 21:32:04.088818 -68 -81 -78 -87 -72 
2016-05-19 21:32:04.194835 -68 -83 -76 -82 -73 
2016-05-19 21:32:04.505880 -70 -81 -87 -83 -73 
2016-05-19 21:32:04.716900 -69 -74 -86 -80 -71 
2016-05-19 21:32:04.925924 -78 -76 -80 -82 -78 
2016-05-19 21:32:05.026940 -66 -87 -79 -81 -71 
2016-05-19 21:32:05.130951 -73 -76 -78 -73 -74 
2016-05-19 21:32:05.298976 -72 -83 -80 -80 -72 
2016-05-19 21:32:05.397989 -70 -80 -81 -75 -70 
2016-05-19 21:32:05.501000 -72 -79 -79 -77 -75 
2016-05-19 21:32:06.229097 -74 -77 -80 -78 -76 
2016-05-19 21:32:06.495135 -80 -82 -83 -76 -75 
2016-05-19 21:32:06.601143 -69 -86 -79 -83 -85 
2016-05-19 21:32:06.707159 -87 -78 -81 -81 -79 
2016-05-19 21:32:06.911183 -74 -89 -80 -78 -80 
2016-05-19 21:32:07.016197 -68 -78 -81 -79 -83 
2016-05-19 21:32:07.224227 -73 -80 -82 -79 -87 
2016-05-19 21:32:07.434254 -73 -79 -83 -78 -76 
2016-05-19 21:32:07.568272 -77 -76 -81 -77 -77 
2016-05-19 21:32:07.705294 -76 -78 -83 -85 -79 
2016-05-19 21:32:07.908317 -83 -78 -83 -81 -80 
2016-05-19 21:32:08.060340 -82 -78 -81 -80 -80 
2016-05-19 21:32:08.224358 -84 -85 -80 -79 -86 
2016-05-19 21:32:08.406379 -73 -77 -79 -73 -80 
2016-05-19 21:32:08.643414 -73 -75 -76 -77 -81 
2016-05-19 21:32:08.745429 -79 -79 -88 -78 -78 
2016-05-19 21:32:09.161477 -76 -75 -81 -74 -76 
2016-05-19 21:32:09.374508 -75 -79 -80 -72 -73 
2016-05-19 21:32:09.587536 -75 -79 -85 -78 -74 
2016-05-19 21:32:09.904577 -74 -77 -82 -73 -72 
2016-05-19 21:32:10.091599 -76 -79 -89 -71 -77 
2016-05-19 21:32:10.269625 -75 -78 -81 -73 -72 
2016-05-19 21:32:10.431643 -75 -81 -78 -74 -75 
2016-05-19 21:32:10.613670 -83 -75 -78 -73 -74 
2016-05-19 21:32:10.786689 -74 -75 -89 -75 -78 
2016-05-19 21:32:10.955730 -84 -80 -83 -70 -75 
2016-05-19 21:32:11.060732 -77 -79 -85 -74 -80 
2016-05-19 21:32:11.270760 -75 -78 -83 -72 -78 
2016-05-19 21:32:11.566791 -82 -77 -82 -72 -76 
2016-05-19 21:32:11.674808 -86 -78 -82 -74 -78 
2016-05-19 21:32:11.781820 -77 -80 -79 -72 -82 
2016-05-19 21:32:11.884836 -73 -78 -86 -74 -78 
2016-05-19 21:32:11.992877 -82 -85 -80 -71 -75 
2016-05-19 21:32:12.097863 -71 -80 -88 -72 -77 
2016-05-19 21:32:12.306889 -77 -80 -79 -74 -79 
2016-05-19 21:32:12.573926 -78 -82 -83 -76 -76 
2016-05-19 21:32:12.834960 -79 -86 -82 -75 -78 
2016-05-19 21:32:13.028986 -74 -80 -79 -74 -82 
2016-05-19 21:32:13.132011 -77 -89 -91 -77 -85 
2016-05-19 21:32:13.236017 -72 -84 -83 -75 -76 
2016-05-19 21:32:13.367027 -78 -88 -84 -77 -81 
2016-05-19 21:32:13.575057 -74 -84 -85 -75 -80 
2016-05-19 21:32:13.783089 -75 -86 -84 -77 -81 
2016-05-19 21:32:13.998113 -74 -83 -88 -76 -76 
2016-05-19 21:32:14.149132 -70 -82 -83 -74 -81 
2016-05-19 21:32:14.624194 -78 -86 -79 -78 -80 
2016-05-19 21:32:15.041252 -78 -79 -81 -77 -78 
2016-05-19 21:32:15.254276 -82 -85 -80 -78 -75 
2016-05-19 21:32:15.358298 -80 -86 -83 -74 -73 
2016-05-19 21:32:15.534320 -73 -81 -80 -74 -75 
2016-05-19 21:32:15.640335 -83 -84 -79 -74 -84 
2016-05-19 21:32:15.831363 -71 -89 -80 -75 -83 
2016-05-19 21:32:16.037383 -83 -87 -81 -75 -81 
2016-05-19 21:32:16.139399 -82 -87 -82 -74 -80 
2016-05-19 21:32:16.250413 -81 -84 -83 -74 -82 
2016-05-19 21:32:16.358428 -71 -81 -79 -75 -77 
2016-05-19 21:32:16.538451 -79 -75 -86 -79 -81 
2016-05-19 21:32:16.733477 -75 -77 -79 -76 -78 
2016-05-19 21:32:16.945504 -72 -81 -81 -72 -76 
2016-05-19 21:32:17.317546 -68 -81 -82 -74 -80 
2016-05-19 21:32:17.474566 -70 -75 -87 -81 -77 
2016-05-19 21:32:17.658590 -69 -81 -81 -79 -79 
2016-05-19 21:32:17.860617 -69 -79 -72 -80 -71 
2016-05-19 21:32:18.068644 -66 -87 -78 -79 -73 
2016-05-19 21:32:18.173658 -85 -76 -81 -73 -75 
2016-05-19 21:32:18.316680 -67 -87 -78 -73 -71 
2016-05-19 21:32:18.478698 -67 -76 -87 -76 -70 
2016-05-19 21:32:18.636721 -70 -77 -78 -73 -79 
2016-05-19 21:32:18.909754 -81 -77 -76 -72 -74 
2016-05-19 21:32:19.209793 -70 -77 -81 -81 -75 
2016-05-19 21:32:19.419820 -72 -72 -83 -74 -80 
2016-05-19 21:32:19.522840 -71 -83 -80 -89 -83 
2016-05-19 21:32:19.718859 -80 -79 -87 -75 -71 
2016-05-19 21:32:19.834874 -72 -84 -80 -83 -76 
2016-05-19 21:32:20.101913 -73 -81 -87 -74 -73 
2016-05-19 21:32:20.662994 -71 -82 -79 -74 -74 
2016-05-19 21:32:20.846013 -73 -92 -86 -79 -70 
2016-05-19 21:32:20.951028 -70 -87 -77 -76 -79 
2016-05-19 21:32:21.273062 -69 -85 -83 -78 -77 
2016-05-19 21:32:21.480090 -68 -78 -86 -77 -78 
2016-05-19 21:32:22.101171 -71 -77 -79 -75 -74 
2016-05-19 21:32:22.367210 -75 -92 -84 -73 -72 
2016-05-19 21:32:22.725254 -83 -76 -80 -73 -71 
2016-05-19 21:32:22.941280 -68 -80 -81 -77 -70 
2016-05-19 21:32:23.368335 -72 -80 -77 -75 -72 
2016-05-19 21:32:23.479352 -72 -80 -83 -83 -75 
2016-05-19 21:32:23.583362 -75 -74 -76 -72 -72 
2016-05-19 21:32:23.690384 -69 -83 -80 -74 -81 
2016-05-19 21:32:23.896405 -69 -79 -79 -75 -72 
2016-05-19 21:32:23.997426 -73 -81 -75 -76 -73 
2016-05-19 21:32:24.106433 -77 -83 -73 -73 -71 
2016-05-19 21:32:24.265453 -80 -86 -70 -77 -71 
2016-05-19 21:32:24.576494 -73 -78 -74 -75 -69 
2016-05-19 21:32:24.680507 -73 -81 -72 -72 -76 
2016-05-19 21:32:24.856530 -74 -71 -75 -83 -77 
2016-05-19 21:32:24.967549 -75 -73 -76 -73 -70 
2016-05-19 21:32:25.181573 -75 -79 -78 -69 -71 
2016-05-19 21:32:25.360604 -84 -77 -71 -74 -87 
2016-05-19 21:32:25.493619 -75 -80 -77 -77 -66 
2016-05-19 21:32:25.601635 -74 -80 -71 -71 -73 
2016-05-19 21:32:25.706648 -74 -82 -72 -69 -75 
2016-05-19 21:32:25.842680 -77 -75 -70 -76 -70 
2016-05-19 21:32:25.950680 -71 -75 -71 -72 -71 
2016-05-19 21:32:26.112716 -81 -74 -80 -77 -76 
2016-05-19 21:32:26.379737 -70 -72 -72 -84 -79 
2016-05-19 21:32:26.580763 -73 -76 -73 -79 -80 
2016-05-19 21:32:26.686777 -73 -79 -73 -78 -75 
2016-05-19 21:32:26.893801 -76 -83 -75 -80 -78 
2016-05-19 21:32:27.153836 -72 -80 -81 -83 -77 
2016-05-19 21:32:27.379868 -91 -74 -73 -81 -78 
2016-05-19 21:32:27.483878 -70 -81 -72 -76 -75 
2016-05-19 21:32:27.633897 -79 -76 -73 -86 -76 
2016-05-19 21:32:27.995948 -72 -78 -73 -81 -75 
2016-05-19 21:32:28.097967 -74 -84 -75 -89 -74 
2016-05-19 21:32:28.292995 -80 -75 -73 -87 -74 
2016-05-19 21:32:28.443018 -83 -79 -73 -89 -74 
2016-05-19 21:32:28.761047 -78 -75 -72 -78 -72 
2016-05-19 21:32:28.923080 -77 -83 -74 -81 -78 
2016-05-19 21:32:29.025082 -85 -80 -74 -85 -76 
2016-05-19 21:32:29.253119 -78 -75 -73 -83 -76 
2016-05-19 21:32:29.437136 -76 -77 -73 -80 -73 
2016-05-19 21:32:29.889192 -79 -75 -74 -86 -73 
2016-05-19 21:32:30.097222 -75 -78 -74 -86 -72 
2016-05-19 21:32:30.303256 -78 -76 -75 -86 -81 
2016-05-19 21:32:30.518285 -81 -79 -75 -76 -75 
2016-05-19 21:32:30.723311 -77 -77 -76 -86 -72 
2016-05-19 21:32:30.940332 -78 -75 -74 -80 -74 
2016-05-19 21:32:31.048353 -74 -78 -72 -73 -75 
2016-05-19 21:32:31.194355 -75 -76 -74 -85 -73 
2016-05-19 21:32:31.295372 -88 -84 -73 -75 -75 
2016-05-19 21:32:31.403410 -77 -74 -74 -82 -72 
2016-05-19 21:32:31.514397 -84 -74 -77 -75 -75 
2016-05-19 21:32:31.788439 -84 -75 -75 -89 -73 
2016-05-19 21:32:32.017465 -77 -76 -76 -75 -73 
2016-05-19 21:32:32.121479 -84 -85 -73 -79 -69 
2016-05-19 21:32:32.314502 -69 -77 -75 -74 -73 
2016-05-19 21:32:32.526532 -77 -77 -75 -75 -74 
2016-05-19 21:32:32.676552 -74 -86 -76 -88 -72 
2016-05-19 21:32:32.780566 -77 -75 -75 -83 -73 
2016-05-19 21:32:32.951588 -73 -73 -75 -83 -87 
2016-05-19 21:32:33.099604 -83 -85 -75 -88 -80 
2016-05-19 21:32:33.266629 -87 -72 -76 -82 -82 
2016-05-19 21:32:33.376646 -72 -76 -76 -83 -76 
2016-05-19 21:32:33.478676 -75 -74 -76 -81 -76 
2016-05-19 21:32:33.674680 -78 -77 -76 -88 -72 
2016-05-19 21:32:33.773699 -75 -80 -77 -84 -75 
2016-05-19 21:32:33.876709 -78 -74 -76 -79 -72 
2016-05-19 21:32:33.978726 -75 -82 -78 -89 -76 
2016-05-19 21:32:34.078738 -76 -74 -75 -82 -80 
2016-05-19 21:32:34.264756 -72 -74 -74 -90 -78 
2016-05-19 21:32:34.474784 -70 -75 -75 -83 -83 
2016-05-19 21:32:34.685814 -73 -74 -75 -84 -82 
2016-05-19 21:32:34.787827 -69 -75 -77 -81 -78 
2016-05-19 21:32:34.997855 -74 -75 -75 -84 -77 
2016-05-19 21:32:35.150875 -77 -77 -73 -77 -74 
2016-05-19 21:32:35.259887 -69 -74 -76 -78 -76 
2016-05-19 21:32:35.575947 -72 -76 -73 -81 -77 
2016-05-19 21:32:35.687945 -75 -73 -73 -78 -75 
2016-05-19 21:32:35.853970 -72 -79 -74 -81 -77 
2016-05-19 21:32:36.106000 -75 -77 -75 -89 -71 
2016-05-19 21:32:36.210010 -70 -77 -75 -77 -74 
2016-05-19 21:32:36.360030 -74 -78 -77 -81 -72 
2016-05-19 21:32:36.636078 -76 -82 -73 -79 -81 
2016-05-19 21:32:36.740080 -79 -83 -78 -84 -76 
2016-05-19 21:32:36.931107 -73 -81 -79 -85 -79 
2016-05-19 21:32:37.160135 -75 -77 -78 -75 -78 
2016-05-19 21:32:37.354166 -86 -74 -81 -77 -72 
2016-05-19 21:32:37.457176 -77 -85 -75 -80 -71 
2016-05-19 21:32:37.627199 -77 -78 -81 -73 -75 
2016-05-19 21:32:37.730209 -78 -84 -79 -82 -74 
2016-05-19 21:32:37.836225 -77 -86 -83 -76 -69 
2016-05-19 21:32:38.153267 -71 -78 -76 -89 -76 
2016-05-19 21:32:38.366299 -75 -82 -84 -75 -73 
2016-05-19 21:32:38.470306 -87 -83 -77 -76 -72 
2016-05-19 21:32:38.670350 -73 -77 -79 -79 -70 
2016-05-19 21:32:39.065384 -78 -78 -85 -80 -73 
2016-05-19 21:32:39.525444 -75 -84 -81 -82 -71 
2016-05-19 21:32:39.710472 -68 -77 -88 -82 -71 
2016-05-19 21:32:39.966504 -74 -81 -83 -82 -70 
2016-05-19 21:32:40.131527 -79 -84 -91 -79 -71 
2016-05-19 21:32:40.540577 -74 -79 -89 -81 -73 
2016-05-19 21:32:40.880622 -76 -92 -91 -81 -80 
2016-05-19 21:32:41.276675 -76 -77 -87 -79 -74 
2016-05-19 21:32:41.396692 -73 -82 -88 -88 -76 
2016-05-19 21:32:41.598717 -68 -79 -81 -81 -80 
2016-05-19 21:32:41.920757 -67 -80 -89 -80 -76 
2016-05-19 21:32:42.126787 -68 -79 -83 -76 -74 
2016-05-19 21:32:42.328813 -68 -78 -84 -89 -81 
2016-05-19 21:32:42.539844 -74 -73 -82 -87 -73 
2016-05-19 21:32:42.883886 -66 -75 -85 -84 -79 
2016-05-19 21:32:43.052909 -67 -87 -90 -75 -75 
2016-05-19 21:32:43.156922 -74 -79 -84 -82 -69 
2016-05-19 21:32:43.415953 -71 -85 -83 -72 -72 
2016-05-19 21:32:43.518968 -74 -79 -81 -79 -76 
2016-05-19 21:32:43.672989 -70 -72 -82 -84 -74 
2016-05-19 21:32:44.090047 -69 -85 -85 -78 -77 
2016-05-19 21:32:44.196053 -67 -79 -84 -73 -78 
2016-05-19 21:32:44.508098 -71 -79 -86 -78 -78 
2016-05-19 21:32:44.927152 -71 -77 -87 -81 -80 
2016-05-19 21:32:45.247194 -70 -77 -84 -78 -76 
2016-05-19 21:32:45.349214 -68 -75 -90 -75 -76 
2016-05-19 21:32:45.559243 -68 -80 -88 -80 -75 
2016-05-19 21:32:45.683259 -70 -75 -86 -75 -76 
2016-05-19 21:32:45.866302 -67 -79 -84 -79 -82 
2016-05-19 21:32:46.076307 -72 -78 -82 -82 -79 
2016-05-19 21:32:46.284329 -70 -81 -81 -78 -84 
2016-05-19 21:32:46.409345 -73 -74 -87 -81 -79 
2016-05-19 21:32:46.603371 -72 -77 -89 -76 -70 
2016-05-19 21:32:46.715389 -71 -77 -81 -75 -69 
2016-05-19 21:32:46.863405 -77 -82 -92 -75 -76 
2016-05-19 21:32:47.328466 -76 -80 -86 -75 -75 
2016-05-19 21:32:47.645510 -74 -78 -91 -78 -73 
2016-05-19 21:32:47.749521 -79 -80 -83 -74 -72 
2016-05-19 21:32:47.851531 -73 -79 -86 -81 -72 
2016-05-19 21:32:47.952563 -77 -79 -82 -74 -74 
2016-05-19 21:32:48.158574 -76 -79 -89 -73 -76 
2016-05-19 21:32:48.578629 -73 -75 -79 -82 -74 
2016-05-19 21:32:48.785660 -73 -77 -82 -80 -76 
2016-05-19 21:32:48.996682 -73 -77 -85 -78 -77 
2016-05-19 21:32:49.206708 -74 -77 -84 -77 -73 
2016-05-19 21:32:49.536751 -74 -86 -85 -77 -76 
2016-05-19 21:32:50.468876 -74 -81 -85 -77 -75 
2016-05-19 21:32:50.894931 -75 -81 -94 -80 -75 
2016-05-19 21:32:51.323988 -75 -84 -93 -77 -74 
2016-05-19 21:32:51.538015 -71 -82 -85 -76 -77 
2016-05-19 21:32:52.266114 -72 -80 -82 -79 -74 
2016-05-19 21:32:52.685165 -72 -80 -81 -80 -73 
2016-05-19 21:32:52.894193 -74 -78 -81 -80 -73 
2016-05-19 21:32:53.314250 -74 -80 -83 -78 -75 
2016-05-19 21:32:53.526278 -73 -84 -83 -76 -74 
2016-05-19 21:32:53.628288 -79 -80 -88 -81 -77 
2016-05-19 21:32:54.041346 -79 -77 -84 -82 -71 
2016-05-19 21:32:54.463398 -77 -77 -87 -78 -76 
2016-05-19 21:32:55.094480 -79 -81 -86 -77 -74 
2016-05-19 21:32:55.289505 -74 -86 -86 -81 -74 
2016-05-19 21:32:55.516540 -73 -84 -90 -80 -75 
2016-05-19 21:32:55.719561 -74 -89 -88 -81 -77 
2016-05-19 21:32:56.031606 -76 -75 -90 -82 -74 
2016-05-19 21:32:56.233630 -78 -87 -89 -78 -75 
2016-05-19 21:32:56.365646 -74 -76 -84 -77 -75 
2016-05-19 21:32:56.576677 -78 -75 -82 -75 -73 
2016-05-19 21:32:56.693689 -81 -75 -81 -84 -74 
2016-05-19 21:32:56.869712 -76 -76 -81 -80 -72 
2016-05-19 21:32:57.285766 -75 -78 -82 -77 -75 
2016-05-19 21:32:57.385779 -75 -86 -81 -85 -75 
2016-05-19 21:32:57.597804 -76 -87 -83 -78 -71 
2016-05-19 21:32:57.915848 -76 -81 -85 -80 -71 
2016-05-19 21:32:58.332905 -77 -79 -87 -81 -74 
2016-05-19 21:32:58.557930 -72 -79 -86 -79 -78 
2016-05-19 21:32:58.970986 -74 -80 -88 -82 -77 
2016-05-19 21:32:59.287031 -75 -86 -89 -86 -74 
2016-05-19 21:32:59.489054 -74 -85 -87 -89 -77 
2016-05-19 21:32:59.597071 -75 -80 -88 -76 -82 
2016-05-19 21:32:59.806099 -74 -87 -85 -78 -75 
2016-05-19 21:32:59.908106 -75 -83 -87 -84 -77 
2016-05-19 21:33:00.215149 -73 -87 -86 -80 -79 
2016-05-19 21:33:00.853229 -76 -77 -83 -78 -73 
2016-05-19 21:33:01.035256 -74 -86 -89 -78 -75 
2016-05-19 21:33:01.351297 -75 -81 -81 -78 -74 
2016-05-19 21:33:01.459311 -73 -85 -83 -75 -80 
2016-05-19 21:33:01.586327 -79 -89 -80 -80 -76 
2016-05-19 21:33:01.794355 -75 -87 -80 -79 -72 
2016-05-19 21:33:01.936401 -73 -78 -80 -83 -75 
2016-05-19 21:33:02.038385 -72 -84 -88 -81 -84 
2016-05-19 21:33:02.141401 -73 -78 -80 -84 -68 
2016-05-19 21:33:02.344427 -71 -79 -79 -82 -69 
2016-05-19 21:33:02.535453 -71 -76 -76 -81 -76 
2016-05-19 21:33:02.635465 -72 -81 -81 -76 -74 
2016-05-19 21:33:02.830491 -75 -75 -76 -77 -75 
2016-05-19 21:33:02.954507 -77 -81 -86 -81 -74 
2016-05-19 21:33:03.254546 -74 -80 -85 -76 -78 
2016-05-19 21:33:03.505578 -76 -80 -81 -73 -85 
2016-05-19 21:33:03.611593 -68 -78 -79 -72 -74 
2016-05-19 21:33:03.861625 -70 -80 -89 -84 -76 
2016-05-19 21:33:04.096656 -72 -84 -83 -74 -75 
2016-05-19 21:33:04.265678 -72 -83 -82 -75 -75 
2016-05-19 21:33:04.419698 -81 -83 -83 -77 -75 
2016-05-19 21:33:04.742745 -77 -81 -84 -81 -82 
2016-05-19 21:33:05.052785 -76 -78 -82 -76 -86 
2016-05-19 21:33:05.153791 -74 -83 -87 -79 -77 
2016-05-19 21:33:05.258805 -78 -84 -84 -79 -80 
2016-05-19 21:33:05.648863 -74 -80 -82 -89 -81 
2016-05-19 21:33:05.751880 -76 -81 -86 -80 -75 
2016-05-19 21:33:05.849892 -71 -82 -80 -75 -84 
2016-05-19 21:33:05.955951 -74 -78 -80 -73 -89 
2016-05-19 21:33:06.194930 -77 -80 -73 -81 -77 
2016-05-19 21:33:06.443961 -82 -75 -81 -77 -77 
2016-05-19 21:33:06.608011 -81 -81 -78 -84 -85 
2016-05-19 21:33:06.758007 -80 -80 -78 -81 -90 
2016-05-19 21:33:06.861018 -69 -75 -81 -79 -79 
2016-05-19 21:33:07.175058 -77 -77 -82 -79 -74 
2016-05-19 21:33:07.391103 -78 -81 -80 -74 -81 
2016-05-19 21:33:07.493116 -79 -83 -90 -85 -81 
2016-05-19 21:33:07.666122 -76 -83 -84 -86 -81 
2016-05-19 21:33:07.972163 -75 -83 -84 -78 -82 
2016-05-19 21:33:08.083180 -75 -87 -86 -79 -81 
2016-05-19 21:33:08.485230 -76 -89 -83 -81 -82 
2016-05-19 21:33:08.589241 -80 -82 -86 -81 -75 
2016-05-19 21:33:08.896283 -72 -91 -87 -77 -77 
2016-05-19 21:33:09.098313 -73 -85 -88 -72 -80 
2016-05-19 21:33:09.305336 -71 -87 -82 -83 -77 
2016-05-19 21:33:09.485360 -70 -86 -84 -85 -80 
2016-05-19 21:33:09.653387 -69 -87 -84 -71 -76 
2016-05-19 21:33:09.795401 -75 -86 -79 -70 -77 
2016-05-19 21:33:10.245460 -74 -91 -82 -78 -81 
2016-05-19 21:33:10.460495 -72 -90 -80 -72 -79 
2016-05-19 21:33:10.878553 -73 -91 -81 -72 -81 
2016-05-19 21:33:11.137584 -72 -87 -87 -77 -84 
2016-05-19 21:33:11.248603 -74 -85 -83 -73 -84 
2016-05-19 21:33:11.460626 -72 -87 -84 -76 -81 
2016-05-19 21:33:11.668665 -75 -86 -84 -73 -83 
2016-05-19 21:33:11.858682 -76 -86 -83 -76 -89 
2016-05-19 21:33:12.063709 -76 -90 -83 -74 -87 
2016-05-19 21:33:12.341741 -70 -86 -85 -72 -85 
2016-05-19 21:33:12.407749 -74 -89 -80 -75 -90 
2016-05-19 21:33:12.654794 -72 -84 -85 -76 -81 
2016-05-19 21:33:12.757787 -69 -84 -81 -77 -84 
2016-05-19 21:33:12.893809 -77 -85 -80 -75 -84 
2016-05-19 21:33:13.223852 -69 -82 -83 -71 -81 
2016-05-19 21:33:13.593900 -69 -88 -84 -71 -90 
2016-05-19 21:33:13.869930 -72 -89 -85 -71 -76 
2016-05-19 21:33:15.077091 -72 -86 -84 -74 -79 
2016-05-19 21:33:15.202107 -74 -87 -83 -73 -76 
2016-05-19 21:33:15.519162 -72 -86 -87 -73 -78 
2016-05-19 21:33:15.755187 -72 -87 -83 -75 -77 
2016-05-19 21:33:16.171233 -73 -88 -82 -74 -85 
2016-05-19 21:33:16.592288 -73 -87 -83 -74 -77 
2016-05-19 21:33:16.797317 -71 -84 -81 -75 -82 
2016-05-19 21:33:17.278377 -71 -80 -84 -76 -78 
2016-05-19 21:33:17.498406 -73 -80 -81 -74 -84 
2016-05-19 21:33:17.705431 -72 -78 -84 -74 -83 
2016-05-19 21:33:18.099488 -71 -77 -82 -72 -82 
2016-05-19 21:33:18.416526 -70 -84 -83 -69 -84 
2016-05-19 21:33:18.533542 -68 -91 -87 -74 -84 
2016-05-19 21:33:18.634558 -74 -83 -82 -69 -84 
2016-05-19 21:33:18.740566 -76 -88 -80 -74 -84 
2016-05-19 21:33:18.886587 -68 -84 -81 -73 -84 
2016-05-19 21:33:19.173625 -74 -86 -90 -73 -83 
2016-05-19 21:33:19.362652 -77 -89 -80 -73 -86 
2016-05-19 21:33:19.777704 -76 -89 -83 -74 -82 
2016-05-19 21:33:20.113748 -71 -85 -80 -83 -78 
2016-05-19 21:33:20.409790 -84 -86 -81 -73 -83 
2016-05-19 21:33:20.632820 -71 -87 -81 -74 -79 
2016-05-19 21:33:20.746830 -74 -85 -87 -72 -79 
2016-05-19 21:33:20.945853 -72 -85 -87 -76 -82 
2016-05-19 21:33:21.152886 -72 -83 -87 -74 -80 
2016-05-19 21:33:21.355907 -73 -83 -80 -72 -75 
2016-05-19 21:33:21.514934 -75 -83 -90 -72 -77 
2016-05-19 21:33:21.620941 -70 -83 -89 -73 -82 
2016-05-19 21:33:21.724961 -78 -84 -81 -75 -76 
2016-05-19 21:33:21.940001 -73 -87 -81 -75 -75 
2016-05-19 21:33:22.147013 -72 -86 -79 -78 -75 
2016-05-19 21:33:22.406044 -80 -87 -80 -74 -82 
2016-05-19 21:33:22.840107 -75 -85 -84 -73 -77 
2016-05-19 21:33:23.347170 -76 -91 -84 -74 -81 
2016-05-19 21:33:23.661208 -76 -80 -80 -75 -83 
2016-05-19 21:33:23.867238 -70 -78 -85 -76 -82 
2016-05-19 21:33:24.081263 -78 -87 -84 -71 -79 
2016-05-19 21:33:24.205285 -79 -83 -83 -78 -80 
2016-05-19 21:33:24.620341 -78 -84 -83 -76 -85 
2016-05-19 21:33:24.724349 -75 -84 -90 -83 -84 
2016-05-19 21:33:24.935381 -74 -80 -83 -84 -79 
2016-05-19 21:33:25.198412 -70 -83 -78 -82 -80 
2016-05-19 21:33:25.358433 -72 -79 -76 -83 -84 
2016-05-19 21:33:25.897503 -70 -85 -76 -80 -78 
2016-05-19 21:33:26.078527 -72 -87 -76 -81 -78 
2016-05-19 21:33:26.287554 -74 -83 -77 -78 -78 
2016-05-19 21:33:26.493581 -78 -83 -76 -78 -78 
2016-05-19 21:33:26.708609 -74 -78 -77 -80 -78 
2016-05-19 21:33:26.883631 -70 -78 -79 -84 -75 
2016-05-19 21:33:26.988645 -76 -79 -76 -76 -74 
2016-05-19 21:33:37.093976 -74 -81 -77 -77 -79 
2016-05-19 21:33:37.419009 -72 -83 -78 -81 -77 
2016-05-19 21:33:37.528020 -74 -79 -78 -80 -75 
2016-05-19 21:33:37.697049 -73 -87 -84 -75 -77 
2016-05-19 21:33:37.797062 -76 -83 -83 -89 -90 
2016-05-19 21:33:38.098117 -72 -79 -82 -79 -82 
2016-05-19 21:33:38.375133 -75 -77 -81 -83 -80 
2016-05-19 21:33:38.904203 -70 -82 -87 -77 -75 
2016-05-19 21:33:39.108227 -67 -89 -88 -89 -70 
2016-05-19 21:33:39.636297 -71 -80 -81 -85 -75 
2016-05-19 21:33:39.856327 -71 -76 -87 -80 -72 
2016-05-19 21:33:40.069355 -73 -83 -87 -79 -73 
2016-05-19 21:33:40.203371 -71 -79 -84 -77 -71 
2016-05-19 21:33:40.384403 -73 -84 -88 -74 -72 
2016-05-19 21:33:40.741450 -72 -85 -87 -90 -74 
2016-05-19 21:33:41.038497 -76 -80 -88 -84 -77 
2016-05-19 21:33:41.213510 -78 -78 -90 -81 -75 
2016-05-19 21:33:41.545548 -73 -85 -87 -81 -73 
2016-05-19 21:33:42.157631 -71 -83 -87 -83 -78 
2016-05-19 21:33:42.477672 -75 -86 -75 -78 -76 
2016-05-19 21:33:42.682709 -76 -84 -84 -80 -80 
2016-05-19 21:33:42.822727 -75 -85 -83 -86 -75 
2016-05-19 21:33:43.429794 -72 -86 -88 -80 -72 
2016-05-19 21:33:43.538805 -74 -86 -82 -80 -70 
2016-05-19 21:33:43.858847 -73 -87 -83 -83 -75 
2016-05-19 21:33:44.064877 -74 -90 -84 -79 -81 
2016-05-19 21:33:44.479931 -73 -89 -89 -84 -71 
2016-05-19 21:33:44.793969 -72 -87 -84 -82 -73 
2016-05-19 21:33:45.423068 -71 -84 -86 -75 -70 
2016-05-19 21:33:45.655091 -81 -88 -86 -81 -80 
2016-05-19 21:33:45.849114 -72 -85 -87 -76 -70 
2016-05-19 21:33:46.160158 -69 -81 -88 -75 -75 
2016-05-19 21:33:46.354180 -71 -83 -85 -83 -76 
2016-05-19 21:33:46.483204 -75 -78 -87 -81 -78 
2016-05-19 21:33:46.701221 -78 -82 -84 -82 -79 
2016-05-19 21:33:47.447317 -78 -82 -86 -82 -78 
2016-05-19 21:33:47.654343 -77 -81 -88 -83 -78 
2016-05-19 21:33:47.856371 -76 -87 -90 -82 -74 
2016-05-19 21:33:48.069397 -80 -90 -89 -81 -78 
2016-05-19 21:33:48.278430 -77 -86 -90 -78 -75 
2016-05-19 21:33:48.890507 -78 -84 -87 -79 -76 
2016-05-19 21:33:49.124534 -79 -82 -87 -82 -78 
2016-05-19 21:33:49.763624 -81 -83 -89 -82 -77 
2016-05-19 21:33:49.927642 -76 -86 -91 -86 -81 
2016-05-19 21:33:50.247684 -83 -87 -86 -86 -78 
2016-05-19 21:33:50.453715 -75 -86 -85 -85 -78 
2016-05-19 21:33:50.562733 -71 -81 -84 -80 -79 
2016-05-19 21:33:50.766751 -80 -86 -84 -88 -77 
2016-05-19 21:33:51.021786 -77 -84 -86 -86 -83 
2016-05-19 21:33:51.502850 -79 -85 -87 -85 -78 
2016-05-19 21:33:51.697873 -84 -83 -86 -83 -75 
2016-05-19 21:33:51.896899 -80 -85 -86 -87 -76 
2016-05-19 21:33:52.162934 -79 -85 -85 -85 -79 
2016-05-19 21:33:52.793016 -80 -85 -86 -86 -78 
2016-05-19 21:33:52.903031 -82 -82 -86 -84 -77 
2016-05-19 21:33:53.206070 -80 -83 -87 -82 -76 
2016-05-19 21:33:53.416097 -77 -80 -89 -80 -78 
2016-05-19 21:33:53.737140 -72 -81 -88 -81 -77 
2016-05-19 21:33:54.364227 -73 -82 -91 -77 -79 
2016-05-19 21:33:54.788277 -70 -83 -88 -79 -79 
2016-05-19 21:33:55.313346 -71 -82 -82 -77 -80 
2016-05-19 21:33:55.419364 -75 -85 -89 -86 -77 
2016-05-19 21:33:56.060440 -72 -81 -84 -79 -76 
2016-05-19 21:33:56.486499 -70 -83 -88 -81 -74 
2016-05-19 21:33:56.628528 -71 -87 -85 -84 -82 
2016-05-19 21:33:56.803541 -67 -83 -86 -82 -71 
2016-05-19 21:33:57.326609 -73 -91 -88 -77 -77 
2016-05-19 21:34:05.487695 -76 -85 -79 -79 -73 
2016-05-19 21:34:05.596686 -73 -87 -86 -84 -69 
2016-05-19 21:34:05.803716 -70 -80 -86 -82 -69 
2016-05-19 21:34:05.934733 -85 -84 -87 -78 -75 
2016-05-19 21:34:06.040751 -67 -80 -89 -82 -76 
2016-05-19 21:34:06.330790 -73 -84 -85 -79 -72 
2016-05-19 21:34:06.440803 -68 -85 -83 -79 -77 
2016-05-19 21:34:06.614822 -76 -87 -88 -82 -70 
2016-05-19 21:34:06.856851 -81 -83 -92 -73 -74 
2016-05-19 21:34:06.964867 -68 -84 -83 -80 -69 
2016-05-19 21:34:07.591948 -69 -81 -83 -78 -69 
2016-05-19 21:34:07.716970 -63 -81 -87 -76 -70 
2016-05-19 21:34:07.819980 -65 -85 -80 -71 -69 
2016-05-19 21:34:08.114017 -66 -82 -86 -71 -69 
2016-05-19 21:34:08.326049 -81 -84 -86 -73 -71 
2016-05-19 21:34:08.497065 -71 -77 -82 -75 -67 
2016-05-19 21:34:08.606085 -68 -83 -86 -74 -67 
2016-05-19 21:34:09.065142 -69 -77 -85 -78 -65 
2016-05-19 21:34:09.261172 -70 -76 -89 -78 -67 
2016-05-19 21:34:09.462207 -72 -81 -87 -78 -68 
2016-05-19 21:34:09.673222 -69 -85 -90 -76 -68 
2016-05-19 21:34:09.907249 -71 -83 -90 -80 -67 
2016-05-19 21:34:10.327311 -73 -84 -90 -75 -66 
2016-05-19 21:34:10.642346 -72 -85 -88 -73 -67 
2016-05-19 21:34:10.846378 -71 -83 -89 -74 -66 
2016-05-19 21:34:13.380706 -72 -85 -88 -74 -66 
2016-05-19 21:34:14.005791 -74 -84 -89 -74 -66 
2016-05-19 21:34:14.213814 -73 -83 -87 -74 -66 
2016-05-19 21:34:16.649134 -70 -84 -88 -74 -66 
2016-05-19 21:34:18.222341 -69 -85 -89 -73 -66 
2016-05-19 21:34:18.437369 -74 -84 -92 -75 -66 
2016-05-19 21:34:18.649394 -70 -80 -90 -72 -66 
2016-05-19 21:34:19.123452 -68 -89 -88 -73 -67 
2016-05-19 21:34:19.286477 -74 -89 -85 -73 -66 
2016-05-19 21:34:19.708529 -71 -82 -83 -77 -65 
2016-05-19 21:34:19.917562 -70 -80 -85 -76 -67 
2016-05-19 21:34:20.761669 -66 -82 -89 -75 -66 
2016-05-19 21:34:21.702796 -69 -85 -91 -78 -66 
2016-05-19 21:34:22.015832 -69 -87 -85 -75 -67 
2016-05-19 21:34:22.117850 -73 -81 -88 -76 -67 
2016-05-19 21:34:22.322877 -72 -83 -86 -75 -67 
2016-05-19 21:34:22.534901 -65 -86 -84 -77 -66 
2016-05-19 21:34:22.735927 -67 -85 -84 -75 -68 
2016-05-19 21:34:22.840941 -71 -88 -84 -75 -66 
2016-05-19 21:34:23.003959 -67 -79 -82 -70 -66 
2016-05-19 21:34:23.217994 -67 -70 -87 -76 -66 
2016-05-19 21:34:23.406015 -70 -79 -84 -77 -65 
2016-05-19 21:34:23.613045 -67 -79 -85 -76 -65 
2016-05-19 21:34:23.801066 -68 -90 -86 -76 -67 
2016-05-19 21:34:23.848075 -69 -83 -86 -77 -70 
2016-05-19 21:34:24.017095 -71 -85 -86 -83 -65 
2016-05-19 21:34:24.155115 -65 -85 -86 -77 -66 
2016-05-19 21:34:24.366142 -67 -81 -81 -78 -71 
2016-05-19 21:34:24.576168 -66 -85 -83 -76 -66 
2016-05-19 21:34:25.001223 -67 -79 -83 -77 -66 
2016-05-19 21:34:25.186247 -71 -84 -87 -81 -66 
2016-05-19 21:34:25.297262 -74 -82 -87 -75 -65 
2016-05-19 21:34:25.405276 -66 -84 -81 -79 -72 
2016-05-19 21:34:25.613307 -69 -82 -82 -74 -68 
2016-05-19 21:34:25.928350 -70 -83 -84 -74 -68 
2016-05-19 21:34:26.133374 -71 -85 -84 -72 -69 
2016-05-19 21:34:26.240385 -67 -78 -84 -80 -65 
2016-05-19 21:34:26.348403 -73 -82 -84 -69 -65 
2016-05-19 21:34:26.556425 -67 -82 -83 -77 -65 
2016-05-19 21:34:26.660439 -67 -78 -83 -78 -72 
2016-05-19 21:34:26.780455 -73 -82 -83 -75 -72 
2016-05-19 21:34:27.005484 -68 -81 -82 -79 -70 
2016-05-19 21:34:27.220514 -70 -83 -83 -75 -70 
2016-05-19 21:34:27.392535 -69 -83 -85 -76 -65 
2016-05-19 21:34:27.498553 -74 -81 -81 -79 -74 
2016-05-19 21:34:27.599560 -67 -76 -85 -78 -65 
2016-05-19 21:34:27.710577 -70 -81 -82 -76 -77 
2016-05-19 21:34:27.846595 -71 -89 -84 -77 -71 
2016-05-19 21:34:28.128635 -72 -82 -80 -79 -65 
2016-05-19 21:34:28.237646 -74 -83 -84 -76 -65 
2016-05-19 21:34:28.449671 -73 -82 -84 -76 -65 
2016-05-19 21:34:28.652701 -71 -85 -84 -79 -67 
2016-05-19 21:34:28.866728 -74 -86 -83 -77 -70 
2016-05-19 21:34:29.075755 -73 -84 -83 -80 -75 
2016-05-19 21:34:29.289780 -72 -85 -87 -80 -69 
2016-05-19 21:34:29.495810 -80 -81 -85 -87 -74 
2016-05-19 21:34:29.800850 -78 -91 -86 -80 -74 
2016-05-19 21:34:30.009876 -77 -85 -87 -77 -78 
2016-05-19 21:34:30.212903 -77 -88 -86 -76 -73 
2016-05-19 21:34:30.517943 -81 -81 -82 -78 -67 
2016-05-19 21:34:30.619954 -83 -84 -85 -76 -67 
2016-05-19 21:34:31.039015 -86 -86 -86 -78 -69 
2016-05-19 21:34:31.141025 -91 -83 -86 -85 -65 
2016-05-19 21:34:31.344055 -88 -78 -85 -81 -69 
2016-05-19 21:34:31.555076 -84 -79 -87 -82 -70 
2016-05-19 21:34:31.675094 -77 -86 -86 -74 -66 
2016-05-19 21:34:31.786109 -80 -78 -85 -72 -67 
2016-05-19 21:34:31.894127 -83 -86 -89 -80 -66 
2016-05-19 21:34:32.049148 -80 -78 -85 -80 -67 
2016-05-19 21:34:32.208164 -80 -83 -83 -79 -68 
2016-05-19 21:34:32.412192 -81 -83 -86 -82 -69 
2016-05-19 21:34:32.541208 -81 -83 -85 -79 -71 
2016-05-19 21:34:32.748235 -84 -83 -81 -80 -71 
2016-05-19 21:34:32.848250 -79 -81 -81 -83 -68 
2016-05-19 21:34:32.978265 -83 -83 -87 -73 -69 
2016-05-19 21:34:33.292306 -88 -83 -82 -74 -67 
2016-05-19 21:34:33.504338 -87 -82 -86 -77 -67 
2016-05-19 21:34:33.614372 -84 -80 -86 -80 -69 
2016-05-19 21:34:33.936390 -76 -84 -81 -77 -67 
2016-05-19 21:34:34.152418 -86 -78 -85 -75 -66 
2016-05-19 21:34:34.369450 -84 -82 -81 -74 -67 
2016-05-19 21:34:34.627480 -82 -76 -86 -79 -69 
2016-05-19 21:34:34.830504 -80 -83 -85 -74 -68 
2016-05-19 21:34:34.987527 -77 -84 -82 -81 -68 
2016-05-19 21:34:35.238560 -81 -82 -81 -78 -68 
2016-05-19 21:34:35.453588 -79 -82 -87 -76 -68 
2016-05-19 21:34:35.556602 -79 -84 -84 -78 -68 
2016-05-19 21:34:35.657615 -79 -79 -82 -82 -68 
2016-05-19 21:34:35.871643 -77 -81 -88 -79 -68 
2016-05-19 21:34:36.085667 -77 -83 -86 -77 -68 
2016-05-19 21:34:36.198685 -82 -84 -81 -76 -66 
2016-05-19 21:34:36.406712 -81 -82 -82 -79 -69 
2016-05-19 21:34:36.727754 -70 -83 -85 -75 -69 
2016-05-19 21:34:37.146809 -85 -86 -87 -74 -69 
2016-05-19 21:34:37.251823 -89 -85 -88 -78 -67 
2016-05-19 21:34:37.357837 -78 -80 -86 -74 -71 
2016-05-19 21:34:37.567865 -83 -87 -86 -74 -69 
2016-05-19 21:34:37.987919 -78 -84 -89 -76 -69 
2016-05-19 21:34:38.136939 -80 -83 -86 -73 -69 
2016-05-19 21:34:38.241952 -81 -86 -91 -79 -67 
2016-05-19 21:34:38.349969 -90 -80 -83 -74 -66 
2016-05-19 21:34:38.560991 -84 -84 -86 -72 -67 
2016-05-19 21:34:38.736014 -88 -84 -84 -79 -68 
2016-05-19 21:34:39.344098 -75 -82 -87 -74 -67 
2016-05-19 21:34:39.506115 -81 -79 -88 -78 -67 
2016-05-19 21:34:39.610135 -79 -80 -84 -77 -68 
2016-05-19 21:34:39.806154 -88 -81 -86 -75 -68 
2016-05-19 21:34:39.943176 -82 -83 -89 -77 -66 
2016-05-19 21:34:40.142200 -75 -85 -84 -74 -68 
2016-05-19 21:34:40.246211 -75 -84 -83 -76 -68 
2016-05-19 21:34:40.394233 -84 -83 -84 -79 -72 
2016-05-19 21:34:40.708301 -79 -83 -88 -78 -69 
2016-05-19 21:34:41.024316 -76 -82 -83 -78 -68 
2016-05-19 21:34:41.237343 -74 -85 -84 -78 -66 
2016-05-19 21:34:41.370365 -76 -84 -85 -77 -68 
2016-05-19 21:34:41.562386 -73 -82 -84 -80 -72 
2016-05-19 21:34:41.822420 -71 -86 -89 -76 -68 
2016-05-19 21:34:42.178479 -76 -85 -82 -79 -71 
2016-05-19 21:34:42.289482 -81 -81 -87 -83 -69 
2016-05-19 21:34:42.389495 -81 -80 -82 -76 -72 
2016-05-19 21:34:42.594522 -74 -85 -83 -82 -78 
2016-05-19 21:34:42.862556 -84 -77 -82 -76 -70 
2016-05-19 21:34:43.014576 -79 -87 -88 -77 -70 
2016-05-19 21:34:43.119593 -80 -81 -84 -80 -64 
2016-05-19 21:34:43.393626 -73 -82 -84 -80 -68 
2016-05-19 21:34:43.628656 -71 -80 -85 -77 -71 
2016-05-19 21:34:43.972776 -71 -78 -79 -79 -68 
2016-05-19 21:34:44.075729 -83 -84 -82 -82 -74 
2016-05-19 21:34:44.346748 -76 -84 -78 -78 -79 
2016-05-19 21:34:44.527773 -82 -82 -83 -74 -73 
2016-05-19 21:34:44.636785 -78 -81 -86 -81 -71 
2016-05-19 21:34:44.742803 -79 -81 -81 -75 -68 
2016-05-19 21:34:44.953829 -80 -77 -83 -86 -75 
2016-05-19 21:34:45.058843 -72 -82 -80 -77 -66 
2016-05-19 21:34:45.369884 -75 -85 -82 -81 -70 
2016-05-19 21:34:45.654922 -79 -78 -86 -87 -69 
2016-05-19 21:34:45.960994 -77 -87 -85 -83 -69 
2016-05-19 21:34:46.152987 -79 -85 -87 -82 -65 
2016-05-19 21:34:46.360030 -78 -81 -87 -75 -71 
2016-05-19 21:34:46.565040 -76 -81 -86 -74 -71 
2016-05-19 21:34:46.957088 -81 -88 -90 -74 -73 
2016-05-19 21:34:47.201127 -81 -76 -91 -79 -76 
2016-05-19 21:34:47.327136 -91 -81 -92 -75 -68 
2016-05-19 21:34:47.540167 -81 -84 -90 -80 -72 
2016-05-19 21:34:47.958222 -82 -79 -89 -77 -72 
2016-05-19 21:34:48.163250 -88 -84 -90 -74 -75 
2016-05-19 21:34:48.792328 -81 -81 -88 -78 -70 
2016-05-19 21:34:49.414412 -78 -81 -92 -75 -66 
2016-05-19 21:34:49.729455 -80 -81 -90 -78 -68 
2016-05-19 21:34:49.938481 -88 -79 -86 -75 -68 
2016-05-19 21:34:50.233520 -80 -81 -83 -75 -70 
2016-05-19 21:34:50.355535 -82 -90 -84 -83 -72 
2016-05-19 21:34:50.667572 -77 -85 -88 -74 -70 
2016-05-19 21:34:50.864601 -78 -80 -89 -80 -70 
2016-05-19 21:34:51.040624 -78 -86 -83 -72 -70 
2016-05-19 21:34:51.197642 -77 -81 -84 -84 -69 
2016-05-19 21:34:51.513687 -77 -81 -87 -75 -70 
2016-05-19 21:34:52.035754 -78 -85 -85 -78 -73 
2016-05-19 21:34:52.243783 -77 -84 -86 -75 -72 
2016-05-19 21:34:52.449808 -81 -87 -89 -76 -74 
2016-05-19 21:34:52.667834 -81 -87 -89 -75 -76 
2016-05-19 21:34:53.292925 -77 -83 -90 -77 -75 
2016-05-19 21:34:53.604959 -77 -85 -86 -79 -70 
2016-05-19 21:34:53.813987 -78 -81 -85 -75 -73 
2016-05-19 21:34:54.234042 -81 -83 -84 -78 -72 
2016-05-19 21:34:54.353060 -81 -88 -87 -80 -73 
2016-05-19 21:34:54.654096 -80 -80 -84 -78 -66 
2016-05-19 21:34:54.863121 -81 -83 -83 -83 -67 
2016-05-19 21:34:55.252178 -75 -81 -85 -79 -72 
2016-05-19 21:34:55.374191 -81 -85 -87 -80 -75 
2016-05-19 21:34:55.565215 -77 -83 -89 -78 -70 
2016-05-19 21:34:55.816248 -77 -81 -86 -80 -66 
2016-05-19 21:34:55.923260 -76 -83 -86 -79 -66 
2016-05-19 21:34:56.191297 -73 -88 -87 -77 -71 
2016-05-19 21:34:56.301311 -79 -83 -82 -85 -69 
2016-05-19 21:34:56.403323 -83 -88 -85 -79 -65 
2016-05-19 21:34:56.554353 -83 -82 -87 -82 -75 
2016-05-19 21:34:56.864384 -87 -84 -87 -78 -68 
2016-05-19 21:34:57.153427 -82 -86 -84 -82 -74 
2016-05-19 21:34:57.260437 -76 -90 -88 -85 -71 
2016-05-19 21:34:57.469464 -77 -80 -85 -77 -70 
2016-05-19 21:34:57.675492 -78 -78 -81 -81 -65 
2016-05-19 21:34:57.874518 -84 -89 -84 -83 -73 
2016-05-19 21:34:57.980532 -81 -81 -81 -76 -70 
2016-05-19 21:34:58.256567 -85 -80 -84 -84 -64 
2016-05-19 21:34:58.400585 -78 -80 -85 -77 -68 
2016-05-19 21:34:58.857651 -84 -79 -84 -82 -66 
2016-05-19 21:34:59.124681 -87 -80 -81 -80 -70 
2016-05-19 21:34:59.557741 -81 -84 -84 -82 -75 
2016-05-19 21:34:59.969791 -79 -83 -83 -78 -70 
2016-05-19 21:35:00.295834 -79 -87 -86 -80 -68 
2016-05-19 21:35:00.496859 -80 -86 -84 -84 -67 
2016-05-19 21:35:00.674884 -83 -90 -84 -86 -69 
2016-05-19 21:35:01.171947 -81 -86 -86 -81 -69 
2016-05-19 21:35:01.437986 -80 -83 -87 -81 -68 
2016-05-19 21:35:01.545997 -82 -90 -88 -82 -67 
2016-05-19 21:35:01.797030 -83 -84 -84 -81 -68 
2016-05-19 21:35:02.319098 -83 -82 -86 -82 -73 
2016-05-19 21:35:02.521123 -80 -82 -85 -80 -68 
2016-05-19 21:35:02.947179 -76 -81 -87 -82 -77 
2016-05-19 21:35:03.230216 -77 -76 -86 -83 -73 
2016-05-19 21:35:03.436243 -76 -82 -84 -82 -72 
2016-05-19 21:35:03.602266 -73 -78 -81 -81 -68 
2016-05-19 21:35:03.817293 -75 -79 -80 -81 -67 
2016-05-19 21:35:03.960312 -77 -76 -87 -78 -66 
2016-05-19 21:35:04.065325 -76 -75 -84 -80 -75 
2016-05-19 21:35:04.179338 -83 -79 -85 -84 -73 
2016-05-19 21:35:04.387368 -73 -87 -80 -82 -63 
2016-05-19 21:35:04.704407 -73 -82 -83 -81 -66 
2016-05-19 21:35:05.016449 -79 -82 -83 -74 -70 
2016-05-19 21:35:05.229475 -66 -81 -83 -78 -72 
2016-05-19 21:35:05.433508 -77 -81 -83 -81 -69 
2016-05-19 21:35:05.887563 -75 -82 -83 -84 -69 
2016-05-19 21:35:05.989574 -70 -76 -91 -82 -71 
2016-05-19 21:35:07.355755 -79 -86 -90 -83 -75 
2016-05-19 21:35:09.333025 -80 -85 -89 -86 -73 
2016-05-19 21:35:14.266658 -80 -87 -93 -86 -75 
2016-05-19 21:35:14.794731 -80 -87 -93 -87 -73 
2016-05-19 21:35:15.424812 -80 -86 -92 -88 -71 
2016-05-19 21:35:15.635833 -79 -86 -92 -89 -75 
2016-05-19 21:35:15.892870 -84 -86 -91 -87 -78 
2016-05-19 21:35:16.734983 -81 -87 -91 -89 -72 
2016-05-19 21:35:17.642099 -79 -87 -90 -87 -76 
2016-05-19 21:35:18.482209 -78 -86 -91 -86 -75 
2016-05-19 21:35:19.629376 -79 -86 -91 -87 -78 
2016-05-19 21:35:20.673498 -80 -86 -90 -89 -75 
2016-05-19 21:35:21.819645 -80 -86 -90 -88 -75 
2016-05-19 21:35:27.683410 -79 -86 -89 -87 -75 
2016-05-19 21:35:30.315753 -80 -86 -93 -87 -72 
2016-05-19 21:35:30.530781 -81 -89 -91 -88 -75 
2016-05-19 21:35:30.682804 -80 -87 -91 -86 -69 
2016-05-19 21:35:31.012842 -79 -87 -92 -86 -74 
2016-05-19 21:35:33.063109 -79 -86 -92 -86 -73 
2016-05-19 21:35:33.692198 -79 -88 -91 -86 -72 
2016-05-19 21:35:46.045813 -79 -87 -88 -85 -71 
2016-05-19 21:35:47.592012 -80 -85 -92 -86 -73 
2016-05-19 21:35:48.319109 -81 -83 -92 -85 -74 
2016-05-19 21:35:49.262229 -79 -83 -91 -83 -76 
2016-05-19 21:35:51.279496 -79 -84 -89 -85 -73 
2016-05-19 21:36:03.278071 -78 -84 -93 -85 -75 
2016-05-19 21:36:09.884922 -78 -85 -92 -87 -75 
2016-05-19 21:36:10.093949 -79 -88 -91 -86 -76 
2016-05-19 21:36:11.143087 -80 -86 -91 -86 -73 
2016-05-19 21:36:12.280236 -80 -87 -88 -83 -72 
2016-05-19 21:36:12.698290 -83 -85 -88 -85 -74 
2016-05-19 21:36:12.909318 -78 -86 -86 -85 -80 
2016-05-19 21:36:13.779432 -80 -89 -87 -84 -77 
2016-05-19 21:36:14.701551 -79 -87 -89 -85 -76 
2016-05-19 21:36:14.912579 -79 -89 -89 -84 -71 
2016-05-19 21:36:18.245014 -78 -86 -90 -86 -76 
2016-05-19 21:36:18.879097 -81 -86 -90 -86 -75 
2016-05-19 21:36:19.097125 -79 -85 -91 -87 -73 
2016-05-19 21:36:20.886359 -78 -84 -90 -86 -74 
2016-05-19 21:36:22.453564 -78 -87 -89 -86 -70 
2016-05-19 21:36:22.728600 -80 -83 -89 -86 -72 
2016-05-19 21:36:22.935627 -76 -83 -87 -89 -72 
2016-05-19 21:36:23.799740 -81 -82 -84 -84 -72 
2016-05-19 21:36:24.215794 -80 -82 -86 -86 -73 
2016-05-19 21:36:24.633849 -80 -83 -86 -87 -74 
2016-05-19 21:36:25.050903 -82 -81 -84 -86 -70 
2016-05-19 21:36:25.697987 -81 -84 -91 -86 -77 
2016-05-19 21:36:25.985025 -82 -87 -91 -86 -77 
2016-05-19 21:36:26.199054 -80 -84 -86 -89 -77 
2016-05-19 21:36:26.408080 -84 -83 -86 -87 -71 
2016-05-19 21:36:26.621108 -79 -86 -89 -86 -68 
2016-05-19 21:36:26.816134 -81 -86 -89 -85 -73 
2016-05-19 21:36:26.927149 -87 -87 -85 -84 -70 
2016-05-19 21:36:27.072167 -77 -86 -91 -88 -79 
2016-05-19 21:36:27.337202 -78 -87 -90 -85 -73 
2016-05-19 21:36:27.499223 -84 -86 -92 -87 -80 
2016-05-19 21:36:27.788261 -84 -87 -88 -87 -66 
2016-05-19 21:36:28.071318 -79 -85 -88 -85 -75 
2016-05-19 21:36:28.385354 -76 -84 -91 -83 -74 
2016-05-19 21:36:29.081434 -79 -86 -90 -84 -73 
2016-05-19 21:36:30.871667 -79 -85 -86 -85 -72 
2016-05-19 21:36:31.215713 -76 -86 -87 -89 -72 
2016-05-19 21:36:31.389735 -77 -85 -87 -89 -78 
2016-05-19 21:36:32.226843 -77 -84 -87 -86 -77 
2016-05-19 21:36:32.513884 -78 -85 -84 -89 -77 
2016-05-19 21:36:32.761913 -82 -84 -90 -84 -72 
2016-05-19 21:36:32.973944 -78 -86 -91 -84 -68 
2016-05-19 21:36:33.183993 -79 -84 -88 -87 -73 
2016-05-19 21:36:33.598020 -80 -88 -86 -84 -72 
2016-05-19 21:36:33.805044 -77 -85 -91 -83 -70 
2016-05-19 21:36:33.917062 -88 -84 -90 -85 -72 
2016-05-19 21:36:34.115085 -79 -85 -83 -81 -72 
2016-05-19 21:36:34.322115 -81 -85 -84 -85 -72 
2016-05-19 21:36:34.430126 -80 -86 -87 -88 -81 
2016-05-19 21:36:34.703165 -81 -82 -87 -86 -75 
2016-05-19 21:36:34.835179 -86 -82 -83 -85 -81 
2016-05-19 21:36:35.046209 -78 -83 -81 -88 -73 
2016-05-19 21:36:35.277240 -78 -81 -91 -87 -87 
2016-05-19 21:36:35.790304 -82 -84 -85 -84 -76 
2016-05-19 21:36:35.909326 -83 -83 -89 -84 -81 
2016-05-19 21:36:36.339382 -79 -86 -90 -87 -77 
2016-05-19 21:36:36.636419 -82 -88 -85 -85 -76 
2016-05-19 21:36:36.846444 -83 -87 -84 -83 -76 
2016-05-19 21:36:37.106478 -79 -84 -90 -87 -79 
2016-05-19 21:36:37.686556 -80 -85 -93 -83 -74 
2016-05-19 21:36:37.897585 -80 -85 -86 -84 -73 
2016-05-19 21:36:38.101608 -83 -87 -85 -88 -76 
2016-05-19 21:36:38.207622 -77 -90 -91 -87 -88 
2016-05-19 21:36:38.641678 -81 -85 -89 -86 -73 
2016-05-19 21:36:39.064737 -82 -81 -88 -84 -78 
2016-05-19 21:36:39.274764 -82 -87 -84 -85 -69 
2016-05-19 21:36:39.488789 -78 -86 -84 -83 -69 
2016-05-19 21:36:39.685830 -81 -88 -91 -83 -75 
2016-05-19 21:36:39.858837 -77 -84 -91 -86 -68 
2016-05-19 21:36:39.966851 -78 -89 -85 -81 -75 
2016-05-19 21:36:40.309899 -78 -87 -88 -92 -71 
2016-05-19 21:36:40.417910 -87 -86 -85 -87 -75 
2016-05-19 21:36:40.629942 -87 -85 -88 -87 -71 
2016-05-19 21:36:41.202038 -83 -89 -87 -84 -72 
2016-05-19 21:36:41.575061 -80 -89 -86 -83 -69 
2016-05-19 21:36:41.788089 -79 -83 -89 -83 -69 
2016-05-19 21:36:42.203143 -79 -91 -89 -89 -75 
2016-05-19 21:36:42.314158 -82 -84 -84 -85 -72 
2016-05-19 21:36:42.765217 -82 -87 -91 -85 -74 
2016-05-19 21:36:42.973244 -82 -85 -91 -87 -68 
2016-05-19 21:36:43.256281 -81 -85 -85 -84 -73 
2016-05-19 21:36:43.548319 -84 -80 -90 -81 -71 
2016-05-19 21:36:43.758347 -84 -79 -89 -82 -73 
2016-05-19 21:36:44.227407 -84 -82 -85 -87 -71 
2016-05-19 21:36:44.653463 -79 -85 -93 -89 -70 
2016-05-19 21:36:44.857490 -84 -87 -85 -82 -74 
2016-05-19 21:36:45.169531 -84 -88 -87 -83 -73 
2016-05-19 21:36:45.902631 -80 -87 -86 -86 -71 
2016-05-19 21:36:46.316681 -80 -85 -88 -87 -72 
2016-05-19 21:36:46.525728 -83 -86 -84 -84 -74 
2016-05-19 21:36:46.635723 -80 -87 -86 -92 -71 
2016-05-19 21:36:46.961765 -85 -83 -90 -82 -72 
2016-05-19 21:36:47.376819 -86 -83 -83 -90 -74 
2016-05-19 21:36:47.517838 -87 -82 -89 -87 -80 
2016-05-19 21:36:47.751868 -81 -83 -84 -87 -75 
2016-05-19 21:36:55.225848 -88 -83 -87 -86 -72 
2016-05-19 21:36:55.474877 -86 -84 -86 -88 -75 
2016-05-19 21:36:56.201974 -85 -86 -89 -84 -71 
2016-05-19 21:36:56.310991 -87 -86 -84 -85 -84 
2016-05-19 21:36:56.616031 -82 -84 -85 -88 -71 
2016-05-19 21:36:56.827051 -82 -87 -81 -87 -76 
2016-05-19 21:36:57.146099 -81 -86 -88 -87 -73 
2016-05-19 21:36:57.257107 -80 -91 -88 -86 -80 
2016-05-19 21:36:57.467137 -81 -85 -88 -85 -77 
2016-05-19 21:36:57.890193 -82 -87 -82 -82 -74 
2016-05-19 21:36:58.102218 -80 -85 -89 -82 -74 
2016-05-19 21:36:58.216240 -79 -90 -88 -90 -71 
2016-05-19 21:36:58.423263 -80 -85 -87 -83 -75 
2016-05-19 21:36:58.635291 -81 -85 -88 -90 -75 
2016-05-19 21:36:58.844330 -90 -87 -89 -84 -76 
2016-05-19 21:36:59.116357 -85 -87 -88 -86 -78 
2016-05-19 21:36:59.276379 -78 -86 -84 -84 -80 
2016-05-19 21:36:59.584414 -81 -88 -85 -86 -75 
2016-05-19 21:36:59.793442 -82 -85 -84 -85 -74 
2016-05-19 21:37:00.387517 -80 -83 -86 -87 -71 
2016-05-19 21:37:00.596551 -80 -84 -85 -85 -71 
2016-05-19 21:37:00.804578 -80 -85 -84 -89 -74 
2016-05-19 21:37:01.116618 -79 -90 -88 -89 -72 
2016-05-19 21:37:01.534670 -87 -84 -85 -84 -69 
2016-05-19 21:37:01.641687 -81 -84 -84 -84 -70 
2016-05-19 21:37:01.815717 -80 -88 -88 -85 -76 
2016-05-19 21:37:01.921723 -80 -92 -84 -85 -84 
2016-05-19 21:37:02.340798 -80 -86 -89 -84 -73 
2016-05-19 21:37:03.061872 -80 -84 -88 -90 -72 
2016-05-19 21:37:03.615940 -80 -87 -88 -85 -73 
2016-05-19 21:37:03.913979 -78 -90 -86 -87 -72 
2016-05-19 21:37:04.032992 -75 -89 -86 -86 -77 
2016-05-19 21:37:04.245023 -78 -89 -85 -86 -73 
2016-05-19 21:37:04.655077 -77 -86 -87 -89 -73 
2016-05-19 21:37:05.088152 -80 -83 -84 -84 -73 
2016-05-19 21:37:05.194155 -76 -81 -87 -83 -71 
2016-05-19 21:37:05.301171 -78 -81 -90 -83 -75 
2016-05-19 21:37:05.890247 -79 -85 -92 -85 -73 
2016-05-19 21:37:06.097273 -80 -84 -84 -83 -82 
2016-05-19 21:37:06.303291 -82 -85 -88 -83 -78 
2016-05-19 21:37:06.712349 -79 -86 -86 -83 -75 
2016-05-19 21:37:07.029387 -80 -82 -90 -84 -70 
2016-05-19 21:37:07.176410 -87 -80 -85 -87 -71 
2016-05-19 21:37:07.387438 -84 -85 -86 -87 -70 
2016-05-19 21:37:08.356560 -81 -85 -87 -84 -74 
2016-05-19 21:37:08.567591 -79 -86 -84 -86 -75 
2016-05-19 21:37:08.777620 -80 -87 -87 -87 -75 
2016-05-19 21:37:08.960640 -80 -87 -87 -85 -74 
2016-05-19 21:37:09.524723 -82 -90 -86 -86 -75 
2016-05-19 21:37:09.965770 -78 -87 -87 -86 -75 
2016-05-19 21:37:10.178795 -79 -88 -87 -88 -74 
2016-05-19 21:37:10.387830 -84 -81 -87 -86 -75 
2016-05-19 21:37:10.591853 -82 -83 -86 -86 -75 
2016-05-19 21:37:11.013904 -84 -84 -87 -90 -75 
2016-05-19 21:37:11.277947 -79 -83 -87 -85 -76 
2016-05-19 21:37:11.644994 -82 -88 -86 -85 -75 
2016-05-19 21:37:12.063048 -80 -85 -86 -85 -75 
2016-05-19 21:37:12.274070 -80 -88 -86 -82 -76 
2016-05-19 21:37:12.696127 -80 -82 -86 -85 -75 
2016-05-19 21:37:12.903158 -82 -88 -86 -85 -75 
2016-05-19 21:37:13.111181 -82 -87 -86 -88 -75 
2016-05-19 21:37:13.419218 -79 -87 -86 -87 -75 
2016-05-19 21:37:13.805273 -78 -81 -90 -85 -74 
2016-05-19 21:37:14.165318 -79 -80 -86 -83 -71 
2016-05-19 21:37:14.385346 -77 -87 -92 -86 -78 
2016-05-19 21:37:14.911416 -79 -81 -89 -86 -77 
2016-05-19 21:37:15.423486 -84 -82 -89 -89 -77 
2016-05-19 21:37:15.737523 -81 -86 -90 -88 -72 
2016-05-19 21:37:15.847538 -76 -89 -87 -90 -70 
2016-05-19 21:37:16.029559 -86 -84 -88 -90 -72 
2016-05-19 21:37:16.055567 -77 -86 -85 -85 -74 
2016-05-19 21:37:16.552639 -80 -84 -85 -88 -74 
2016-05-19 21:37:16.866671 -78 -84 -85 -80 -73 
2016-05-19 21:37:17.206715 -78 -84 -90 -85 -78 
2016-05-19 21:37:17.411742 -78 -83 -92 -89 -76 
2016-05-19 21:37:17.593771 -76 -84 -90 -88 -72 
2016-05-19 21:37:17.833801 -76 -82 -91 -82 -72 
2016-05-19 21:37:18.997949 -80 -83 -85 -83 -72 
2016-05-19 21:37:19.209974 -78 -88 -87 -84 -69 
2016-05-19 21:37:19.932071 -80 -86 -88 -86 -72 
2016-05-19 21:37:20.148099 -77 -86 -87 -79 -73 
2016-05-19 21:37:20.263114 -73 -87 -90 -78 -67 
2016-05-19 21:37:21.101224 -78 -88 -89 -83 -72 
2016-05-19 21:37:21.312251 -77 -86 -88 -78 -75 
2016-05-19 21:37:21.522278 -80 -86 -92 -77 -73 
2016-05-19 21:37:21.934337 -82 -89 -85 -77 -74 
2016-05-19 21:37:22.562415 -78 -91 -87 -78 -70 
2016-05-19 21:37:22.684435 -78 -86 -88 -86 -75 
2016-05-19 21:37:22.877461 -74 -87 -87 -80 -73 
2016-05-19 21:37:23.190506 -77 -87 -89 -79 -72 
2016-05-19 21:37:23.501538 -76 -90 -87 -78 -71 
2016-05-19 21:37:23.711565 -81 -87 -87 -83 -73 
2016-05-19 21:37:23.919596 -82 -91 -90 -82 -72 
2016-05-19 21:37:33.690873 -77 -89 -89 -82 -71 
2016-05-19 21:37:34.110930 -78 -88 -88 -82 -73 
2016-05-19 21:37:34.323951 -81 -89 -88 -84 -73 
2016-05-19 21:37:34.607989 -80 -89 -88 -83 -75 
2016-05-19 21:37:34.782009 -82 -87 -89 -80 -73 
2016-05-19 21:37:35.239070 -81 -89 -88 -82 -72 
2016-05-19 21:37:35.410093 -80 -86 -89 -82 -72 
2016-05-19 21:37:35.774141 -78 -87 -89 -80 -76 
2016-05-19 21:37:35.888155 -78 -87 -89 -78 -73 
2016-05-19 21:37:36.631256 -76 -86 -87 -81 -74 
2016-05-19 21:37:37.146323 -78 -91 -90 -83 -76 
2016-05-19 21:37:37.460361 -81 -87 -88 -80 -78 
2016-05-19 21:37:37.594379 -81 -86 -90 -83 -75 
2016-05-19 21:37:37.774402 -76 -86 -90 -79 -78 
2016-05-19 21:37:38.050437 -80 -86 -88 -84 -77 
2016-05-19 21:37:39.040568 -79 -85 -88 -82 -73 
2016-05-19 21:37:39.246598 -78 -86 -83 -83 -68 
2016-05-19 21:37:39.453621 -79 -83 -85 -84 -71 
2016-05-19 21:37:39.761665 -78 -86 -91 -87 -70 
2016-05-19 21:37:40.005700 -81 -81 -89 -85 -70 
2016-05-19 21:37:40.751795 -77 -86 -88 -83 -71 
2016-05-19 21:37:41.172844 -74 -83 -89 -81 -73 
2016-05-19 21:37:41.497885 -77 -88 -88 -84 -72 
2016-05-19 21:37:41.982950 -79 -84 -87 -84 -70 
2016-05-19 21:37:42.609034 -79 -86 -92 -84 -71 
2016-05-19 21:37:42.822066 -85 -86 -87 -82 -71 
2016-05-19 21:37:43.327132 -84 -84 -87 -80 -68 
2016-05-19 21:37:43.534155 -81 -84 -89 -83 -69 
2016-05-19 21:37:43.640169 -81 -88 -87 -84 -66 
2016-05-19 21:37:43.858195 -81 -81 -85 -83 -70 
2016-05-19 21:37:44.389286 -83 -83 -87 -82 -70 
2016-05-19 21:37:44.498277 -82 -86 -90 -82 -73 
2016-05-19 21:37:44.606294 -87 -84 -87 -83 -68 
2016-05-19 21:37:44.804323 -80 -83 -87 -82 -70 
2016-05-19 21:37:45.018347 -79 -87 -88 -83 -72 
2016-05-19 21:37:45.226375 -81 -86 -88 -84 -72 
2016-05-19 21:37:45.436404 -77 -81 -88 -83 -72 
2016-05-19 21:37:45.649431 -84 -81 -87 -83 -71 
2016-05-19 21:37:45.971473 -78 -82 -87 -83 -70 
2016-05-19 21:37:46.188499 -77 -81 -87 -85 -71 
2016-05-19 21:37:49.331913 -78 -82 -93 -84 -70 
2016-05-19 21:37:51.527199 -78 -82 -88 -85 -71 
2016-05-19 21:37:52.155283 -74 -82 -88 -85 -70 
2016-05-19 21:37:53.621472 -77 -82 -88 -85 -71 
2016-05-19 21:37:53.929509 -77 -84 -88 -86 -70 
2016-05-19 21:37:54.346566 -77 -82 -88 -85 -71 
2016-05-19 21:37:55.064658 -79 -85 -89 -85 -70 
2016-05-19 21:37:55.273692 -79 -84 -89 -89 -70 
2016-05-19 21:37:55.901777 -81 -82 -88 -87 -71 
2016-05-19 21:37:56.113802 -78 -84 -89 -85 -70 
2016-05-19 21:37:56.745885 -78 -81 -88 -86 -70 
2016-05-19 21:37:57.372984 -76 -86 -89 -86 -71 
2016-05-19 21:37:57.582990 -82 -81 -89 -87 -70 
2016-05-19 21:37:58.967178 -75 -83 -92 -86 -70 
2016-05-19 21:38:00.767406 -80 -84 -92 -85 -71 
2016-05-19 21:38:00.971435 -80 -84 -92 -84 -68 
2016-05-19 21:38:01.253487 -76 -86 -91 -84 -69 
2016-05-19 21:38:01.803542 -76 -84 -91 -87 -72 
2016-05-19 21:38:02.222600 -73 -84 -91 -87 -71 
2016-05-19 21:38:03.675793 -78 -83 -91 -86 -71 
2016-05-19 21:38:03.882820 -74 -86 -90 -87 -70 
2016-05-19 21:38:04.092863 -73 -82 -88 -87 -72 
2016-05-19 21:38:04.608943 -77 -83 -90 -87 -73 
2016-05-19 21:38:05.229997 -76 -82 -90 -85 -70 
2016-05-19 21:38:05.447024 -83 -82 -90 -86 -72 
2016-05-19 21:38:06.070105 -78 -84 -91 -84 -73 
2016-05-19 21:38:06.275133 -82 -83 -91 -88 -68 
2016-05-19 21:38:06.994227 -74 -84 -91 -85 -72 
2016-05-19 21:38:07.338277 -78 -84 -90 -85 -72 
2016-05-19 21:38:07.543303 -80 -83 -92 -85 -74 
2016-05-19 21:38:07.642310 -73 -85 -92 -89 -72 
2016-05-19 21:38:08.463425 -79 -85 -91 -85 -72 
2016-05-19 21:38:13.183027 -80 -84 -92 -85 -73 
2016-05-19 21:38:14.449196 -85 -84 -93 -86 -73 
2016-05-19 21:38:16.875505 -82 -84 -91 -86 -73 
2016-05-19 21:38:17.926646 -81 -83 -91 -85 -72 
2016-05-19 21:38:18.465714 -83 -83 -92 -88 -73 
2016-05-19 21:38:19.831896 -80 -84 -93 -85 -74 
2016-05-19 21:38:20.142940 -82 -84 -92 -86 -74 
2016-05-19 21:38:20.350960 -82 -81 -91 -87 -72 
2016-05-19 21:38:20.978044 -86 -84 -92 -84 -73 
2016-05-19 21:38:22.872292 -82 -83 -92 -85 -73 
2016-05-19 21:38:24.462500 -80 -83 -92 -86 -73 
2016-05-19 21:38:27.406886 -79 -85 -91 -86 -72 
2016-05-19 21:38:31.157391 -79 -84 -91 -84 -72 
2016-05-19 21:38:34.514821 -81 -84 -91 -84 -70 
2016-05-19 21:38:39.018406 -79 -85 -91 -80 -70 
2016-05-19 21:38:44.980181 -79 -85 -91 -83 -72 
2016-05-19 21:38:45.612267 -81 -85 -89 -83 -70 
2016-05-19 21:38:45.816289 -81 -85 -89 -82 -75 
2016-05-19 21:38:46.453370 -81 -84 -92 -84 -76 
2016-05-19 21:38:46.561387 -79 -84 -84 -84 -72 
2016-05-19 21:38:46.991443 -79 -84 -91 -83 -78 
2016-05-19 21:38:47.195469 -78 -88 -85 -82 -74 
2016-05-19 21:38:47.613522 -75 -88 -85 -86 -75 
2016-05-19 21:38:48.664662 -79 -84 -84 -84 -74 
2016-05-19 21:38:48.872697 -77 -83 -88 -79 -74 
2016-05-19 21:38:49.188727 -80 -83 -90 -85 -78 
2016-05-19 21:38:49.371754 -88 -83 -84 -84 -73 
2016-05-19 21:38:49.714798 -83 -88 -85 -86 -73 
2016-05-19 21:38:49.928823 -78 -84 -89 -92 -77 
2016-05-19 21:38:50.134853 -77 -76 -86 -84 -70 
2016-05-19 21:38:50.346880 -75 -81 -87 -83 -68 
2016-05-19 21:38:50.453893 -70 -76 -82 -74 -77 
2016-05-19 21:38:50.594914 -70 -85 -88 -79 -69 
2016-05-19 21:38:50.805941 -78 -81 -81 -79 -71 
2016-05-19 21:38:51.072980 -72 -83 -81 -86 -68 
2016-05-19 21:38:51.464029 -77 -83 -84 -81 -72 
2016-05-19 21:38:51.690058 -71 -76 -81 -80 -70 
2016-05-19 21:38:51.895083 -78 -89 -81 -78 -72 
2016-05-19 21:38:52.075107 -73 -77 -83 -79 -75 
2016-05-19 21:38:52.182121 -75 -77 -86 -71 -76 
2016-05-19 21:38:52.330141 -73 -70 -81 -80 -74 
2016-05-19 21:38:52.623183 -81 -75 -87 -74 -83 
2016-05-19 21:38:52.731193 -77 -79 -82 -85 -78 
2016-05-19 21:38:53.041238 -82 -78 -80 -83 -82 
2016-05-19 21:38:53.281265 -80 -72 -79 -83 -78 
2016-05-19 21:38:53.482291 -79 -92 -79 -71 -81 
2016-05-19 21:38:53.591305 -72 -85 -81 -76 -68 
2016-05-19 21:38:53.768334 -82 -74 -79 -76 -65 
2016-05-19 21:38:53.877342 -82 -78 -79 -76 -82 
2016-05-19 21:38:54.085369 -71 -74 -78 -76 -72 
2016-05-19 21:38:54.231389 -76 -72 -81 -74 -80 
2016-05-19 21:38:54.400411 -73 -80 -83 -73 -79 
2016-05-19 21:38:54.646444 -77 -69 -82 -71 -75 
2016-05-19 21:38:54.754454 -79 -74 -84 -81 -77 
2016-05-19 21:38:54.862471 -80 -77 -75 -71 -76 
2016-05-19 21:38:55.072498 -77 -74 -80 -69 -76 
2016-05-19 21:38:55.422544 -78 -71 -78 -71 -75 
2016-05-19 21:38:55.524556 -90 -69 -80 -74 -84 
2016-05-19 21:38:55.681578 -72 -75 -76 -67 -75 
2016-05-19 21:38:55.784589 -80 -80 -79 -76 -83 
2016-05-19 21:38:55.889602 -75 -76 -76 -76 -77 
2016-05-19 21:38:56.105633 -79 -78 -84 -76 -75 
2016-05-19 21:38:56.288661 -76 -84 -78 -77 -72 
2016-05-19 21:38:56.552697 -79 -76 -82 -76 -70 
2016-05-19 21:38:56.657705 -79 -72 -84 -77 -69 
2016-05-19 21:38:56.872734 -76 -80 -82 -72 -73 
2016-05-19 21:38:56.976747 -74 -75 -73 -64 -84 
2016-05-19 21:38:57.182778 -84 -74 -85 -70 -83 
2016-05-19 21:38:57.389799 -83 -71 -81 -82 -75 
2016-05-19 21:38:57.568829 -79 -71 -74 -68 -80 
2016-05-19 21:38:57.705843 -87 -78 -74 -74 -76 
2016-05-19 21:38:57.811860 -85 -72 -77 -81 -77 
2016-05-19 21:38:57.917870 -87 -75 -77 -66 -75 
2016-05-19 21:38:58.023888 -78 -71 -79 -68 -79 
2016-05-19 21:38:58.127898 -80 -67 -80 -75 -74 
2016-05-19 21:38:58.234909 -75 -76 -87 -68 -74 
2016-05-19 21:38:58.440939 -88 -79 -82 -71 -81 
2016-05-19 21:38:58.591958 -87 -69 -83 -75 -82 
2016-05-19 21:38:58.701973 -77 -68 -75 -70 -79 
2016-05-19 21:38:58.812987 -77 -71 -79 -74 -82 
2016-05-19 21:38:58.916001 -79 -75 -76 -67 -82 
2016-05-19 21:38:59.121027 -87 -70 -75 -72 -80 
2016-05-19 21:38:59.329058 -78 -64 -75 -71 -86 
2016-05-19 21:38:59.433069 -81 -68 -84 -68 -82 
2016-05-19 21:38:59.648096 -82 -65 -83 -70 -83 
2016-05-19 21:38:59.828119 -78 -63 -82 -66 -83 
2016-05-19 21:39:00.035144 -79 -72 -75 -79 -82 
2016-05-19 21:39:00.242173 -71 -73 -80 -69 -83 
2016-05-19 21:39:00.398194 -83 -67 -76 -71 -82 
2016-05-19 21:39:00.707234 -77 -72 -81 -78 -82 
2016-05-19 21:39:00.842251 -78 -73 -75 -78 -85 
2016-05-19 21:39:01.012276 -71 -67 -77 -81 -82 
2016-05-19 21:39:01.337317 -77 -68 -80 -72 -77 
2016-05-19 21:39:01.470332 -79 -73 -80 -69 -80 
2016-05-19 21:39:01.574351 -79 -78 -75 -77 -84 
2016-05-19 21:39:01.682361 -78 -71 -78 -82 -78 
2016-05-19 21:39:01.784378 -78 -76 -71 -75 -83 
2016-05-19 21:39:01.961399 -80 -70 -70 -71 -78 
2016-05-19 21:39:02.063411 -80 -70 -82 -83 -84 
2016-05-19 21:39:02.168425 -82 -71 -75 -76 -86 
2016-05-19 21:39:02.385451 -87 -77 -85 -71 -79 
2016-05-19 21:39:02.592480 -81 -71 -79 -71 -83 
2016-05-19 21:39:02.731500 -74 -65 -77 -77 -81 
2016-05-19 21:39:02.942527 -84 -64 -80 -69 -80 
2016-05-19 21:39:03.126551 -79 -65 -82 -72 -78 
2016-05-19 21:39:03.328577 -75 -64 -80 -69 -80 
2016-05-19 21:39:03.856646 -78 -68 -84 -75 -78 
2016-05-19 21:39:04.068706 -81 -75 -82 -79 -78 
1313
