2016-05-19 22:05:46.225565 -78 -84 -85 -90 -73 
2016-05-19 22:05:46.817645 -79 -84 -87 -82 -74 
2016-05-19 22:05:47.555749 -82 -88 -86 -82 -69 
2016-05-19 22:05:47.660759 -82 -85 -93 -83 -67 
2016-05-19 22:05:48.287848 -78 -86 -89 -83 -70 
2016-05-19 22:05:48.585882 -77 -86 -92 -88 -70 
2016-05-19 22:05:48.684893 -81 -87 -89 -85 -68 
2016-05-19 22:05:49.535004 -79 -86 -89 -84 -66 
2016-05-19 22:05:50.057065 -82 -88 -91 -84 -71 
2016-05-19 22:05:51.091200 -81 -82 -84 -82 -68 
2016-05-19 22:05:51.608270 -84 -88 -87 -81 -70 
2016-05-19 22:05:52.029319 -84 -82 -88 -83 -67 
2016-05-19 22:05:53.584523 -81 -85 -86 -83 -67 
2016-05-19 22:05:54.109590 -81 -84 -91 -81 -71 
2016-05-19 22:05:54.317621 -82 -83 -92 -87 -73 
2016-05-19 22:05:55.248746 -79 -85 -89 -85 -68 
2016-05-19 22:05:55.535783 -88 -83 -89 -88 -74 
2016-05-19 22:05:55.748811 -82 -88 -86 -83 -66 
2016-05-19 22:05:55.936868 -81 -83 -89 -83 -70 
2016-05-19 22:05:56.286879 -83 -86 -83 -83 -75 
2016-05-19 22:05:56.802945 -83 -86 -90 -80 -71 
2016-05-19 22:05:57.014971 -89 -85 -91 -82 -75 
2016-05-19 22:05:57.437058 -79 -89 -87 -83 -72 
2016-05-19 22:05:58.183134 -82 -85 -88 -84 -70 
2016-05-19 22:05:58.606189 -83 -82 -90 -80 -68 
2016-05-19 22:05:59.126256 -79 -85 -84 -85 -70 
2016-05-19 22:05:59.268275 -78 -80 -82 -76 -66 
2016-05-19 22:05:59.793342 -79 -80 -87 -83 -69 
2016-05-19 22:05:59.972359 -72 -85 -88 -77 -67 
2016-05-19 22:06:00.998493 -76 -83 -88 -84 -73 
2016-05-19 22:06:01.216521 -78 -84 -88 -83 -80 
2016-05-19 22:06:01.626576 -79 -81 -92 -88 -71 
2016-05-19 22:06:03.101768 -85 -87 -92 -86 -81 
2016-05-19 22:06:05.105034 -84 -90 -90 -85 -78 
2016-05-19 22:06:06.574221 -86 -88 -87 -85 -80 
2016-05-19 22:06:06.783261 -86 -89 -87 -86 -80 
2016-05-19 22:06:07.508351 -87 -87 -89 -80 -80 
2016-05-19 22:06:09.376586 -84 -84 -86 -85 -79 
2016-05-19 22:06:09.609618 -84 -86 -87 -89 -77 
2016-05-19 22:06:09.812649 -85 -85 -88 -86 -77 
2016-05-19 22:06:10.515739 -88 -86 -90 -83 -79 
2016-05-19 22:06:10.727764 -83 -86 -89 -84 -79 
2016-05-19 22:06:10.931788 -87 -84 -89 -82 -80 
2016-05-19 22:06:11.244831 -85 -85 -90 -81 -78 
2016-05-19 22:06:11.801901 -85 -85 -89 -81 -78 
2016-05-19 22:06:12.219959 -83 -88 -90 -84 -78 
2016-05-19 22:06:12.538000 -88 -90 -91 -85 -80 
2016-05-19 22:06:13.580137 -84 -87 -89 -85 -79 
2016-05-19 22:06:13.806172 -86 -87 -89 -86 -79 
2016-05-19 22:06:14.839301 -86 -88 -88 -85 -76 
2016-05-19 22:06:15.167341 -83 -88 -90 -88 -81 
2016-05-19 22:06:15.796430 -82 -88 -90 -85 -80 
2016-05-19 22:06:17.006588 -85 -87 -89 -85 -79 
2016-05-19 22:06:17.385634 -85 -86 -91 -92 -82 
2016-05-19 22:06:17.801692 -85 -87 -89 -86 -82 
2016-05-19 22:06:18.479777 -87 -89 -88 -85 -80 
2016-05-19 22:06:18.694828 -83 -87 -88 -84 -80 
2016-05-19 22:06:18.903831 -87 -86 -90 -85 -80 
2016-05-19 22:06:20.296014 -85 -86 -88 -84 -81 
2016-05-19 22:06:20.703065 -83 -90 -88 -84 -81 
2016-05-19 22:06:21.120121 -83 -88 -89 -86 -80 
2016-05-19 22:06:21.350152 -84 -89 -88 -86 -79 
2016-05-19 22:06:22.596314 -87 -87 -88 -85 -80 
2016-05-19 22:06:22.819344 -86 -85 -87 -84 -82 
2016-05-19 22:06:23.029371 -86 -85 -89 -84 -86 
2016-05-19 22:06:23.236400 -82 -87 -90 -88 -83 
2016-05-19 22:06:24.590591 -81 -87 -91 -84 -79 
2016-05-19 22:06:24.834607 -86 -86 -89 -84 -78 
2016-05-19 22:06:25.307699 -86 -86 -90 -84 -80 
69
