2016-05-19 22:04:04.884350 -73 -87 -90 -83 -72 
2016-05-19 22:04:05.064351 -75 -82 -84 -82 -73 
2016-05-19 22:04:05.350391 -77 -78 -87 -84 -73 
2016-05-19 22:04:05.504408 -75 -82 -88 -84 -74 
2016-05-19 22:04:05.761439 -75 -82 -88 -81 -74 
2016-05-19 22:04:05.950471 -77 -80 -88 -79 -75 
2016-05-19 22:04:06.056480 -80 -83 -79 -82 -78 
2016-05-19 22:04:06.165498 -78 -81 -91 -79 -72 
2016-05-19 22:04:06.557546 -77 -83 -86 -83 -73 
2016-05-19 22:04:06.719567 -72 -78 -81 -79 -70 
2016-05-19 22:04:06.929594 -74 -83 -81 -80 -72 
2016-05-19 22:04:07.134621 -74 -82 -83 -77 -81 
2016-05-19 22:04:07.243642 -83 -82 -83 -79 -83 
2016-05-19 22:04:07.456667 -75 -77 -84 -79 -76 
2016-05-19 22:04:07.780717 -77 -77 -84 -85 -79 
2016-05-19 22:04:07.911726 -82 -76 -89 -81 -76 
2016-05-19 22:04:08.011740 -84 -87 -84 -84 -76 
2016-05-19 22:04:08.272777 -83 -74 -88 -78 -81 
2016-05-19 22:04:08.467803 -86 -81 -88 -78 -77 
2016-05-19 22:04:08.742838 -80 -78 -89 -81 -78 
2016-05-19 22:04:09.025890 -84 -79 -87 -80 -82 
2016-05-19 22:04:09.236903 -86 -80 -90 -79 -75 
2016-05-19 22:04:09.585954 -87 -82 -92 -80 -79 
2016-05-19 22:04:10.004012 -84 -80 -87 -77 -79 
2016-05-19 22:04:10.209030 -87 -78 -89 -89 -80 
2016-05-19 22:04:10.420057 -85 -81 -82 -86 -80 
2016-05-19 22:04:10.611087 -83 -79 -87 -80 -80 
2016-05-19 22:04:10.818109 -81 -80 -82 -83 -80 
2016-05-19 22:04:11.154154 -83 -80 -83 -79 -78 
2016-05-19 22:04:11.265168 -83 -84 -87 -80 -81 
2016-05-19 22:04:11.385184 -81 -77 -82 -81 -78 
2016-05-19 22:04:11.593211 -83 -80 -87 -82 -78 
2016-05-19 22:04:11.803238 -81 -81 -88 -82 -77 
2016-05-19 22:04:12.087272 -80 -80 -83 -84 -80 
2016-05-19 22:04:12.391319 -82 -79 -82 -84 -78 
2016-05-19 22:04:12.533333 -78 -79 -90 -83 -77 
2016-05-19 22:04:12.639347 -82 -76 -90 -81 -79 
2016-05-19 22:04:12.957386 -81 -77 -83 -84 -77 
2016-05-19 22:04:13.144418 -83 -79 -86 -84 -79 
2016-05-19 22:04:13.249428 -81 -77 -88 -87 -75 
2016-05-19 22:04:13.353441 -80 -80 -87 -86 -76 
2016-05-19 22:04:13.493459 -82 -80 -91 -86 -75 
2016-05-19 22:04:13.595472 -79 -77 -78 -90 -72 
2016-05-19 22:04:13.807498 -81 -78 -77 -90 -77 
2016-05-19 22:04:13.969521 -78 -82 -90 -84 -81 
2016-05-19 22:04:14.122540 -76 -79 -78 -86 -76 
2016-05-19 22:04:14.224554 -80 -77 -79 -86 -78 
2016-05-19 22:04:14.395577 -81 -79 -80 -89 -81 
2016-05-19 22:04:14.602616 -81 -81 -78 -88 -81 
2016-05-19 22:04:14.974652 -81 -80 -87 -76 -79 
2016-05-19 22:04:15.183680 -80 -82 -83 -81 -89 
2016-05-19 22:04:15.337710 -80 -75 -80 -92 -85 
2016-05-19 22:04:15.651746 -82 -79 -90 -84 -80 
2016-05-19 22:04:15.759754 -76 -81 -84 -81 -81 
2016-05-19 22:04:15.968782 -76 -83 -89 -82 -80 
2016-05-19 22:04:16.185824 -77 -76 -82 -84 -79 
2016-05-19 22:04:16.388838 -76 -82 -81 -82 -73 
2016-05-19 22:04:16.705889 -74 -80 -83 -81 -76 
2016-05-19 22:04:16.814893 -73 -91 -88 -86 -80 
2016-05-19 22:04:17.122929 -74 -80 -81 -82 -79 
2016-05-19 22:04:17.232944 -74 -76 -86 -81 -79 
2016-05-19 22:04:17.717015 -75 -78 -82 -83 -75 
2016-05-19 22:04:17.818025 -86 -78 -80 -81 -83 
2016-05-19 22:04:18.025051 -80 -81 -79 -81 -78 
2016-05-19 22:04:18.434104 -77 -85 -81 -84 -84 
2016-05-19 22:04:18.667168 -80 -85 -84 -88 -78 
2016-05-19 22:04:18.877158 -76 -84 -81 -76 -80 
2016-05-19 22:04:19.280208 -70 -82 -82 -79 -82 
2016-05-19 22:04:19.548239 -76 -87 -82 -83 -77 
2016-05-19 22:04:19.692265 -75 -80 -80 -85 -91 
2016-05-19 22:04:19.967301 -86 -81 -84 -82 -78 
2016-05-19 22:04:20.101314 -87 -86 -82 -84 -87 
2016-05-19 22:04:20.176324 -85 -78 -85 -83 -78 
2016-05-19 22:04:20.387357 -81 -85 -83 -83 -78 
2016-05-19 22:04:20.678387 -83 -86 -90 -82 -77 
2016-05-19 22:04:20.841411 -77 -88 -83 -88 -77 
2016-05-19 22:04:21.017438 -89 -80 -83 -86 -79 
2016-05-19 22:04:21.228459 -76 -79 -83 -81 -83 
2016-05-19 22:04:21.375481 -82 -83 -87 -79 -87 
2016-05-19 22:04:21.478492 -83 -84 -84 -80 -87 
2016-05-19 22:04:21.677524 -78 -85 -86 -80 -80 
2016-05-19 22:04:21.932557 -80 -80 -91 -80 -81 
2016-05-19 22:04:22.034567 -77 -87 -86 -83 -83 
2016-05-19 22:04:22.244602 -80 -82 -86 -83 -81 
2016-05-19 22:04:22.457635 -76 -80 -86 -84 -82 
2016-05-19 22:04:22.817681 -78 -83 -87 -83 -83 
2016-05-19 22:04:22.981697 -83 -76 -87 -83 -86 
2016-05-19 22:04:23.047711 -79 -84 -89 -83 -80 
2016-05-19 22:04:23.223727 -78 -75 -85 -83 -80 
2016-05-19 22:04:23.425757 -75 -80 -85 -80 -81 
2016-05-19 22:04:23.707798 -77 -81 -90 -81 -87 
2016-05-19 22:04:24.054838 -79 -77 -87 -76 -87 
2016-05-19 22:04:24.193853 -77 -81 -87 -76 -85 
2016-05-19 22:04:24.387887 -72 -74 -87 -83 -81 
2016-05-19 22:04:24.588897 -75 -88 -84 -77 -80 
2016-05-19 22:04:24.697919 -80 -75 -84 -79 -80 
2016-05-19 22:04:25.280991 -73 -84 -90 -79 -80 
2016-05-19 22:04:25.452014 -75 -82 -83 -80 -81 
2016-05-19 22:04:26.058097 -77 -83 -84 -79 -79 
2016-05-19 22:04:26.158109 -82 -79 -89 -76 -82 
2016-05-19 22:04:26.373137 -77 -88 -81 -77 -85 
2016-05-19 22:04:26.750183 -75 -88 -88 -78 -80 
2016-05-19 22:04:26.915205 -77 -86 -84 -78 -80 
2016-05-19 22:04:27.020218 -80 -86 -86 -77 -78 
2016-05-19 22:04:27.204241 -75 -84 -85 -77 -77 
2016-05-19 22:04:27.380272 -75 -85 -81 -79 -86 
2016-05-19 22:04:27.861335 -79 -84 -81 -81 -84 
2016-05-19 22:04:28.069359 -75 -86 -86 -81 -84 
2016-05-19 22:04:28.363407 -75 -80 -86 -83 -82 
2016-05-19 22:04:28.567428 -79 -84 -91 -81 -82 
2016-05-19 22:04:28.779447 -75 -78 -86 -80 -81 
2016-05-19 22:04:29.088492 -80 -84 -83 -84 -83 
2016-05-19 22:04:30.040613 -75 -83 -83 -80 -85 
2016-05-19 22:04:30.246640 -72 -87 -84 -79 -85 
2016-05-19 22:04:30.672699 -77 -82 -81 -81 -80 
2016-05-19 22:04:30.779706 -73 -82 -82 -89 -85 
2016-05-19 22:04:30.952732 -84 -88 -84 -87 -79 
2016-05-19 22:04:31.370787 -73 -81 -82 -79 -85 
2016-05-19 22:04:31.474797 -73 -83 -81 -82 -85 
2016-05-19 22:04:31.639819 -78 -83 -82 -83 -79 
2016-05-19 22:04:31.841848 -78 -78 -84 -78 -74 
2016-05-19 22:04:32.097881 -76 -81 -88 -85 -82 
2016-05-19 22:04:32.259907 -76 -75 -83 -82 -77 
2016-05-19 22:04:32.466937 -72 -77 -85 -81 -73 
2016-05-19 22:04:32.568954 -76 -76 -82 -80 -76 
2016-05-19 22:04:32.767975 -86 -75 -80 -83 -69 
2016-05-19 22:04:32.980996 -82 -76 -78 -84 -72 
2016-05-19 22:04:33.286038 -79 -75 -76 -77 -76 
2016-05-19 22:04:33.395049 -82 -72 -73 -81 -74 
2016-05-19 22:04:33.713095 -76 -76 -74 -86 -83 
2016-05-19 22:04:33.823108 -90 -71 -75 -85 -77 
2016-05-19 22:04:33.967126 -83 -72 -86 -82 -89 
2016-05-19 22:04:34.187156 -80 -74 -81 -80 -80 
2016-05-19 22:04:34.489197 -77 -78 -81 -76 -73 
2016-05-19 22:04:34.588206 -80 -69 -78 -77 -69 
2016-05-19 22:04:34.699227 -76 -75 -82 -71 -74 
2016-05-19 22:04:34.806246 -81 -72 -74 -78 -81 
2016-05-19 22:04:34.910246 -74 -77 -72 -76 -75 
2016-05-19 22:04:35.009265 -80 -79 -78 -77 -87 
2016-05-19 22:04:35.147280 -75 -86 -79 -74 -72 
2016-05-19 22:04:35.396312 -76 -79 -79 -83 -78 
2016-05-19 22:04:35.507327 -79 -87 -83 -80 -75 
2016-05-19 22:04:35.608340 -78 -80 -83 -81 -79 
2016-05-19 22:04:35.733357 -75 -80 -81 -82 -78 
2016-05-19 22:04:36.035393 -71 -80 -80 -79 -78 
2016-05-19 22:04:36.154415 -74 -81 -79 -82 -77 
2016-05-19 22:04:36.262425 -69 -83 -81 -82 -80 
2016-05-19 22:04:36.464456 -73 -84 -81 -78 -76 
2016-05-19 22:04:36.591469 -74 -83 -76 -76 -80 
2016-05-19 22:04:36.699486 -70 -85 -77 -81 -73 
2016-05-19 22:04:36.914515 -71 -86 -75 -78 -79 
2016-05-19 22:04:37.072531 -68 -77 -82 -82 -80 
2016-05-19 22:04:37.184550 -76 -81 -90 -81 -77 
2016-05-19 22:04:37.325568 -69 -83 -86 -82 -87 
2016-05-19 22:04:37.537600 -72 -79 -79 -86 -78 
2016-05-19 22:04:37.641613 -74 -77 -87 -82 -74 
2016-05-19 22:04:37.852641 -73 -79 -78 -86 -78 
2016-05-19 22:04:37.962655 -71 -77 -77 -78 -77 
2016-05-19 22:04:38.168682 -71 -77 -82 -80 -78 
2016-05-19 22:04:38.372708 -69 -79 -82 -77 -82 
2016-05-19 22:04:38.476722 -72 -75 -83 -84 -79 
2016-05-19 22:04:38.580733 -69 -79 -78 -86 -79 
2016-05-19 22:04:38.684754 -75 -75 -82 -85 -76 
2016-05-19 22:04:38.970783 -77 -74 -82 -80 -78 
2016-05-19 22:04:39.210815 -72 -79 -85 -88 -77 
2016-05-19 22:04:39.398842 -72 -78 -82 -86 -80 
2016-05-19 22:04:39.578866 -71 -75 -78 -86 -78 
2016-05-19 22:04:39.681879 -76 -81 -81 -79 -77 
2016-05-19 22:04:39.784898 -73 -76 -83 -83 -83 
2016-05-19 22:04:39.885912 -75 -81 -82 -78 -75 
2016-05-19 22:04:39.988920 -75 -75 -79 -86 -89 
2016-05-19 22:04:40.092933 -73 -81 -89 -85 -75 
2016-05-19 22:04:40.480981 -74 -77 -87 -80 -79 
2016-05-19 22:04:40.685015 -72 -79 -82 -78 -77 
2016-05-19 22:04:40.787024 -71 -72 -83 -85 -75 
2016-05-19 22:04:40.999059 -74 -77 -83 -84 -83 
2016-05-19 22:04:41.207078 -73 -77 -78 -85 -77 
2016-05-19 22:04:41.307091 -74 -77 -83 -87 -77 
2016-05-19 22:04:41.467113 -73 -74 -79 -77 -75 
2016-05-19 22:04:41.574126 -73 -78 -79 -88 -79 
2016-05-19 22:04:41.881191 -72 -77 -81 -77 -77 
2016-05-19 22:04:42.098195 -73 -78 -77 -80 -78 
2016-05-19 22:04:42.310229 -75 -76 -78 -85 -80 
2016-05-19 22:04:42.461239 -78 -76 -78 -75 -81 
2016-05-19 22:04:42.659261 -76 -73 -78 -86 -77 
2016-05-19 22:04:42.823283 -81 -80 -86 -87 -76 
2016-05-19 22:04:43.187330 -77 -76 -82 -89 -77 
2016-05-19 22:04:43.385359 -74 -74 -81 -77 -77 
2016-05-19 22:04:43.596382 -82 -77 -83 -78 -76 
2016-05-19 22:04:43.701394 -78 -76 -78 -83 -73 
2016-05-19 22:04:44.225470 -76 -76 -81 -81 -78 
2016-05-19 22:04:44.377485 -79 -80 -79 -86 -78 
2016-05-19 22:04:44.690530 -75 -79 -83 -81 -83 
2016-05-19 22:04:44.867549 -74 -88 -77 -87 -78 
2016-05-19 22:04:45.386614 -74 -81 -79 -85 -81 
2016-05-19 22:04:45.728662 -80 -84 -84 -87 -77 
2016-05-19 22:04:46.041700 -75 -83 -83 -82 -74 
2016-05-19 22:04:46.148717 -74 -81 -86 -82 -76 
2016-05-19 22:04:46.324739 -80 -86 -78 -81 -75 
2016-05-19 22:04:46.519765 -75 -90 -87 -80 -79 
2016-05-19 22:04:47.257870 -74 -78 -89 -83 -78 
2016-05-19 22:04:47.470894 -72 -85 -88 -83 -78 
2016-05-19 22:04:47.679917 -77 -81 -90 -84 -77 
2016-05-19 22:04:47.804933 -69 -84 -82 -86 -81 
2016-05-19 22:04:48.226986 -71 -87 -84 -89 -76 
2016-05-19 22:04:48.712049 -73 -85 -87 -85 -76 
2016-05-19 22:04:49.047098 -73 -81 -84 -82 -74 
2016-05-19 22:04:49.234120 -75 -80 -87 -84 -83 
2016-05-19 22:04:49.387137 -79 -85 -86 -83 -77 
2016-05-19 22:04:49.598169 -70 -84 -85 -84 -75 
2016-05-19 22:04:49.892203 -76 -80 -91 -86 -80 
2016-05-19 22:04:50.114256 -81 -77 -88 -84 -83 
2016-05-19 22:04:50.840329 -77 -78 -91 -82 -86 
2016-05-19 22:04:51.146396 -75 -83 -85 -85 -85 
2016-05-19 22:04:51.455410 -74 -81 -85 -84 -79 
2016-05-19 22:04:51.673439 -76 -81 -84 -82 -82 
2016-05-19 22:04:51.879465 -76 -76 -84 -83 -83 
2016-05-19 22:04:52.092491 -73 -82 -85 -83 -83 
2016-05-19 22:04:52.301533 -77 -77 -84 -79 -80 
2016-05-19 22:04:52.403542 -74 -77 -81 -79 -80 
2016-05-19 22:04:52.617567 -82 -81 -82 -79 -84 
2016-05-19 22:04:52.822592 -76 -84 -86 -79 -78 
2016-05-19 22:04:53.146646 -76 -80 -91 -81 -84 
2016-05-19 22:04:53.661711 -79 -80 -85 -79 -77 
2016-05-19 22:04:53.964745 -71 -82 -83 -79 -80 
2016-05-19 22:04:54.068759 -70 -81 -87 -80 -73 
2016-05-19 22:04:54.387790 -72 -81 -88 -82 -80 
2016-05-19 22:04:54.762839 -73 -81 -89 -86 -81 
2016-05-19 22:04:54.943865 -73 -76 -87 -80 -79 
2016-05-19 22:04:55.116892 -71 -74 -86 -81 -89 
2016-05-19 22:04:55.549944 -71 -78 -88 -80 -84 
2016-05-19 22:04:55.872984 -73 -80 -86 -84 -82 
2016-05-19 22:04:56.081017 -73 -78 -87 -82 -78 
2016-05-19 22:04:56.196033 -71 -77 -87 -87 -78 
2016-05-19 22:04:56.297046 -78 -80 -86 -82 -83 
2016-05-19 22:04:56.496071 -74 -79 -87 -76 -84 
2016-05-19 22:04:56.703093 -73 -79 -88 -82 -83 
2016-05-19 22:04:56.808106 -70 -78 -89 -87 -82 
2016-05-19 22:04:57.017141 -76 -81 -88 -79 -79 
2016-05-19 22:04:57.225164 -73 -80 -89 -87 -84 
2016-05-19 22:04:57.439239 -74 -81 -89 -82 -83 
2016-05-19 22:04:57.651220 -73 -82 -89 -82 -85 
2016-05-19 22:04:57.858243 -75 -83 -87 -83 -88 
2016-05-19 22:04:58.067278 -73 -82 -89 -84 -82 
2016-05-19 22:04:58.697361 -72 -81 -91 -83 -84 
2016-05-19 22:04:58.819372 -80 -87 -89 -84 -82 
2016-05-19 22:04:59.019398 -72 -85 -86 -79 -80 
2016-05-19 22:04:59.203419 -76 -87 -85 -83 -84 
2016-05-19 22:04:59.516463 -78 -83 -85 -85 -83 
2016-05-19 22:04:59.932521 -80 -84 -86 -78 -80 
2016-05-19 22:05:00.036532 -77 -87 -85 -77 -82 
2016-05-19 22:05:00.375575 -78 -82 -85 -83 -88 
2016-05-19 22:05:00.490608 -78 -79 -85 -87 -81 
2016-05-19 22:05:00.687620 -80 -80 -86 -80 -79 
2016-05-19 22:05:00.879641 -78 -82 -91 -82 -87 
2016-05-19 22:05:00.986660 -82 -81 -86 -84 -75 
2016-05-19 22:05:01.492722 -76 -78 -88 -80 -85 
2016-05-19 22:05:01.617756 -80 -81 -76 -83 -79 
2016-05-19 22:05:01.943780 -82 -87 -80 -79 -81 
2016-05-19 22:05:02.157809 -80 -87 -81 -83 -80 
2016-05-19 22:05:02.327840 -82 -87 -84 -81 -87 
2016-05-19 22:05:02.459854 -89 -85 -80 -81 -79 
2016-05-19 22:05:02.585982 -84 -86 -80 -84 -81 
2016-05-19 22:05:02.689878 -90 -82 -84 -77 -82 
2016-05-19 22:05:02.799894 -88 -80 -79 -83 -84 
2016-05-19 22:05:03.010919 -78 -83 -80 -85 -90 
2016-05-19 22:05:03.199945 -80 -80 -83 -80 -82 
2016-05-19 22:05:03.524986 -78 -85 -82 -83 -76 
2016-05-19 22:05:03.696014 -87 -86 -79 -80 -85 
2016-05-19 22:05:04.045054 -80 -86 -78 -78 -78 
2016-05-19 22:05:04.155069 -89 -85 -78 -78 -78 
2016-05-19 22:05:04.273081 -86 -82 -79 -77 -83 
2016-05-19 22:05:04.750147 -83 -89 -81 -81 -79 
2016-05-19 22:05:05.022185 -78 -87 -88 -73 -80 
2016-05-19 22:05:05.743274 -81 -80 -93 -76 -84 
2016-05-19 22:05:05.949304 -79 -80 -89 -78 -90 
2016-05-19 22:05:06.157335 -87 -83 -90 -76 -80 
2016-05-19 22:05:06.572388 -82 -79 -89 -76 -84 
2016-05-19 22:05:06.677402 -80 -81 -90 -75 -81 
2016-05-19 22:05:06.885426 -80 -80 -91 -77 -84 
2016-05-19 22:05:07.099454 -88 -80 -90 -75 -86 
2016-05-19 22:05:07.657561 -81 -79 -87 -76 -85 
2016-05-19 22:05:07.932574 -89 -79 -87 -76 -85 
2016-05-19 22:05:08.447642 -83 -80 -83 -79 -83 
2016-05-19 22:05:08.560652 -84 -79 -84 -75 -86 
2016-05-19 22:05:08.770679 -81 -81 -85 -75 -84 
2016-05-19 22:05:08.984707 -82 -81 -84 -75 -83 
2016-05-19 22:05:09.190733 -83 -80 -82 -76 -83 
2016-05-19 22:05:09.399761 -82 -81 -81 -75 -82 
2016-05-19 22:05:09.608786 -80 -81 -81 -77 -82 
2016-05-19 22:05:10.238860 -81 -82 -85 -77 -82 
2016-05-19 22:05:10.444890 -83 -82 -87 -77 -82 
2016-05-19 22:05:10.659918 -88 -83 -88 -77 -82 
2016-05-19 22:05:10.871946 -87 -80 -88 -77 -82 
2016-05-19 22:05:11.292004 -84 -80 -87 -75 -81 
2016-05-19 22:05:11.716066 -87 -79 -91 -74 -85 
2016-05-19 22:05:12.006118 -85 -78 -88 -76 -83 
2016-05-19 22:05:12.546166 -86 -81 -87 -77 -85 
2016-05-19 22:05:12.957219 -80 -81 -84 -78 -85 
2016-05-19 22:05:13.059229 -78 -85 -84 -81 -86 
2016-05-19 22:05:13.268262 -79 -83 -89 -78 -82 
2016-05-19 22:05:13.892342 -75 -82 -86 -85 -79 
2016-05-19 22:05:14.128377 -72 -85 -92 -88 -77 
2016-05-19 22:05:14.418413 -75 -88 -92 -86 -74 
2016-05-19 22:05:14.952479 -76 -82 -89 -81 -78 
2016-05-19 22:05:15.152504 -76 -85 -89 -84 -82 
2016-05-19 22:05:15.468550 -77 -84 -90 -83 -81 
2016-05-19 22:05:15.779584 -78 -86 -87 -87 -79 
2016-05-19 22:05:15.889599 -75 -84 -90 -86 -78 
2016-05-19 22:05:16.048626 -81 -88 -89 -84 -75 
2016-05-19 22:05:16.301655 -72 -86 -86 -85 -75 
2016-05-19 22:05:16.505683 -75 -85 -91 -85 -79 
2016-05-19 22:05:16.643704 -87 -84 -83 -82 -80 
2016-05-19 22:05:16.748717 -74 -81 -90 -77 -77 
2016-05-19 22:05:17.268794 -81 -86 -88 -79 -77 
2016-05-19 22:05:17.388810 -84 -85 -91 -78 -76 
2016-05-19 22:05:17.659837 -79 -81 -88 -77 -80 
2016-05-19 22:05:17.870868 -77 -87 -83 -79 -89 
2016-05-19 22:05:18.101898 -84 -86 -85 -84 -81 
2016-05-19 22:05:18.302924 -77 -84 -84 -86 -83 
2016-05-19 22:05:18.469942 -80 -88 -84 -82 -79 
2016-05-19 22:05:18.850995 -78 -85 -84 -89 -81 
2016-05-19 22:05:19.029037 -84 -85 -87 -83 -90 
2016-05-19 22:05:19.497080 -85 -84 -86 -84 -78 
2016-05-19 22:05:19.703106 -81 -86 -87 -85 -82 
2016-05-19 22:05:19.869124 -79 -85 -85 -87 -82 
2016-05-19 22:05:19.972134 -84 -83 -86 -84 -84 
2016-05-19 22:05:20.238170 -82 -85 -84 -88 -83 
2016-05-19 22:05:20.451197 -78 -85 -85 -86 -80 
2016-05-19 22:05:20.557212 -82 -84 -86 -90 -79 
2016-05-19 22:05:20.766243 -80 -83 -85 -89 -80 
2016-05-19 22:05:20.869255 -78 -86 -88 -88 -80 
2016-05-19 22:05:20.973265 -77 -84 -86 -86 -80 
2016-05-19 22:05:21.078279 -76 -84 -88 -87 -84 
2016-05-19 22:05:21.291308 -80 -84 -86 -88 -79 
2016-05-19 22:05:21.610346 -79 -84 -84 -86 -78 
2016-05-19 22:05:21.883384 -74 -86 -84 -81 -76 
2016-05-19 22:05:22.093414 -79 -84 -85 -85 -79 
2016-05-19 22:05:22.271435 -83 -90 -86 -84 -77 
2016-05-19 22:05:22.373449 -78 -84 -85 -82 -77 
2016-05-19 22:05:22.585473 -73 -84 -85 -83 -83 
2016-05-19 22:05:22.751498 -72 -87 -86 -87 -77 
2016-05-19 22:05:22.862512 -73 -82 -86 -84 -83 
2016-05-19 22:05:23.075537 -73 -87 -85 -84 -79 
2016-05-19 22:05:23.285566 -71 -89 -87 -88 -77 
2016-05-19 22:05:23.501596 -74 -88 -87 -83 -84 
2016-05-19 22:05:23.651615 -74 -84 -92 -85 -84 
2016-05-19 22:05:24.015660 -80 -86 -89 -84 -81 
2016-05-19 22:05:24.125674 -75 -84 -85 -83 -80 
2016-05-19 22:05:24.496726 -80 -89 -86 -84 -80 
2016-05-19 22:05:24.701752 -75 -87 -85 -82 -87 
2016-05-19 22:05:24.919785 -71 -86 -83 -92 -77 
2016-05-19 22:05:25.207818 -72 -83 -88 -86 -77 
2016-05-19 22:05:25.418847 -77 -79 -88 -88 -77 
2016-05-19 22:05:26.152942 -81 -81 -87 -83 -77 
2016-05-19 22:05:26.439987 -76 -84 -91 -85 -86 
2016-05-19 22:05:26.647007 -71 -86 -88 -81 -85 
2016-05-19 22:05:26.862040 -74 -84 -84 -81 -87 
2016-05-19 22:05:27.202079 -74 -85 -85 -82 -75 
2016-05-19 22:05:27.530135 -75 -87 -88 -78 -74 
2016-05-19 22:05:27.840176 -72 -87 -87 -83 -75 
2016-05-19 22:05:28.076210 -79 -87 -89 -81 -75 
2016-05-19 22:05:28.284228 -71 -84 -92 -81 -78 
2016-05-19 22:05:28.775297 -72 -86 -91 -86 -75 
2016-05-19 22:05:28.965322 -67 -81 -86 -92 -74 
2016-05-19 22:05:29.614402 -69 -83 -88 -81 -72 
2016-05-19 22:05:29.818428 -69 -78 -86 -87 -74 
2016-05-19 22:05:30.649537 -71 -81 -91 -81 -78 
2016-05-19 22:05:30.786552 -70 -88 -87 -86 -75 
2016-05-19 22:05:30.968578 -68 -87 -90 -82 -84 
2016-05-19 22:05:31.717677 -71 -83 -87 -84 -76 
2016-05-19 22:05:31.921700 -71 -83 -90 -87 -72 
2016-05-19 22:05:32.767814 -74 -83 -90 -81 -80 
2016-05-19 22:05:33.284879 -86 -84 -84 -81 -78 
2016-05-19 22:05:33.493908 -74 -85 -85 -84 -74 
2016-05-19 22:05:33.913963 -74 -86 -86 -81 -75 
2016-05-19 22:05:34.227001 -74 -88 -87 -87 -74 
2016-05-19 22:05:34.754073 -75 -86 -91 -87 -74 
2016-05-19 22:05:35.164126 -69 -82 -89 -86 -74 
2016-05-19 22:05:35.284143 -81 -84 -88 -83 -71 
2016-05-19 22:05:35.586188 -75 -93 -89 -81 -74 
2016-05-19 22:05:35.795201 -75 -89 -89 -81 -77 
2016-05-19 22:05:36.523296 -73 -85 -90 -82 -77 
2016-05-19 22:05:37.353413 -73 -85 -91 -80 -76 
2016-05-19 22:05:37.562436 -71 -86 -90 -79 -76 
2016-05-19 22:05:37.864479 -78 -85 -89 -80 -77 
2016-05-19 22:05:38.075508 -77 -85 -88 -83 -72 
2016-05-19 22:05:39.336681 -74 -85 -92 -80 -73 
2016-05-19 22:05:39.665714 -72 -87 -90 -90 -72 
2016-05-19 22:05:39.871746 -77 -84 -87 -87 -74 
2016-05-19 22:05:40.713844 -75 -85 -92 -81 -74 
2016-05-19 22:05:41.129899 -75 -89 -86 -79 -75 
2016-05-19 22:05:41.586962 -72 -80 -87 -82 -74 
2016-05-19 22:05:41.694974 -70 -83 -88 -76 -74 
2016-05-19 22:05:41.957012 -71 -79 -89 -90 -71 
2016-05-19 22:05:42.173032 -69 -82 -88 -83 -75 
2016-05-19 22:05:42.375069 -69 -84 -90 -89 -74 
2016-05-19 22:05:42.702116 -69 -85 -92 -84 -72 
2016-05-19 22:05:42.807130 -71 -88 -88 -84 -75 
2016-05-19 22:05:43.745248 -70 -85 -89 -81 -75 
2016-05-19 22:05:44.114289 -76 -89 -87 -83 -69 
2016-05-19 22:05:44.704366 -77 -85 -92 -82 -72 
2016-05-19 22:05:44.916399 -76 -84 -88 -84 -75 
2016-05-19 22:05:45.346449 -77 -84 -90 -83 -75 
2016-05-19 22:05:45.559477 -79 -81 -88 -88 -70 
2016-05-19 22:05:45.746501 -78 -90 -92 -87 -71 
2016-05-19 22:05:45.981532 -82 -85 -86 -92 -71 
2016-05-19 22:05:46.225565 -78 -84 -85 -90 -73 
2016-05-19 22:05:46.817645 -79 -84 -87 -82 -74 
2016-05-19 22:05:47.555749 -82 -88 -86 -82 -69 
2016-05-19 22:05:47.660759 -82 -85 -93 -83 -67 
2016-05-19 22:05:48.287848 -78 -86 -89 -83 -70 
2016-05-19 22:05:48.585882 -77 -86 -92 -88 -70 
2016-05-19 22:05:48.684893 -81 -87 -89 -85 -68 
2016-05-19 22:05:49.535004 -79 -86 -89 -84 -66 
2016-05-19 22:05:50.057065 -82 -88 -91 -84 -71 
2016-05-19 22:05:51.091200 -81 -82 -84 -82 -68 
2016-05-19 22:05:51.608270 -84 -88 -87 -81 -70 
2016-05-19 22:05:52.029319 -84 -82 -88 -83 -67 
2016-05-19 22:05:53.584523 -81 -85 -86 -83 -67 
2016-05-19 22:05:54.109590 -81 -84 -91 -81 -71 
2016-05-19 22:05:54.317621 -82 -83 -92 -87 -73 
2016-05-19 22:05:55.248746 -79 -85 -89 -85 -68 
2016-05-19 22:05:55.535783 -88 -83 -89 -88 -74 
2016-05-19 22:05:55.748811 -82 -88 -86 -83 -66 
2016-05-19 22:05:55.936868 -81 -83 -89 -83 -70 
2016-05-19 22:05:56.286879 -83 -86 -83 -83 -75 
2016-05-19 22:05:56.802945 -83 -86 -90 -80 -71 
2016-05-19 22:05:57.014971 -89 -85 -91 -82 -75 
2016-05-19 22:05:57.437058 -79 -89 -87 -83 -72 
2016-05-19 22:05:58.183134 -82 -85 -88 -84 -70 
2016-05-19 22:05:58.606189 -83 -82 -90 -80 -68 
2016-05-19 22:05:59.126256 -79 -85 -84 -85 -70 
2016-05-19 22:05:59.268275 -78 -80 -82 -76 -66 
2016-05-19 22:05:59.793342 -79 -80 -87 -83 -69 
2016-05-19 22:05:59.972359 -72 -85 -88 -77 -67 
2016-05-19 22:06:00.998493 -76 -83 -88 -84 -73 
2016-05-19 22:06:01.216521 -78 -84 -88 -83 -80 
2016-05-19 22:06:01.626576 -79 -81 -92 -88 -71 
2016-05-19 22:06:03.101768 -85 -87 -92 -86 -81 
2016-05-19 22:06:05.105034 -84 -90 -90 -85 -78 
2016-05-19 22:06:06.574221 -86 -88 -87 -85 -80 
2016-05-19 22:06:06.783261 -86 -89 -87 -86 -80 
2016-05-19 22:06:07.508351 -87 -87 -89 -80 -80 
2016-05-19 22:06:09.376586 -84 -84 -86 -85 -79 
2016-05-19 22:06:09.609618 -84 -86 -87 -89 -77 
2016-05-19 22:06:09.812649 -85 -85 -88 -86 -77 
2016-05-19 22:06:10.515739 -88 -86 -90 -83 -79 
2016-05-19 22:06:10.727764 -83 -86 -89 -84 -79 
2016-05-19 22:06:10.931788 -87 -84 -89 -82 -80 
2016-05-19 22:06:11.244831 -85 -85 -90 -81 -78 
2016-05-19 22:06:11.801901 -85 -85 -89 -81 -78 
2016-05-19 22:06:12.219959 -83 -88 -90 -84 -78 
2016-05-19 22:06:12.538000 -88 -90 -91 -85 -80 
2016-05-19 22:06:13.580137 -84 -87 -89 -85 -79 
2016-05-19 22:06:13.806172 -86 -87 -89 -86 -79 
2016-05-19 22:06:14.839301 -86 -88 -88 -85 -76 
2016-05-19 22:06:15.167341 -83 -88 -90 -88 -81 
2016-05-19 22:06:15.796430 -82 -88 -90 -85 -80 
2016-05-19 22:06:17.006588 -85 -87 -89 -85 -79 
2016-05-19 22:06:17.385634 -85 -86 -91 -92 -82 
2016-05-19 22:06:17.801692 -85 -87 -89 -86 -82 
2016-05-19 22:06:18.479777 -87 -89 -88 -85 -80 
2016-05-19 22:06:18.694828 -83 -87 -88 -84 -80 
2016-05-19 22:06:18.903831 -87 -86 -90 -85 -80 
2016-05-19 22:06:20.296014 -85 -86 -88 -84 -81 
2016-05-19 22:06:20.703065 -83 -90 -88 -84 -81 
2016-05-19 22:06:21.120121 -83 -88 -89 -86 -80 
2016-05-19 22:06:21.350152 -84 -89 -88 -86 -79 
2016-05-19 22:06:22.596314 -87 -87 -88 -85 -80 
2016-05-19 22:06:22.819344 -86 -85 -87 -84 -82 
2016-05-19 22:06:23.029371 -86 -85 -89 -84 -86 
2016-05-19 22:06:23.236400 -82 -87 -90 -88 -83 
2016-05-19 22:06:24.590591 -81 -87 -91 -84 -79 
2016-05-19 22:06:24.834607 -86 -86 -89 -84 -78 
2016-05-19 22:06:25.307699 -86 -86 -90 -84 -80 
476
