2016-05-19 23:25:36.155463 -50 -56 -54 -58 -53 
2016-05-19 23:25:36.342490 -55 -63 -56 -70 -56 
2016-05-19 23:25:36.444508 -54 -62 -74 -62 -52 
2016-05-19 23:25:36.715536 -60 -51 -61 -62 -53 
2016-05-19 23:25:36.821552 -62 -63 -69 -59 -59 
2016-05-19 23:25:37.030578 -52 -54 -61 -61 -70 
2016-05-19 23:25:37.135592 -45 -49 -63 -65 -56 
2016-05-19 23:25:37.239611 -54 -56 -52 -59 -55 
2016-05-19 23:25:37.345619 -46 -50 -61 -60 -59 
2016-05-19 23:25:37.506646 -57 -53 -54 -57 -62 
2016-05-19 23:25:37.610654 -55 -75 -70 -65 -56 
2016-05-19 23:25:37.915695 -51 -63 -60 -63 -56 
2016-05-19 23:25:38.076723 -68 -59 -62 -57 -54 
2016-05-19 23:25:38.178730 -51 -68 -55 -72 -57 
2016-05-19 23:25:38.277743 -50 -50 -65 -63 -63 
2016-05-19 23:25:38.386768 -50 -62 -57 -62 -58 
2016-05-19 23:25:38.489782 -50 -50 -63 -57 -54 
2016-05-19 23:25:38.599798 -66 -58 -59 -61 -66 
2016-05-19 23:25:38.701806 -49 -50 -61 -62 -54 
2016-05-19 23:25:38.805816 -50 -58 -54 -53 -63 
2016-05-19 23:25:38.905830 -50 -52 -62 -65 -61 
2016-05-19 23:25:39.009850 -51 -65 -63 -52 -56 
2016-05-19 23:25:39.115857 -50 -54 -61 -78 -58 
2016-05-19 23:25:39.265877 -50 -60 -54 -57 -60 
2016-05-19 23:25:39.434907 -70 -58 -54 -56 -65 
2016-05-19 23:25:39.534919 -51 -52 -59 -60 -65 
2016-05-19 23:25:39.640925 -65 -60 -59 -54 -64 
2016-05-19 23:25:39.785944 -59 -59 -62 -63 -60 
2016-05-19 23:25:39.890958 -53 -57 -57 -58 -57 
2016-05-19 23:25:40.172998 -65 -55 -58 -52 -74 
2016-05-19 23:25:40.282012 -52 -50 -54 -55 -61 
2016-05-19 23:25:40.487039 -47 -55 -56 -56 -64 
2016-05-19 23:25:40.589052 -48 -58 -54 -54 -59 
2016-05-19 23:25:40.736068 -49 -51 -58 -58 -60 
2016-05-19 23:25:40.869088 -61 -59 -57 -54 -55 
2016-05-19 23:25:41.108120 -57 -55 -59 -57 -54 
2016-05-19 23:25:41.288144 -59 -64 -53 -55 -58 
2016-05-19 23:25:41.389161 -48 -54 -66 -63 -59 
2016-05-19 23:25:41.497171 -55 -67 -54 -61 -55 
2016-05-19 23:25:41.706197 -50 -57 -56 -61 -60 
2016-05-19 23:25:41.916222 -53 -54 -57 -56 -66 
2016-05-19 23:25:42.226263 -56 -57 -60 -60 -57 
2016-05-19 23:25:42.325283 -47 -53 -58 -68 -59 
2016-05-19 23:25:42.433293 -55 -60 -57 -58 -59 
2016-05-19 23:25:42.573312 -45 -52 -58 -63 -57 
2016-05-19 23:25:42.671329 -56 -60 -56 -54 -64 
2016-05-19 23:25:42.878352 -51 -55 -60 -53 -64 
2016-05-19 23:25:43.094379 -51 -58 -55 -51 -52 
2016-05-19 23:25:43.296415 -61 -57 -59 -54 -58 
2016-05-19 23:25:43.398419 -52 -59 -62 -55 -55 
2016-05-19 23:25:43.506431 -47 -59 -58 -55 -57 
2016-05-19 23:25:43.753466 -59 -56 -59 -53 -66 
2016-05-19 23:25:43.898484 -50 -56 -58 -54 -58 
2016-05-19 23:25:44.004498 -59 -58 -55 -52 -74 
2016-05-19 23:25:44.115518 -48 -52 -61 -58 -58 
2016-05-19 23:25:44.290541 -49 -55 -56 -58 -67 
2016-05-19 23:25:44.499562 -55 -54 -57 -57 -63 
2016-05-19 23:25:44.708591 -49 -54 -61 -56 -61 
2016-05-19 23:25:44.813603 -49 -58 -63 -54 -67 
2016-05-19 23:25:45.234659 -48 -54 -57 -53 -63 
2016-05-19 23:25:45.439686 -51 -56 -61 -54 -56 
2016-05-19 23:25:45.689718 -49 -59 -53 -53 -56 
2016-05-19 23:25:45.854740 -51 -57 -62 -54 -63 
2016-05-19 23:25:46.209786 -51 -59 -59 -53 -60 
2016-05-19 23:25:46.480826 -49 -54 -59 -53 -59 
2016-05-19 23:25:46.583836 -55 -62 -55 -58 -58 
2016-05-19 23:25:46.748857 -45 -65 -59 -51 -59 
2016-05-19 23:25:46.867873 -58 -51 -79 -62 -53 
2016-05-19 23:25:46.988889 -55 -53 -72 -55 -48 
2016-05-19 23:25:47.163911 -66 -58 -60 -60 -62 
2016-05-19 23:25:47.304929 -60 -75 -59 -58 -68 
2016-05-19 23:25:47.414943 -61 -63 -72 -64 -60 
2016-05-19 23:25:47.521954 -58 -54 -62 -60 -54 
2016-05-19 23:25:47.681975 -64 -53 -58 -62 -56 
2016-05-19 23:25:47.889007 -57 -52 -54 -71 -51 
2016-05-19 23:25:48.054027 -49 -65 -55 -52 -51 
2016-05-19 23:25:48.162038 -56 -63 -53 -53 -65 
2016-05-19 23:25:48.477080 -49 -59 -57 -57 -56 
2016-05-19 23:25:48.667105 -58 -61 -63 -66 -48 
2016-05-19 23:25:48.877144 -48 -59 -58 -62 -51 
2016-05-19 23:25:49.086168 -52 -55 -59 -54 -65 
2016-05-19 23:25:49.356202 -44 -55 -51 -63 -50 
2016-05-19 23:25:49.543221 -50 -63 -57 -60 -44 
2016-05-19 23:25:49.647233 -48 -63 -55 -63 -59 
2016-05-19 23:25:49.752246 -62 -55 -49 -58 -45 
2016-05-19 23:25:49.871269 -45 -61 -54 -66 -57 
2016-05-19 23:25:49.974303 -52 -52 -58 -57 -57 
2016-05-19 23:25:50.084310 -57 -64 -66 -54 -63 
2016-05-19 23:25:50.186308 -52 -55 -62 -54 -60 
2016-05-19 23:25:50.349320 -52 -67 -61 -67 -59 
2016-05-19 23:25:50.458334 -51 -59 -54 -60 -53 
2016-05-19 23:25:50.567347 -46 -66 -59 -57 -54 
2016-05-19 23:25:50.672359 -44 -59 -57 -60 -48 
2016-05-19 23:25:50.776384 -45 -62 -59 -63 -54 
2016-05-19 23:25:50.880390 -46 -60 -61 -57 -50 
2016-05-19 23:25:50.992401 -48 -60 -59 -62 -55 
2016-05-19 23:25:51.093417 -47 -64 -60 -59 -51 
2016-05-19 23:25:51.308445 -48 -65 -52 -59 -59 
2016-05-19 23:25:51.416464 -49 -61 -60 -58 -54 
2016-05-19 23:25:51.628487 -49 -61 -55 -60 -54 
2016-05-19 23:25:51.838515 -49 -60 -56 -59 -53 
2016-05-19 23:25:52.152555 -49 -60 -58 -65 -54 
2016-05-19 23:25:52.258569 -53 -57 -59 -61 -55 
2016-05-19 23:25:52.408588 -52 -64 -52 -55 -51 
2016-05-19 23:25:52.519604 -51 -60 -59 -61 -57 
2016-05-19 23:25:52.692623 -52 -62 -52 -58 -54 
2016-05-19 23:25:52.848653 -58 -63 -60 -64 -59 
2016-05-19 23:25:52.954660 -52 -60 -59 -54 -59 
2016-05-19 23:25:53.253699 -53 -61 -51 -58 -58 
2016-05-19 23:25:53.461739 -51 -60 -51 -61 -54 
2016-05-19 23:25:53.674761 -49 -57 -58 -60 -52 
2016-05-19 23:25:53.935795 -50 -57 -59 -62 -52 
2016-05-19 23:25:54.046841 -48 -52 -62 -71 -52 
2016-05-19 23:25:54.186836 -49 -54 -66 -63 -65 
2016-05-19 23:25:54.292839 -44 -63 -60 -60 -52 
2016-05-19 23:25:54.391860 -45 -59 -63 -66 -62 
2016-05-19 23:25:54.495868 -44 -68 -58 -55 -52 
2016-05-19 23:25:54.596878 -49 -58 -57 -64 -54 
2016-05-19 23:25:54.703888 -44 -62 -58 -57 -52 
2016-05-19 23:25:54.807900 -44 -59 -57 -60 -52 
2016-05-19 23:25:54.912913 -47 -75 -57 -64 -45 
2016-05-19 23:25:55.015929 -44 -61 -58 -62 -53 
2016-05-19 23:25:55.118943 -43 -67 -58 -57 -47 
2016-05-19 23:25:55.324970 -43 -65 -59 -58 -53 
2016-05-19 23:25:55.427980 -49 -72 -57 -65 -57 
2016-05-19 23:25:55.534997 -43 -64 -58 -57 -52 
2016-05-19 23:25:55.641011 -48 -79 -60 -65 -45 
2016-05-19 23:25:55.839051 -47 -60 -58 -58 -45 
2016-05-19 23:25:55.983053 -45 -60 -59 -58 -50 
2016-05-19 23:25:56.197088 -46 -74 -58 -61 -45 
2016-05-19 23:25:56.376107 -45 -63 -57 -63 -54 
2016-05-19 23:25:56.587139 -44 -67 -61 -61 -47 
2016-05-19 23:25:56.802167 -44 -63 -57 -64 -47 
2016-05-19 23:25:56.906176 -51 -58 -57 -62 -52 
2016-05-19 23:25:57.011189 -45 -51 -59 -74 -55 
2016-05-19 23:25:57.220217 -52 -55 -59 -68 -57 
2016-05-19 23:25:57.427248 -48 -56 -55 -63 -60 
2016-05-19 23:25:57.533255 -45 -59 -59 -62 -59 
2016-05-19 23:25:57.640272 -45 -57 -55 -82 -47 
2016-05-19 23:25:57.748283 -50 -54 -58 -66 -57 
2016-05-19 23:25:57.860301 -45 -59 -61 -62 -53 
2016-05-19 23:25:57.965315 -46 -60 -57 -62 -54 
2016-05-19 23:25:58.072333 -45 -59 -61 -65 -58 
2016-05-19 23:25:58.324369 -48 -59 -59 -62 -54 
2016-05-19 23:25:58.428379 -51 -59 -60 -60 -57 
2016-05-19 23:25:58.528393 -45 -52 -59 -63 -58 
2016-05-19 23:25:58.630408 -50 -60 -57 -68 -60 
2016-05-19 23:25:58.739426 -45 -58 -56 -63 -59 
2016-05-19 23:25:58.840436 -51 -62 -57 -66 -60 
2016-05-19 23:25:58.941449 -48 -54 -62 -58 -46 
2016-05-19 23:25:59.043459 -45 -61 -59 -62 -62 
2016-05-19 23:25:59.151489 -49 -54 -61 -57 -46 
2016-05-19 23:25:59.249489 -53 -60 -55 -60 -59 
2016-05-19 23:25:59.355503 -45 -54 -59 -57 -45 
2016-05-19 23:25:59.526533 -49 -73 -64 -61 -45 
2016-05-19 23:25:59.650541 -50 -75 -61 -69 -64 
2016-05-19 23:25:59.752560 -45 -63 -61 -62 -52 
2016-05-19 23:25:59.859569 -49 -76 -58 -68 -45 
2016-05-19 23:25:59.965622 -45 -62 -61 -57 -53 
2016-05-19 23:26:00.072594 -51 -68 -57 -63 -59 
2016-05-19 23:26:00.279618 -47 -65 -57 -61 -55 
2016-05-19 23:26:00.483640 -51 -57 -61 -64 -52 
2016-05-19 23:26:00.592661 -49 -67 -58 -56 -51 
2016-05-19 23:26:00.805696 -50 -64 -58 -68 -54 
2016-05-19 23:26:00.911699 -57 -50 -57 -57 -61 
2016-05-19 23:26:01.020714 -53 -54 -57 -59 -58 
2016-05-19 23:26:01.127732 -45 -59 -58 -63 -67 
2016-05-19 23:26:01.230741 -47 -59 -69 -63 -56 
2016-05-19 23:26:01.416766 -53 -64 -61 -59 -56 
2016-05-19 23:26:01.517783 -54 -67 -51 -55 -65 
2016-05-19 23:26:01.661797 -60 -54 -55 -57 -49 
2016-05-19 23:26:01.766813 -58 -55 -56 -52 -57 
2016-05-19 23:26:01.870825 -55 -54 -73 -51 -45 
2016-05-19 23:26:01.973835 -63 -64 -59 -58 -58 
2016-05-19 23:26:02.077856 -61 -68 -54 -48 -49 
2016-05-19 23:26:02.259876 -49 -65 -52 -59 -53 
2016-05-19 23:26:02.367893 -49 -57 -60 -53 -53 
2016-05-19 23:26:02.474904 -58 -65 -51 -60 -53 
2016-05-19 23:26:02.573914 -51 -63 -57 -67 -52 
2016-05-19 23:26:02.675930 -55 -56 -50 -59 -50 
2016-05-19 23:26:02.781947 -52 -48 -54 -65 -57 
2016-05-19 23:26:02.886958 -65 -59 -52 -55 -54 
2016-05-19 23:26:03.080983 -48 -53 -57 -57 -60 
2016-05-19 23:26:03.182999 -50 -61 -51 -53 -52 
2016-05-19 23:26:03.413038 -56 -58 -58 -61 -54 
2016-05-19 23:26:03.520049 -63 -60 -59 -59 -59 
2016-05-19 23:26:03.621065 -54 -65 -61 -60 -49 
2016-05-19 23:26:03.726083 -61 -54 -52 -65 -48 
2016-05-19 23:26:03.833093 -46 -52 -59 -57 -53 
2016-05-19 23:26:03.937102 -50 -59 -53 -55 -63 
2016-05-19 23:26:04.148135 -53 -69 -55 -57 -59 
2016-05-19 23:26:04.328158 -49 -53 -68 -60 -51 
2016-05-19 23:26:04.435167 -54 -61 -54 -63 -54 
2016-05-19 23:26:04.598193 -52 -58 -54 -53 -58 
2016-05-19 23:26:04.703207 -45 -59 -55 -60 -59 
2016-05-19 23:26:04.810225 -47 -61 -51 -82 -57 
2016-05-19 23:26:05.016243 -47 -80 -55 -58 -57 
2016-05-19 23:26:05.122260 -48 -56 -64 -61 -69 
2016-05-19 23:26:05.227275 -53 -58 -54 -59 -57 
2016-05-19 23:26:05.511308 -49 -53 -59 -60 -63 
2016-05-19 23:26:05.687332 -40 -60 -52 -59 -72 
2016-05-19 23:26:05.787345 -54 -57 -62 -75 -55 
2016-05-19 23:26:06.053382 -53 -61 -57 -68 -52 
2016-05-19 23:26:06.160393 -41 -59 -58 -59 -59 
2016-05-19 23:26:06.265406 -60 -63 -57 -63 -51 
2016-05-19 23:26:06.369416 -42 -64 -65 -58 -58 
2016-05-19 23:26:06.470433 -52 -57 -69 -62 -51 
2016-05-19 23:26:06.576455 -43 -62 -62 -73 -52 
2016-05-19 23:26:06.678468 -48 -69 -68 -69 -50 
2016-05-19 23:26:06.781473 -45 -62 -66 -68 -51 
2016-05-19 23:26:06.885488 -48 -59 -61 -61 -64 
2016-05-19 23:26:07.060510 -59 -63 -61 -59 -55 
2016-05-19 23:26:07.169521 -47 -59 -68 -65 -48 
2016-05-19 23:26:07.276539 -45 -70 -57 -57 -46 
2016-05-19 23:26:07.417556 -54 -56 -66 -66 -53 
2016-05-19 23:26:07.519566 -47 -51 -63 -76 -51 
2016-05-19 23:26:07.688597 -43 -60 -67 -58 -50 
2016-05-19 23:26:07.794602 -51 -57 -69 -69 -51 
2016-05-19 23:26:07.900621 -47 -60 -57 -62 -60 
2016-05-19 23:26:08.004629 -55 -52 -67 -60 -54 
2016-05-19 23:26:08.109644 -53 -54 -53 -66 -59 
2016-05-19 23:26:08.314671 -50 -53 -54 -66 -53 
2016-05-19 23:26:08.530702 -50 -58 -55 -75 -53 
2016-05-19 23:26:08.747731 -47 -57 -68 -63 -49 
2016-05-19 23:26:08.946767 -48 -55 -55 -63 -53 
2016-05-19 23:26:09.065771 -44 -54 -54 -64 -48 
2016-05-19 23:26:09.277800 -44 -52 -73 -62 -53 
2016-05-19 23:26:09.577839 -50 -51 -59 -59 -57 
2016-05-19 23:26:09.890880 -47 -56 -62 -61 -50 
2016-05-19 23:26:10.029898 -55 -67 -61 -59 -45 
2016-05-19 23:26:10.330938 -49 -54 -61 -59 -53 
2016-05-19 23:26:10.437950 -55 -55 -54 -61 -55 
2016-05-19 23:26:10.639975 -50 -58 -58 -58 -58 
2016-05-19 23:26:10.851998 -49 -69 -57 -61 -68 
2016-05-19 23:26:10.965028 -54 -66 -68 -58 -52 
2016-05-19 23:26:11.069030 -62 -61 -59 -62 -52 
2016-05-19 23:26:11.248049 -59 -68 -64 -61 -48 
2016-05-19 23:26:11.350060 -62 -64 -65 -57 -54 
2016-05-19 23:26:11.458078 -56 -63 -62 -71 -52 
2016-05-19 23:26:11.600093 -51 -62 -61 -65 -52 
2016-05-19 23:26:11.700106 -65 -79 -60 -60 -46 
2016-05-19 23:26:11.817130 -43 -65 -66 -59 -46 
2016-05-19 23:26:11.926138 -60 -70 -58 -70 -47 
2016-05-19 23:26:12.121164 -47 -75 -64 -55 -60 
2016-05-19 23:26:12.228182 -45 -67 -57 -68 -44 
2016-05-19 23:26:12.332201 -52 -62 -65 -54 -63 
2016-05-19 23:26:12.439215 -52 -66 -56 -69 -43 
2016-05-19 23:26:12.543219 -46 -59 -65 -54 -56 
2016-05-19 23:26:12.650229 -47 -61 -58 -67 -47 
2016-05-19 23:26:12.863260 -52 -71 -62 -61 -46 
2016-05-19 23:26:13.061287 -49 -52 -72 -65 -45 
2016-05-19 23:26:13.165297 -56 -70 -61 -56 -58 
2016-05-19 23:26:13.359329 -66 -63 -61 -64 -45 
2016-05-19 23:26:13.508345 -48 -60 -62 -52 -50 
2016-05-19 23:26:13.705368 -55 -57 -71 -65 -46 
2016-05-19 23:26:13.810381 -46 -54 -60 -53 -49 
2016-05-19 23:26:14.119429 -54 -62 -56 -62 -46 
2016-05-19 23:26:14.322466 -47 -60 -64 -69 -51 
2016-05-19 23:26:14.746507 -46 -55 -67 -66 -49 
2016-05-19 23:26:14.847519 -43 -54 -82 -55 -49 
2016-05-19 23:26:15.039549 -43 -61 -61 -56 -51 
2016-05-19 23:26:15.144563 -45 -53 -64 -63 -51 
2016-05-19 23:26:15.250569 -59 -56 -63 -62 -52 
2016-05-19 23:26:15.455597 -47 -55 -63 -57 -50 
2016-05-19 23:26:15.562613 -50 -55 -61 -56 -54 
2016-05-19 23:26:15.661626 -52 -58 -67 -69 -57 
2016-05-19 23:26:15.773641 -47 -60 -58 -70 -49 
2016-05-19 23:26:15.873654 -43 -64 -64 -60 -58 
2016-05-19 23:26:15.983668 -46 -65 -58 -58 -56 
2016-05-19 23:26:16.115683 -52 -66 -63 -61 -52 
2016-05-19 23:26:16.221700 -47 -58 -61 -68 -53 
2016-05-19 23:26:16.325711 -44 -64 -69 -57 -56 
2016-05-19 23:26:16.432727 -45 -51 -70 -60 -54 
2016-05-19 23:26:16.539745 -40 -66 -71 -58 -62 
2016-05-19 23:26:16.644759 -40 -54 -67 -63 -47 
2016-05-19 23:26:16.838780 -45 -65 -70 -57 -49 
2016-05-19 23:26:17.066810 -43 -65 -66 -65 -50 
2016-05-19 23:26:17.279841 -46 -68 -69 -71 -48 
2016-05-19 23:26:17.389855 -49 -66 -66 -65 -44 
2016-05-19 23:26:17.498866 -44 -67 -62 -54 -53 
2016-05-19 23:26:17.688891 -45 -61 -68 -68 -48 
2016-05-19 23:26:17.796905 -51 -71 -61 -70 -50 
2016-05-19 23:26:17.967927 -54 -68 -65 -60 -47 
2016-05-19 23:26:18.119951 -52 -65 -61 -71 -53 
2016-05-19 23:26:18.312973 -56 -64 -61 -60 -58 
2016-05-19 23:26:18.416986 -53 -60 -71 -69 -45 
2016-05-19 23:26:18.612012 -54 -62 -67 -65 -54 
2016-05-19 23:26:18.720029 -52 -61 -64 -55 -56 
2016-05-19 23:26:18.826036 -65 -68 -63 -59 -55 
2016-05-19 23:26:18.962058 -50 -61 -60 -69 -53 
2016-05-19 23:26:19.069071 -65 -60 -72 -57 -59 
2016-05-19 23:26:19.169084 -57 -57 -61 -60 -57 
2016-05-19 23:26:19.352117 -44 -77 -89 -70 -52 
2016-05-19 23:26:19.455125 -70 -58 -59 -64 -49 
2016-05-19 23:26:19.569136 -52 -59 -75 -61 -55 
2016-05-19 23:26:19.682152 -44 -62 -58 -81 -50 
2016-05-19 23:26:19.880181 -56 -64 -55 -66 -52 
2016-05-19 23:26:19.985195 -43 -60 -69 -58 -69 
2016-05-19 23:26:20.089204 -48 -66 -52 -59 -57 
2016-05-19 23:26:20.319235 -45 -61 -63 -56 -59 
2016-05-19 23:26:20.502259 -49 -59 -60 -71 -60 
2016-05-19 23:26:20.609272 -42 -62 -60 -58 -52 
2016-05-19 23:26:20.720291 -71 -56 -63 -63 -59 
2016-05-19 23:26:20.821297 -57 -63 -59 -59 -62 
2016-05-19 23:26:20.930318 -67 -57 -61 -64 -56 
2016-05-19 23:26:21.033327 -51 -61 -71 -57 -52 
2016-05-19 23:26:21.248355 -55 -60 -65 -60 -54 
2016-05-19 23:26:21.459384 -47 -64 -67 -59 -57 
2016-05-19 23:26:21.565402 -60 -57 -66 -63 -51 
2016-05-19 23:26:21.772425 -54 -60 -69 -63 -48 
2016-05-19 23:26:21.979451 -48 -63 -64 -61 -61 
2016-05-19 23:26:22.079464 -47 -55 -71 -54 -58 
2016-05-19 23:26:22.187479 -54 -63 -66 -59 -57 
2016-05-19 23:26:22.293493 -51 -60 -77 -55 -59 
2016-05-19 23:26:22.402506 -57 -61 -68 -60 -55 
2016-05-19 23:26:22.504519 -46 -62 -70 -53 -59 
2016-05-19 23:26:22.719548 -50 -60 -68 -62 -55 
2016-05-19 23:26:22.825565 -62 -58 -63 -62 -51 
2016-05-19 23:26:22.929575 -55 -60 -65 -53 -55 
2016-05-19 23:26:23.145608 -60 -57 -62 -59 -56 
2016-05-19 23:26:23.281619 -52 -57 -69 -59 -56 
2016-05-19 23:26:23.557658 -52 -59 -64 -60 -54 
2016-05-19 23:26:23.712677 -50 -56 -65 -68 -58 
2016-05-19 23:26:23.916707 -49 -60 -64 -56 -57 
2016-05-19 23:26:24.021715 -58 -59 -59 -60 -54 
2016-05-19 23:26:24.196742 -50 -56 -63 -58 -60 
2016-05-19 23:26:24.300758 -70 -54 -59 -58 -59 
2016-05-19 23:26:24.412769 -66 -59 -65 -57 -52 
2016-05-19 23:26:24.515786 -63 -58 -69 -59 -58 
2016-05-19 23:26:24.725814 -47 -57 -63 -55 -60 
2016-05-19 23:26:24.875833 -65 -60 -64 -57 -57 
2016-05-19 23:26:24.982844 -52 -55 -61 -58 -59 
2016-05-19 23:26:25.087858 -58 -57 -68 -59 -57 
2016-05-19 23:26:25.264880 -62 -57 -67 -58 -61 
2016-05-19 23:26:25.371891 -54 -58 -60 -57 -57 
2016-05-19 23:26:25.512913 -66 -55 -68 -58 -59 
2016-05-19 23:26:25.614944 -63 -56 -60 -60 -55 
2016-05-19 23:26:25.777947 -57 -55 -62 -60 -57 
2016-05-19 23:26:25.965976 -47 -58 -64 -63 -55 
2016-05-19 23:26:26.172999 -51 -58 -62 -59 -53 
2016-05-19 23:26:26.279013 -58 -57 -59 -55 -50 
2016-05-19 23:26:26.488041 -71 -59 -64 -55 -57 
2016-05-19 23:26:26.598055 -62 -53 -72 -59 -59 
2016-05-19 23:26:26.769077 -60 -60 -66 -52 -58 
2016-05-19 23:26:26.982102 -47 -59 -61 -58 -62 
2016-05-19 23:26:27.088118 -67 -59 -61 -58 -50 
2016-05-19 23:26:27.199133 -54 -59 -67 -59 -61 
2016-05-19 23:26:27.302144 -60 -57 -64 -58 -52 
2016-05-19 23:26:27.404159 -53 -58 -59 -60 -60 
2016-05-19 23:26:27.575182 -59 -56 -67 -56 -52 
2016-05-19 23:26:27.790211 -56 -54 -69 -57 -59 
2016-05-19 23:26:27.996247 -56 -57 -62 -56 -57 
2016-05-19 23:26:28.099250 -64 -59 -61 -58 -59 
2016-05-19 23:26:28.202261 -61 -59 -62 -58 -54 
2016-05-19 23:26:28.303277 -52 -59 -60 -58 -58 
2016-05-19 23:26:28.462296 -59 -58 -61 -60 -61 
2016-05-19 23:26:28.716343 -62 -59 -60 -59 -56 
2016-05-19 23:26:28.825346 -54 -54 -62 -59 -55 
2016-05-19 23:26:29.037371 -55 -64 -61 -62 -59 
2016-05-19 23:26:29.140386 -53 -54 -60 -64 -57 
2016-05-19 23:26:29.290407 -46 -55 -62 -62 -55 
2016-05-19 23:26:29.391423 -64 -57 -60 -59 -61 
2016-05-19 23:26:29.591450 -56 -54 -59 -60 -58 
2016-05-19 23:26:29.697456 -60 -57 -61 -62 -63 
2016-05-19 23:26:29.799473 -72 -54 -59 -62 -60 
2016-05-19 23:26:29.907484 -54 -55 -63 -60 -64 
2016-05-19 23:26:30.009499 -52 -63 -59 -60 -59 
2016-05-19 23:26:30.246535 -57 -56 -58 -61 -69 
2016-05-19 23:26:30.461563 -57 -66 -61 -63 -69 
2016-05-19 23:26:30.567570 -60 -69 -61 -60 -57 
2016-05-19 23:26:30.678588 -60 -58 -59 -58 -62 
2016-05-19 23:26:30.788623 -50 -68 -65 -62 -57 
2016-05-19 23:26:30.889616 -49 -59 -64 -65 -59 
2016-05-19 23:26:30.997626 -55 -58 -67 -61 -64 
2016-05-19 23:26:31.121649 -49 -60 -59 -61 -54 
2016-05-19 23:26:31.227656 -54 -63 -72 -52 -58 
2016-05-19 23:26:31.331677 -66 -75 -61 -54 -57 
2016-05-19 23:26:31.541704 -49 -66 -60 -63 -59 
2016-05-19 23:26:31.686723 -50 -64 -58 -70 -58 
2016-05-19 23:26:31.898748 -47 -58 -65 -60 -54 
2016-05-19 23:26:32.109775 -48 -68 -58 -60 -58 
2016-05-19 23:26:32.217786 -51 -70 -60 -65 -62 
2016-05-19 23:26:32.327800 -65 -57 -58 -61 -53 
2016-05-19 23:26:32.495825 -56 -68 -67 -64 -54 
2016-05-19 23:26:32.702849 -50 -64 -58 -62 -56 
2016-05-19 23:26:32.959885 -46 -71 -69 -56 -58 
2016-05-19 23:26:33.066904 -47 -68 -59 -55 -63 
2016-05-19 23:26:33.168913 -49 -55 -60 -58 -62 
2016-05-19 23:26:33.426951 -49 -64 -63 -59 -57 
2016-05-19 23:26:33.604970 -52 -64 -53 -61 -70 
2016-05-19 23:26:33.817995 -49 -59 -66 -56 -57 
2016-05-19 23:26:33.925012 -49 -61 -59 -63 -66 
2016-05-19 23:26:34.334065 -53 -59 -59 -58 -59 
2016-05-19 23:26:34.441079 -51 -74 -57 -62 -53 
2016-05-19 23:26:34.596099 -55 -59 -61 -54 -60 
2016-05-19 23:26:34.699113 -50 -63 -50 -63 -54 
2016-05-19 23:26:34.896139 -45 -57 -62 -73 -66 
2016-05-19 23:26:35.005153 -62 -56 -70 -62 -63 
2016-05-19 23:26:35.106166 -66 -68 -67 -67 -64 
2016-05-19 23:26:35.213177 -53 -75 -64 -60 -58 
2016-05-19 23:26:35.415206 -50 -65 -59 -60 -59 
2016-05-19 23:26:35.515220 -61 -76 -57 -64 -55 
2016-05-19 23:26:35.837264 -49 -60 -58 -66 -61 
2016-05-19 23:26:35.945275 -55 -64 -70 -62 -59 
2016-05-19 23:26:36.054294 -51 -71 -79 -69 -61 
2016-05-19 23:26:36.248312 -44 -86 -60 -60 -54 
2016-05-19 23:26:36.433336 -46 -71 -58 -59 -61 
2016-05-19 23:26:36.635366 -55 -59 -59 -62 -61 
2016-05-19 23:26:36.744380 -49 -62 -62 -74 -56 
2016-05-19 23:26:36.955431 -47 -58 -66 -63 -59 
2016-05-19 23:26:37.059421 -55 -59 -64 -61 -52 
2016-05-19 23:26:37.162438 -51 -57 -76 -61 -57 
2016-05-19 23:26:37.303450 -49 -61 -56 -65 -66 
2016-05-19 23:26:37.409467 -55 -56 -72 -61 -58 
2016-05-19 23:26:37.520482 -52 -68 -62 -57 -54 
2016-05-19 23:26:37.621494 -51 -56 -70 -61 -64 
2016-05-19 23:26:37.824521 -51 -61 -65 -60 -52 
2016-05-19 23:26:37.928532 -57 -58 -59 -65 -54 
2016-05-19 23:26:38.035549 -50 -62 -70 -61 -59 
2016-05-19 23:26:38.243573 -52 -60 -69 -61 -54 
2016-05-19 23:26:38.349597 -51 -62 -66 -65 -51 
2016-05-19 23:26:38.659637 -52 -61 -59 -66 -51 
2016-05-19 23:26:38.824659 -51 -62 -56 -67 -55 
2016-05-19 23:26:38.928669 -45 -62 -65 -59 -58 
2016-05-19 23:26:39.031687 -58 -66 -58 -67 -54 
2016-05-19 23:26:39.137704 -54 -64 -65 -65 -51 
2016-05-19 23:26:39.239713 -51 -60 -60 -59 -60 
2016-05-19 23:26:39.351728 -59 -65 -60 -66 -56 
2016-05-19 23:26:39.455741 -46 -58 -57 -59 -68 
2016-05-19 23:26:39.642770 -57 -59 -58 -62 -56 
2016-05-19 23:26:39.749780 -60 -61 -61 -63 -51 
2016-05-19 23:26:39.922812 -56 -66 -61 -59 -53 
2016-05-19 23:26:40.021816 -49 -58 -64 -63 -55 
2016-05-19 23:26:40.128826 -54 -65 -58 -60 -52 
2016-05-19 23:26:40.230843 -49 -57 -66 -65 -70 
2016-05-19 23:26:40.335857 -57 -61 -60 -62 -59 
2016-05-19 23:26:40.439870 -49 -62 -59 -73 -54 
2016-05-19 23:26:40.548881 -58 -64 -58 -59 -57 
2016-05-19 23:26:40.651897 -47 -63 -58 -66 -54 
2016-05-19 23:26:40.753908 -55 -64 -66 -60 -62 
2016-05-19 23:26:40.861924 -48 -66 -59 -65 -53 
2016-05-19 23:26:40.984941 -56 -65 -60 -68 -55 
2016-05-19 23:26:41.142958 -51 -62 -59 -62 -54 
2016-05-19 23:26:41.285973 -66 -67 -58 -64 -54 
2016-05-19 23:26:41.498999 -51 -64 -65 -63 -64 
2016-05-19 23:26:41.603019 -52 -56 -69 -62 -59 
2016-05-19 23:26:41.765035 -53 -56 -59 -60 -57 
2016-05-19 23:26:41.922056 -55 -66 -59 -58 -62 
2016-05-19 23:26:42.026069 -49 -57 -61 -60 -63 
2016-05-19 23:26:42.297105 -56 -68 -59 -63 -57 
2016-05-19 23:26:42.409117 -51 -69 -57 -60 -56 
2016-05-19 23:26:42.514131 -46 -56 -60 -60 -69 
2016-05-19 23:26:42.616147 -60 -68 -59 -61 -55 
2016-05-19 23:26:42.825174 -47 -59 -59 -61 -52 
2016-05-19 23:26:42.928191 -46 -63 -69 -58 -60 
2016-05-19 23:26:43.179218 -50 -58 -64 -61 -55 
2016-05-19 23:26:43.339245 -49 -66 -60 -59 -53 
2016-05-19 23:26:43.491268 -54 -63 -58 -63 -56 
2016-05-19 23:26:43.871318 -49 -62 -56 -62 -57 
2016-05-19 23:26:44.085346 -52 -62 -72 -62 -55 
2016-05-19 23:26:44.285365 -46 -61 -59 -61 -51 
2016-05-19 23:26:44.386385 -60 -58 -70 -67 -50 
2016-05-19 23:26:44.844435 -52 -60 -64 -64 -54 
2016-05-19 23:26:44.951452 -54 -60 -71 -64 -53 
2016-05-19 23:26:45.054463 -46 -64 -59 -59 -52 
2016-05-19 23:26:45.161486 -55 -58 -62 -63 -56 
2016-05-19 23:26:45.338516 -47 -58 -59 -62 -53 
2016-05-19 23:26:45.442516 -53 -64 -65 -59 -51 
2016-05-19 23:26:45.656549 -50 -65 -65 -60 -54 
2016-05-19 23:26:45.761558 -52 -57 -60 -59 -55 
2016-05-19 23:26:45.965599 -53 -62 -61 -61 -54 
2016-05-19 23:26:46.178616 -52 -59 -66 -56 -54 
2016-05-19 23:26:46.386660 -48 -59 -66 -65 -67 
2016-05-19 23:26:46.760691 -51 -65 -64 -68 -56 
2016-05-19 23:26:46.860701 -47 -62 -59 -65 -58 
2016-05-19 23:26:47.015722 -52 -54 -64 -65 -52 
2016-05-19 23:26:47.121735 -51 -68 -64 -60 -54 
2016-05-19 23:26:47.220749 -51 -66 -72 -68 -51 
2016-05-19 23:26:47.330762 -50 -60 -79 -63 -49 
2016-05-19 23:26:47.543794 -50 -61 -70 -59 -47 
2016-05-19 23:26:47.704808 -54 -75 -72 -66 -51 
2016-05-19 23:26:47.857831 -57 -61 -62 -62 -57 
2016-05-19 23:26:48.164869 -47 -65 -65 -61 -55 
2016-05-19 23:26:48.432909 -50 -75 -70 -58 -52 
2016-05-19 23:26:48.641934 -46 -66 -71 -69 -49 
2016-05-19 23:26:48.743951 -53 -65 -66 -62 -48 
2016-05-19 23:26:48.850961 -49 -67 -65 -72 -61 
2016-05-19 23:26:48.957976 -46 -62 -66 -66 -54 
2016-05-19 23:26:49.069987 -51 -59 -70 -67 -58 
2016-05-19 23:26:49.214012 -51 -63 -62 -67 -54 
2016-05-19 23:26:49.424041 -56 -63 -69 -62 -56 
2016-05-19 23:26:49.526049 -52 -83 -66 -60 -47 
2016-05-19 23:26:49.634068 -54 -67 -66 -73 -55 
2016-05-19 23:26:49.737081 -50 -75 -69 -68 -52 
2016-05-19 23:26:49.847091 -57 -65 -69 -69 -58 
2016-05-19 23:26:50.063119 -48 -75 -73 -75 -57 
2016-05-19 23:26:50.239154 -55 -59 -69 -59 -56 
2016-05-19 23:26:50.342156 -59 -66 -72 -60 -52 
2016-05-19 23:26:50.449174 -50 -63 -63 -58 -59 
2016-05-19 23:26:50.576187 -49 -57 -61 -59 -54 
2016-05-19 23:26:50.680197 -51 -56 -72 -60 -52 
2016-05-19 23:26:50.856223 -53 -59 -60 -60 -58 
2016-05-19 23:26:50.960234 -64 -60 -68 -54 -62 
2016-05-19 23:26:51.063250 -45 -53 -58 -56 -59 
2016-05-19 23:26:51.205266 -52 -59 -63 -58 -62 
2016-05-19 23:26:51.308283 -52 -57 -63 -54 -66 
2016-05-19 23:26:51.416312 -57 -59 -72 -61 -59 
2016-05-19 23:26:51.523311 -46 -55 -64 -54 -59 
2016-05-19 23:26:51.620320 -54 -64 -64 -60 -57 
2016-05-19 23:26:51.718335 -45 -59 -67 -57 -60 
2016-05-19 23:26:51.831351 -59 -64 -65 -71 -55 
2016-05-19 23:26:52.038377 -60 -57 -65 -70 -56 
2016-05-19 23:26:52.140389 -44 -56 -61 -61 -52 
2016-05-19 23:26:52.246435 -57 -70 -62 -62 -56 
2016-05-19 23:26:52.447432 -44 -63 -62 -62 -60 
2016-05-19 23:26:52.553445 -57 -61 -61 -62 -54 
2016-05-19 23:26:52.658458 -59 -78 -65 -60 -57 
2016-05-19 23:26:52.765469 -57 -54 -61 -62 -54 
2016-05-19 23:26:52.872486 -62 -70 -62 -59 -59 
2016-05-19 23:26:52.978501 -45 -55 -61 -63 -49 
2016-05-19 23:26:53.088515 -58 -54 -60 -59 -55 
2016-05-19 23:26:53.196533 -43 -71 -60 -62 -64 
2016-05-19 23:26:53.354561 -54 -53 -65 -61 -47 
2016-05-19 23:26:53.459577 -59 -62 -61 -58 -69 
2016-05-19 23:26:53.611591 -48 -56 -65 -62 -50 
2016-05-19 23:26:53.794619 -48 -60 -59 -62 -66 
2016-05-19 23:26:53.985636 -46 -66 -64 -59 -60 
2016-05-19 23:26:54.128657 -48 -57 -66 -64 -49 
2016-05-19 23:26:54.339690 -53 -57 -69 -61 -57 
2016-05-19 23:26:54.444706 -46 -55 -60 -59 -60 
2016-05-19 23:26:54.553713 -57 -70 -60 -59 -62 
2016-05-19 23:26:54.661727 -43 -56 -60 -64 -55 
2016-05-19 23:26:54.772742 -55 -74 -60 -61 -58 
2016-05-19 23:26:54.979786 -50 -58 -65 -62 -57 
2016-05-19 23:26:55.119792 -47 -59 -60 -67 -47 
2016-05-19 23:26:55.226802 -50 -59 -60 -68 -55 
2016-05-19 23:26:55.356822 -56 -56 -71 -60 -57 
2016-05-19 23:26:55.569852 -54 -62 -67 -62 -57 
2016-05-19 23:26:55.772872 -47 -66 -66 -62 -51 
2016-05-19 23:26:55.879891 -60 -63 -64 -62 -54 
2016-05-19 23:26:56.081913 -51 -67 -66 -57 -57 
2016-05-19 23:26:56.190926 -57 -59 -64 -71 -59 
2016-05-19 23:26:56.495964 -50 -60 -65 -66 -52 
2016-05-19 23:26:56.715000 -57 -67 -65 -68 -58 
2016-05-19 23:26:56.928016 -44 -67 -62 -62 -52 
2016-05-19 23:26:57.029029 -55 -64 -64 -65 -60 
2016-05-19 23:26:57.142044 -49 -73 -63 -61 -52 
2016-05-19 23:26:57.355076 -51 -68 -62 -64 -57 
2016-05-19 23:26:57.565104 -57 -67 -63 -68 -53 
2016-05-19 23:26:57.671110 -48 -57 -63 -63 -54 
2016-05-19 23:26:57.777128 -42 -78 -64 -66 -53 
2016-05-19 23:26:58.024159 -51 -69 -62 -62 -55 
2016-05-19 23:26:58.128173 -58 -61 -64 -62 -52 
2016-05-19 23:26:58.303196 -52 -67 -61 -65 -55 
2016-05-19 23:26:58.404209 -61 -59 -63 -63 -52 
2016-05-19 23:26:58.567230 -50 -59 -64 -65 -57 
2016-05-19 23:26:58.675248 -49 -57 -61 -65 -52 
2016-05-19 23:26:58.928278 -50 -67 -61 -65 -53 
2016-05-19 23:26:59.248320 -54 -56 -62 -61 -52 
2016-05-19 23:26:59.457347 -44 -59 -62 -70 -49 
2016-05-19 23:26:59.764386 -48 -69 -61 -63 -57 
2016-05-19 23:26:59.871398 -54 -56 -61 -59 -52 
2016-05-19 23:26:59.970418 -44 -75 -60 -61 -48 
2016-05-19 23:27:00.220450 -54 -65 -65 -62 -50 
2016-05-19 23:27:00.323466 -57 -55 -62 -59 -61 
2016-05-19 23:27:00.533488 -53 -66 -63 -70 -50 
2016-05-19 23:27:00.637501 -57 -56 -69 -62 -48 
2016-05-19 23:27:00.820528 -49 -58 -63 -61 -51 
2016-05-19 23:27:00.967544 -47 -57 -61 -61 -55 
2016-05-19 23:27:01.136563 -62 -78 -60 -62 -57 
2016-05-19 23:27:01.454607 -55 -62 -68 -58 -61 
2016-05-19 23:27:01.559621 -70 -68 -60 -69 -48 
2016-05-19 23:27:01.668636 -43 -57 -64 -72 -60 
2016-05-19 23:27:01.770653 -43 -69 -60 -62 -49 
2016-05-19 23:27:01.880666 -62 -60 -64 -76 -58 
2016-05-19 23:27:01.982676 -44 -71 -62 -60 -52 
2016-05-19 23:27:02.085693 -50 -62 -73 -68 -62 
2016-05-19 23:27:02.190707 -48 -68 -60 -59 -54 
2016-05-19 23:27:02.299718 -50 -59 -63 -61 -58 
2016-05-19 23:27:02.511779 -47 -65 -66 -61 -52 
2016-05-19 23:27:02.617763 -45 -71 -82 -54 -47 
2016-05-19 23:27:02.820790 -62 -61 -71 -60 -51 
2016-05-19 23:27:02.926797 -50 -67 -66 -60 -54 
2016-05-19 23:27:03.121823 -49 -73 -67 -69 -56 
2016-05-19 23:27:03.228839 -51 -68 -68 -72 -53 
2016-05-19 23:27:03.351854 -51 -61 -75 -70 -55 
2016-05-19 23:27:03.546878 -51 -67 -75 -69 -55 
2016-05-19 23:27:03.761905 -62 -77 -73 -63 -53 
2016-05-19 23:27:03.967936 -59 -60 -68 -62 -57 
2016-05-19 23:27:04.074950 -51 -63 -67 -59 -59 
2016-05-19 23:27:04.185968 -43 -58 -69 -55 -50 
2016-05-19 23:27:04.388991 -46 -52 -64 -60 -54 
2016-05-19 23:27:04.495005 -45 -56 -65 -51 -51 
2016-05-19 23:27:04.600019 -45 -61 -63 -58 -50 
2016-05-19 23:27:04.704032 -40 -58 -61 -55 -54 
2016-05-19 23:27:04.902055 -42 -59 -65 -71 -56 
2016-05-19 23:27:05.050077 -51 -60 -70 -70 -48 
2016-05-19 23:27:05.158091 -42 -66 -69 -61 -45 
2016-05-19 23:27:05.365118 -44 -65 -64 -62 -48 
2016-05-19 23:27:05.471137 -57 -66 -58 -56 -49 
2016-05-19 23:27:05.650156 -47 -64 -63 -52 -50 
2016-05-19 23:27:05.753169 -42 -61 -66 -65 -53 
2016-05-19 23:27:05.893187 -44 -58 -67 -59 -52 
2016-05-19 23:27:05.994201 -42 -62 -64 -54 -52 
2016-05-19 23:27:06.105215 -45 -62 -63 -65 -53 
2016-05-19 23:27:06.614283 -46 -58 -65 -56 -58 
2016-05-19 23:27:06.717292 -49 -68 -70 -58 -49 
2016-05-19 23:27:06.822340 -50 -64 -64 -62 -49 
2016-05-19 23:27:06.930324 -49 -74 -62 -56 -48 
2016-05-19 23:27:07.086351 -45 -61 -64 -59 -63 
2016-05-19 23:27:07.193357 -42 -59 -58 -60 -56 
2016-05-19 23:27:07.324374 -47 -58 -61 -68 -58 
2016-05-19 23:27:07.428388 -42 -59 -60 -52 -56 
2016-05-19 23:27:07.530401 -50 -55 -62 -59 -57 
2016-05-19 23:27:07.638421 -44 -58 -57 -56 -50 
2016-05-19 23:27:07.739430 -45 -54 -62 -59 -56 
2016-05-19 23:27:07.847440 -43 -71 -57 -59 -52 
2016-05-19 23:27:07.986465 -43 -53 -65 -59 -59 
2016-05-19 23:27:08.197485 -43 -58 -63 -64 -62 
2016-05-19 23:27:08.311515 -42 -54 -58 -57 -55 
2016-05-19 23:27:08.418526 -51 -63 -69 -60 -57 
2016-05-19 23:27:08.558543 -47 -62 -57 -54 -52 
2016-05-19 23:27:08.664556 -44 -65 -68 -57 -55 
2016-05-19 23:27:08.952591 -44 -60 -60 -58 -62 
2016-05-19 23:27:09.156627 -45 -63 -61 -62 -47 
2016-05-19 23:27:09.366655 -47 -65 -64 -61 -55 
2016-05-19 23:27:09.468662 -46 -61 -73 -58 -58 
2016-05-19 23:27:09.574676 -44 -55 -58 -62 -55 
2016-05-19 23:27:09.789706 -47 -58 -58 -61 -58 
2016-05-19 23:27:09.894719 -48 -65 -60 -58 -54 
2016-05-19 23:27:09.999744 -43 -58 -56 -61 -70 
2016-05-19 23:27:10.106751 -49 -68 -68 -55 -60 
2016-05-19 23:27:10.212757 -43 -59 -55 -60 -58 
2016-05-19 23:27:10.319773 -50 -64 -58 -58 -57 
2016-05-19 23:27:10.430788 -51 -65 -66 -60 -50 
2016-05-19 23:27:10.621817 -46 -65 -58 -60 -47 
2016-05-19 23:27:10.750837 -41 -60 -60 -63 -54 
2016-05-19 23:27:10.854836 -54 -56 -62 -59 -45 
2016-05-19 23:27:11.061866 -53 -59 -64 -66 -53 
2016-05-19 23:27:11.255888 -46 -59 -74 -70 -47 
2016-05-19 23:27:11.485919 -49 -59 -63 -65 -52 
2016-05-19 23:27:11.675943 -44 -57 -61 -69 -53 
2016-05-19 23:27:11.893971 -50 -56 -61 -62 -49 
2016-05-19 23:27:12.104998 -52 -63 -61 -64 -48 
2016-05-19 23:27:12.209012 -42 -62 -70 -60 -50 
2016-05-19 23:27:12.315026 -51 -58 -68 -76 -44 
2016-05-19 23:27:12.416038 -44 -65 -67 -62 -52 
2016-05-19 23:27:12.526053 -57 -56 -67 -69 -61 
2016-05-19 23:27:12.634068 -43 -65 -61 -71 -46 
2016-05-19 23:27:12.740081 -54 -57 -63 -70 -62 
2016-05-19 23:27:12.936107 -42 -56 -62 -65 -54 
2016-05-19 23:27:13.062127 -43 -70 -59 -68 -49 
2016-05-19 23:27:13.166137 -54 -57 -69 -60 -61 
2016-05-19 23:27:13.356162 -43 -57 -62 -74 -52 
2016-05-19 23:27:13.464176 -56 -62 -68 -69 -49 
2016-05-19 23:27:13.572194 -43 -57 -64 -68 -60 
2016-05-19 23:27:13.684205 -50 -66 -65 -62 -45 
2016-05-19 23:27:13.794219 -54 -59 -63 -70 -58 
2016-05-19 23:27:14.088257 -50 -68 -60 -63 -52 
2016-05-19 23:27:14.194271 -43 -57 -69 -66 -51 
2016-05-19 23:27:14.300286 -50 -70 -64 -70 -47 
2016-05-19 23:27:14.405299 -43 -58 -74 -60 -53 
2016-05-19 23:27:14.690336 -46 -57 -65 -69 -61 
2016-05-19 23:27:14.830354 -44 -58 -67 -63 -49 
2016-05-19 23:27:15.034381 -43 -56 -61 -72 -55 
2016-05-19 23:27:15.139395 -52 -64 -59 -67 -53 
2016-05-19 23:27:15.248406 -43 -56 -64 -59 -45 
2016-05-19 23:27:15.353421 -51 -61 -60 -66 -62 
2016-05-19 23:27:15.508440 -48 -54 -60 -58 -56 
2016-05-19 23:27:15.668462 -46 -58 -63 -62 -61 
2016-05-19 23:27:15.985506 -47 -62 -60 -62 -48 
2016-05-19 23:27:16.086520 -45 -61 -59 -54 -52 
2016-05-19 23:27:16.208532 -49 -63 -60 -61 -47 
2016-05-19 23:27:16.312552 -51 -58 -59 -54 -53 
2016-05-19 23:27:16.508595 -54 -62 -61 -59 -52 
2016-05-19 23:27:16.716602 -47 -63 -62 -56 -51 
2016-05-19 23:27:17.247675 -48 -55 -61 -58 -50 
2016-05-19 23:27:17.568710 -48 -65 -66 -62 -57 
2016-05-19 23:27:17.709736 -45 -59 -72 -57 -63 
2016-05-19 23:27:18.131785 -42 -64 -61 -61 -48 
2016-05-19 23:27:18.235821 -45 -59 -60 -55 -64 
2016-05-19 23:27:18.407834 -48 -63 -61 -57 -56 
2016-05-19 23:27:18.623854 -42 -58 -66 -54 -51 
2016-05-19 23:27:18.799881 -44 -73 -66 -66 -61 
2016-05-19 23:27:18.901893 -52 -68 -69 -60 -56 
2016-05-19 23:27:19.024910 -46 -64 -59 -62 -51 
2016-05-19 23:27:19.132929 -48 -65 -69 -60 -76 
2016-05-19 23:27:19.300946 -44 -61 -64 -56 -50 
2016-05-19 23:27:19.498967 -51 -72 -71 -61 -54 
2016-05-19 23:27:19.604986 -48 -54 -64 -59 -58 
2016-05-19 23:27:19.706999 -52 -63 -66 -54 -50 
2016-05-19 23:27:19.868024 -58 -58 -67 -56 -47 
2016-05-19 23:27:20.282075 -50 -63 -66 -58 -46 
2016-05-19 23:27:20.388093 -49 -61 -83 -62 -45 
2016-05-19 23:27:20.486101 -51 -64 -64 -56 -49 
2016-05-19 23:27:20.675117 -50 -65 -63 -58 -49 
2016-05-19 23:27:20.889143 -45 -60 -61 -62 -49 
2016-05-19 23:27:20.996160 -48 -66 -68 -62 -54 
2016-05-19 23:27:21.098176 -44 -62 -58 -59 -52 
2016-05-19 23:27:21.201186 -51 -72 -71 -54 -50 
2016-05-19 23:27:21.302200 -44 -59 -59 -59 -57 
2016-05-19 23:27:21.424214 -49 -67 -71 -56 -60 
2016-05-19 23:27:21.532235 -48 -69 -69 -60 -52 
2016-05-19 23:27:21.732256 -53 -67 -65 -58 -50 
2016-05-19 23:27:21.936283 -48 -63 -68 -57 -51 
2016-05-19 23:27:22.041297 -45 -64 -63 -57 -54 
2016-05-19 23:27:22.254322 -53 -66 -70 -71 -51 
2016-05-19 23:27:22.384338 -44 -65 -70 -58 -50 
2016-05-19 23:27:22.492356 -58 -77 -65 -69 -50 
2016-05-19 23:27:22.689378 -45 -62 -72 -60 -49 
2016-05-19 23:27:22.895408 -52 -69 -69 -64 -44 
2016-05-19 23:27:23.009421 -48 -71 -64 -75 -54 
2016-05-19 23:27:23.112436 -56 -69 -72 -64 -50 
2016-05-19 23:27:23.316473 -45 -66 -68 -70 -56 
2016-05-19 23:27:23.431485 -49 -65 -65 -63 -48 
2016-05-19 23:27:23.636525 -45 -69 -65 -64 -51 
2016-05-19 23:27:23.884541 -45 -66 -71 -64 -46 
2016-05-19 23:27:23.991560 -57 -63 -64 -68 -54 
2016-05-19 23:27:24.157581 -48 -66 -71 -78 -45 
2016-05-19 23:27:24.369605 -49 -67 -64 -61 -50 
2016-05-19 23:27:24.473631 -43 -67 -65 -62 -49 
2016-05-19 23:27:24.577635 -48 -67 -69 -59 -59 
2016-05-19 23:27:24.897679 -49 -62 -69 -69 -48 
2016-05-19 23:27:25.002691 -49 -66 -68 -63 -52 
2016-05-19 23:27:25.107704 -45 -65 -69 -71 -51 
2016-05-19 23:27:25.211718 -57 -62 -65 -61 -52 
2016-05-19 23:27:25.326746 -54 -65 -71 -68 -49 
2016-05-19 23:27:25.478758 -44 -62 -69 -60 -56 
2016-05-19 23:27:25.579763 -59 -65 -65 -64 -52 
2016-05-19 23:27:25.681779 -44 -60 -68 -61 -50 
2016-05-19 23:27:25.788798 -50 -65 -63 -64 -55 
2016-05-19 23:27:25.888812 -45 -61 -67 -61 -51 
2016-05-19 23:27:26.043831 -50 -63 -65 -60 -51 
2016-05-19 23:27:26.146840 -45 -62 -69 -59 -54 
2016-05-19 23:27:26.347883 -45 -70 -66 -68 -55 
2016-05-19 23:27:26.450872 -50 -67 -68 -62 -48 
2016-05-19 23:27:26.872933 -45 -68 -67 -60 -51 
2016-05-19 23:27:26.977942 -50 -62 -70 -76 -55 
2016-05-19 23:27:27.186969 -45 -69 -68 -63 -46 
2016-05-19 23:27:27.401998 -47 -73 -70 -60 -51 
2016-05-19 23:27:27.605020 -49 -68 -65 -61 -61 
2016-05-19 23:27:27.708037 -50 -68 -72 -59 -49 
2016-05-19 23:27:27.816050 -49 -65 -68 -61 -52 
2016-05-19 23:27:27.919067 -52 -70 -71 -60 -50 
2016-05-19 23:27:28.132092 -43 -66 -66 -65 -58 
2016-05-19 23:27:28.451151 -51 -62 -69 -65 -54 
2016-05-19 23:27:28.555163 -48 -70 -74 -59 -50 
2016-05-19 23:27:28.667174 -51 -62 -68 -65 -50 
2016-05-19 23:27:28.774179 -50 -72 -66 -59 -46 
2016-05-19 23:27:28.879193 -42 -62 -68 -59 -50 
2016-05-19 23:27:28.982203 -50 -70 -63 -59 -49 
2016-05-19 23:27:29.191230 -46 -64 -69 -64 -54 
2016-05-19 23:27:29.293243 -57 -62 -70 -66 -62 
2016-05-19 23:27:29.481269 -48 -65 -69 -60 -50 
2016-05-19 23:27:29.690292 -48 -68 -66 -68 -49 
2016-05-19 23:27:29.789312 -53 -59 -66 -65 -63 
2016-05-19 23:27:29.922326 -51 -74 -70 -65 -48 
2016-05-19 23:27:30.071345 -48 -63 -68 -59 -49 
2016-05-19 23:27:30.314380 -46 -70 -66 -65 -49 
2016-05-19 23:27:30.692427 -43 -64 -64 -63 -52 
2016-05-19 23:27:30.799445 -42 -73 -68 -63 -56 
2016-05-19 23:27:30.899457 -47 -70 -64 -63 -48 
2016-05-19 23:27:31.009472 -41 -60 -69 -59 -49 
2016-05-19 23:27:31.114486 -55 -64 -65 -68 -50 
2016-05-19 23:27:31.324513 -46 -69 -67 -59 -52 
2016-05-19 23:27:31.477529 -41 -62 -68 -56 -54 
2016-05-19 23:27:31.636550 -45 -64 -64 -82 -58 
2016-05-19 23:27:31.736563 -49 -62 -70 -65 -54 
2016-05-19 23:27:32.010596 -43 -58 -61 -65 -57 
2016-05-19 23:27:32.136615 -47 -75 -65 -63 -47 
2016-05-19 23:27:32.329645 -53 -59 -66 -70 -53 
2016-05-19 23:27:32.626694 -53 -58 -59 -63 -52 
2016-05-19 23:27:32.737699 -52 -58 -59 -73 -49 
2016-05-19 23:27:32.846709 -63 -74 -75 -69 -45 
2016-05-19 23:27:32.957722 -57 -68 -59 -59 -49 
2016-05-19 23:27:33.096741 -52 -57 -62 -63 -57 
2016-05-19 23:27:33.379790 -61 -74 -61 -67 -48 
2016-05-19 23:27:33.800837 -52 -65 -62 -61 -46 
2016-05-19 23:27:33.906847 -51 -56 -66 -60 -41 
2016-05-19 23:27:34.010858 -44 -65 -79 -63 -43 
2016-05-19 23:27:34.111873 -52 -60 -62 -68 -53 
2016-05-19 23:27:34.321901 -50 -60 -66 -70 -47 
2016-05-19 23:27:34.530925 -48 -63 -73 -63 -52 
2016-05-19 23:27:35.048996 -53 -67 -73 -68 -65 
2016-05-19 23:27:35.156006 -62 -70 -66 -67 -51 
2016-05-19 23:27:35.261020 -52 -68 -77 -62 -54 
2016-05-19 23:27:35.467052 -49 -67 -70 -64 -56 
2016-05-19 23:27:35.570068 -58 -78 -72 -63 -47 
2016-05-19 23:27:35.670080 -54 -74 -82 -62 -62 
2016-05-19 23:27:35.777100 -57 -75 -69 -66 -49 
2016-05-19 23:27:35.881102 -52 -68 -64 -61 -61 
2016-05-19 23:27:36.069128 -58 -72 -67 -61 -51 
2016-05-19 23:27:36.172142 -54 -77 -66 -62 -50 
2016-05-19 23:27:36.278157 -61 -70 -67 -61 -50 
2016-05-19 23:27:36.385173 -60 -71 -75 -67 -48 
2016-05-19 23:27:36.572195 -54 -76 -74 -59 -51 
2016-05-19 23:27:36.710235 -52 -69 -68 -61 -52 
2016-05-19 23:27:37.004251 -58 -69 -71 -63 -49 
2016-05-19 23:27:37.105267 -49 -69 -71 -67 -53 
2016-05-19 23:27:37.214278 -53 -68 -83 -62 -48 
800
