2016-05-19 22:53:45.081677 -62 -74 -71 -71 -57 
2016-05-19 22:53:45.289707 -60 -72 -74 -68 -59 
2016-05-19 22:53:45.391718 -67 -78 -74 -77 -63 
2016-05-19 22:53:45.496732 -60 -65 -77 -68 -68 
2016-05-19 22:53:45.703761 -61 -72 -73 -74 -67 
2016-05-19 22:53:45.916786 -59 -77 -69 -66 -65 
2016-05-19 22:53:46.078810 -60 -70 -69 -80 -65 
2016-05-19 22:53:46.385854 -60 -62 -73 -69 -69 
2016-05-19 22:53:46.596006 -62 -65 -69 -75 -63 
2016-05-19 22:53:46.752899 -60 -74 -70 -68 -65 
2016-05-19 22:53:46.856910 -60 -74 -68 -66 -66 
2016-05-19 22:53:46.964926 -63 -70 -74 -66 -72 
2016-05-19 22:53:47.073941 -66 -66 -68 -77 -64 
2016-05-19 22:53:47.178954 -62 -74 -71 -70 -59 
2016-05-19 22:53:47.285972 -60 -65 -69 -72 -64 
2016-05-19 22:53:47.550002 -62 -65 -71 -70 -64 
2016-05-19 22:53:47.750028 -59 -67 -69 -68 -61 
2016-05-19 22:53:47.886049 -64 -69 -76 -78 -58 
2016-05-19 22:53:47.995060 -60 -74 -69 -68 -54 
2016-05-19 22:53:48.166086 -63 -74 -68 -69 -62 
2016-05-19 22:53:48.272094 -62 -67 -76 -76 -52 
2016-05-19 22:53:48.452249 -64 -70 -77 -83 -59 
2016-05-19 22:53:48.553134 -65 -74 -73 -74 -63 
2016-05-19 22:53:48.737156 -65 -80 -72 -74 -58 
2016-05-19 22:53:48.843171 -61 -68 -78 -75 -60 
2016-05-19 22:53:48.948314 -61 -74 -74 -88 -61 
2016-05-19 22:53:49.216223 -67 -71 -75 -79 -70 
2016-05-19 22:53:49.322231 -59 -69 -75 -68 -52 
2016-05-19 22:53:49.566270 -60 -77 -75 -70 -62 
2016-05-19 22:53:49.671283 -68 -80 -81 -74 -60 
2016-05-19 22:53:49.818300 -73 -71 -73 -81 -65 
2016-05-19 22:53:49.919312 -87 -69 -79 -76 -56 
2016-05-19 22:53:50.025326 -64 -78 -72 -70 -60 
2016-05-19 22:53:50.202345 -74 -82 -77 -85 -60 
2016-05-19 22:53:50.372501 -64 -70 -86 -71 -61 
2016-05-19 22:53:50.584399 -62 -72 -86 -77 -58 
2016-05-19 22:53:50.750420 -66 -76 -73 -74 -57 
2016-05-19 22:53:50.901448 -64 -69 -75 -75 -62 
2016-05-19 22:53:51.110468 -60 -75 -71 -78 -59 
2016-05-19 22:53:51.318495 -59 -74 -76 -73 -58 
2016-05-19 22:53:51.423508 -61 -73 -76 -67 -63 
2016-05-19 22:53:51.530522 -78 -73 -84 -73 -59 
2016-05-19 22:53:51.637539 -64 -71 -74 -69 -62 
2016-05-19 22:53:51.746553 -73 -72 -74 -74 -55 
2016-05-19 22:53:51.867564 -61 -78 -74 -68 -61 
2016-05-19 22:53:52.071597 -70 -72 -76 -75 -61 
2016-05-19 22:53:52.176611 -67 -71 -75 -74 -64 
2016-05-19 22:53:52.279620 -65 -69 -75 -71 -61 
2016-05-19 22:53:52.386638 -70 -71 -75 -81 -64 
2016-05-19 22:53:52.494648 -69 -77 -70 -67 -55 
2016-05-19 22:53:52.685673 -67 -77 -71 -72 -62 
2016-05-19 22:53:52.789687 -76 -73 -71 -81 -59 
2016-05-19 22:53:52.996843 -71 -78 -69 -75 -60 
2016-05-19 22:53:53.100856 -63 -75 -75 -84 -64 
2016-05-19 22:53:53.200741 -72 -72 -71 -78 -58 
2016-05-19 22:53:53.309755 -63 -68 -77 -75 -64 
2016-05-19 22:53:53.408768 -72 -74 -70 -81 -65 
2016-05-19 22:53:53.513782 -64 -71 -77 -70 -64 
2016-05-19 22:53:53.654799 -77 -78 -70 -81 -59 
2016-05-19 22:53:53.924963 -74 -78 -82 -74 -59 
2016-05-19 22:53:54.187867 -69 -78 -69 -75 -61 
2016-05-19 22:53:54.297881 -68 -80 -79 -79 -69 
2016-05-19 22:53:54.397901 -64 -74 -72 -83 -64 
2016-05-19 22:53:54.506924 -64 -81 -83 -83 -63 
2016-05-19 22:53:54.610932 -60 -79 -71 -71 -66 
2016-05-19 22:53:54.713947 -66 -74 -76 -76 -63 
2016-05-19 22:53:54.814970 -61 -77 -68 -70 -65 
2016-05-19 22:53:54.925112 -66 -73 -78 -75 -58 
2016-05-19 22:53:55.217022 -63 -78 -73 -73 -68 
2016-05-19 22:53:55.325155 -67 -71 -70 -74 -65 
2016-05-19 22:53:55.491047 -64 -69 -80 -73 -75 
2016-05-19 22:53:55.601061 -59 -65 -71 -77 -67 
2016-05-19 22:53:55.810089 -66 -73 -70 -78 -60 
2016-05-19 22:53:56.003111 -57 -68 -88 -68 -69 
2016-05-19 22:53:56.105126 -63 -71 -70 -66 -58 
2016-05-19 22:53:56.216141 -63 -65 -73 -70 -82 
2016-05-19 22:53:56.388164 -56 -69 -71 -62 -62 
2016-05-19 22:53:56.490178 -57 -77 -80 -74 -67 
2016-05-19 22:53:56.858223 -62 -73 -74 -67 -72 
2016-05-19 22:53:57.074256 -65 -73 -77 -68 -61 
2016-05-19 22:53:57.182272 -58 -68 -69 -67 -68 
2016-05-19 22:53:57.378291 -59 -66 -81 -66 -75 
2016-05-19 22:53:57.486308 -55 -69 -72 -68 -61 
2016-05-19 22:53:57.620325 -63 -68 -73 -68 -60 
2016-05-19 22:53:57.795348 -59 -87 -79 -68 -65 
2016-05-19 22:53:57.899361 -69 -68 -86 -74 -68 
2016-05-19 22:53:58.004375 -58 -76 -83 -69 -65 
2016-05-19 22:53:58.150395 -58 -69 -65 -69 -69 
2016-05-19 22:53:58.327423 -58 -71 -66 -78 -58 
2016-05-19 22:53:58.435431 -57 -72 -65 -66 -60 
2016-05-19 22:53:58.539446 -56 -86 -75 -74 -60 
2016-05-19 22:53:58.644458 -69 -65 -75 -66 -63 
2016-05-19 22:53:58.747477 -56 -66 -68 -75 -60 
2016-05-19 22:53:58.957630 -59 -67 -69 -76 -64 
2016-05-19 22:53:59.150525 -59 -81 -68 -76 -57 
2016-05-19 22:53:59.254538 -57 -74 -68 -74 -57 
2016-05-19 22:53:59.415560 -61 -65 -68 -66 -59 
2016-05-19 22:53:59.518570 -51 -65 -69 -71 -57 
2016-05-19 22:53:59.624587 -61 -63 -75 -68 -52 
2016-05-19 22:54:00.005766 -53 -68 -71 -75 -56 
2016-05-19 22:54:00.218662 -53 -66 -69 -75 -69 
2016-05-19 22:54:00.330680 -52 -80 -74 -77 -59 
2016-05-19 22:54:00.455695 -61 -66 -75 -69 -75 
2016-05-19 22:54:00.644720 -57 -65 -74 -66 -68 
2016-05-19 22:54:00.853878 -58 -67 -73 -68 -64 
2016-05-19 22:54:01.036772 -60 -73 -91 -70 -66 
2016-05-19 22:54:01.144786 -58 -68 -73 -75 -61 
2016-05-19 22:54:01.305807 -61 -67 -76 -81 -62 
2016-05-19 22:54:01.413952 -58 -72 -78 -74 -65 
2016-05-19 22:54:01.692862 -62 -66 -70 -82 -58 
2016-05-19 22:54:02.007903 -59 -70 -68 -85 -58 
2016-05-19 22:54:02.116912 -59 -68 -71 -68 -56 
2016-05-19 22:54:02.224926 -57 -66 -69 -71 -63 
2016-05-19 22:54:02.335943 -60 -72 -68 -89 -57 
2016-05-19 22:54:02.444955 -60 -66 -67 -70 -62 
2016-05-19 22:54:02.551968 -54 -68 -65 -74 -56 
2016-05-19 22:54:02.654983 -62 -69 -66 -81 -58 
2016-05-19 22:54:02.832009 -54 -64 -71 -69 -61 
2016-05-19 22:54:03.343077 -54 -64 -70 -74 -60 
2016-05-19 22:54:03.410081 -60 -66 -63 -65 -63 
2016-05-19 22:54:03.514091 -62 -70 -73 -84 -57 
2016-05-19 22:54:03.618114 -57 -61 -66 -63 -63 
2016-05-19 22:54:03.727133 -61 -69 -75 -74 -57 
2016-05-19 22:54:03.887151 -61 -60 -78 -88 -64 
2016-05-19 22:54:03.991157 -59 -73 -82 -83 -60 
2016-05-19 22:54:04.128179 -58 -69 -69 -73 -61 
2016-05-19 22:54:04.334333 -66 -69 -73 -76 -66 
2016-05-19 22:54:04.435216 -56 -72 -75 -76 -60 
2016-05-19 22:54:04.715252 -67 -69 -68 -78 -56 
2016-05-19 22:54:04.924276 -66 -68 -71 -76 -63 
2016-05-19 22:54:05.063301 -64 -66 -75 -75 -61 
2016-05-19 22:54:05.268329 -68 -67 -67 -72 -57 
2016-05-19 22:54:05.451348 -61 -70 -67 -71 -59 
2016-05-19 22:54:05.662505 -66 -70 -70 -71 -56 
2016-05-19 22:54:05.867403 -60 -71 -73 -71 -53 
2016-05-19 22:54:06.082430 -66 -71 -72 -69 -54 
2016-05-19 22:54:06.185444 -57 -69 -76 -75 -56 
2016-05-19 22:54:06.596498 -57 -75 -79 -69 -53 
2016-05-19 22:54:06.720514 -59 -77 -74 -77 -61 
2016-05-19 22:54:06.820527 -70 -78 -74 -74 -51 
2016-05-19 22:54:06.923545 -59 -73 -72 -65 -54 
2016-05-19 22:54:07.095563 -64 -71 -75 -76 -53 
2016-05-19 22:54:07.202576 -61 -71 -75 -78 -62 
2016-05-19 22:54:07.388606 -77 -77 -73 -74 -69 
2016-05-19 22:54:07.497616 -74 -70 -74 -76 -65 
2016-05-19 22:54:07.755649 -73 -70 -77 -70 -62 
2016-05-19 22:54:07.862793 -65 -71 -77 -87 -64 
2016-05-19 22:54:07.965676 -66 -73 -75 -82 -56 
2016-05-19 22:54:08.068701 -62 -73 -74 -74 -61 
2016-05-19 22:54:08.279714 -62 -72 -77 -72 -63 
2016-05-19 22:54:08.479740 -65 -68 -83 -72 -63 
2016-05-19 22:54:08.582887 -76 -68 -75 -69 -56 
2016-05-19 22:54:08.684767 -63 -63 -83 -75 -59 
2016-05-19 22:54:08.801786 -69 -67 -77 -74 -74 
2016-05-19 22:54:08.941804 -68 -71 -79 -74 -63 
2016-05-19 22:54:09.114823 -71 -72 -84 -73 -66 
2016-05-19 22:54:09.315853 -66 -70 -83 -69 -58 
2016-05-19 22:54:09.959067 -70 -70 -82 -75 -61 
2016-05-19 22:54:10.229969 -62 -71 -83 -75 -63 
2016-05-19 22:54:10.370990 -66 -73 -73 -68 -59 
2016-05-19 22:54:10.579024 -66 -74 -76 -67 -67 
2016-05-19 22:54:10.892059 -74 -68 -75 -66 -65 
2016-05-19 22:54:10.997085 -65 -74 -80 -67 -63 
2016-05-19 22:54:11.101087 -74 -70 -76 -68 -70 
2016-05-19 22:54:11.314118 -61 -74 -79 -67 -64 
2016-05-19 22:54:11.418127 -83 -71 -74 -70 -60 
2016-05-19 22:54:11.595149 -64 -68 -83 -69 -67 
2016-05-19 22:54:11.696164 -70 -72 -78 -75 -77 
2016-05-19 22:54:11.886188 -63 -70 -83 -72 -73 
2016-05-19 22:54:12.003202 -65 -66 -81 -77 -66 
2016-05-19 22:54:12.106210 -76 -74 -78 -71 -82 
2016-05-19 22:54:12.214227 -67 -65 -86 -72 -68 
2016-05-19 22:54:12.339244 -62 -72 -77 -74 -60 
2016-05-19 22:54:12.779301 -68 -68 -83 -73 -61 
2016-05-19 22:54:12.952320 -65 -71 -79 -77 -66 
2016-05-19 22:54:13.159476 -67 -68 -82 -77 -67 
2016-05-19 22:54:13.261361 -65 -70 -82 -78 -61 
2016-05-19 22:54:13.369378 -66 -69 -83 -78 -60 
2016-05-19 22:54:13.684439 -66 -76 -80 -71 -61 
2016-05-19 22:54:13.785426 -60 -80 -81 -69 -60 
2016-05-19 22:54:13.886446 -73 -71 -77 -72 -63 
2016-05-19 22:54:13.989459 -62 -80 -79 -71 -69 
2016-05-19 22:54:14.140473 -78 -84 -83 -74 -60 
2016-05-19 22:54:14.247620 -87 -85 -83 -68 -75 
2016-05-19 22:54:14.461518 -63 -69 -83 -69 -63 
2016-05-19 22:54:14.775689 -68 -75 -79 -72 -64 
2016-05-19 22:54:14.991735 -70 -73 -79 -72 -66 
2016-05-19 22:54:15.199743 -79 -70 -80 -70 -61 
2016-05-19 22:54:15.348634 -65 -65 -81 -68 -70 
2016-05-19 22:54:15.455777 -77 -86 -81 -70 -61 
2016-05-19 22:54:15.673676 -66 -74 -80 -72 -70 
2016-05-19 22:54:15.780694 -76 -66 -82 -79 -68 
2016-05-19 22:54:15.981732 -73 -75 -80 -71 -75 
2016-05-19 22:54:16.245748 -71 -76 -76 -71 -64 
2016-05-19 22:54:16.402771 -61 -65 -74 -68 -62 
2016-05-19 22:54:16.762817 -68 -76 -73 -72 -61 
2016-05-19 22:54:16.818825 -67 -66 -81 -69 -65 
2016-05-19 22:54:16.974853 -78 -80 -83 -71 -67 
2016-05-19 22:54:17.184877 -70 -75 -85 -71 -63 
2016-05-19 22:54:17.393900 -74 -76 -80 -72 -58 
2016-05-19 22:54:17.700938 -64 -75 -84 -70 -68 
2016-05-19 22:54:17.810953 -74 -83 -75 -69 -58 
2016-05-19 22:54:18.025982 -69 -78 -89 -71 -67 
2016-05-19 22:54:18.271012 -60 -80 -74 -71 -57 
2016-05-19 22:54:18.435040 -65 -79 -83 -68 -71 
2016-05-19 22:54:18.543074 -72 -68 -72 -70 -58 
2016-05-19 22:54:18.675072 -72 -77 -74 -70 -64 
2016-05-19 22:54:18.963106 -68 -70 -79 -70 -66 
2016-05-19 22:54:19.069120 -61 -72 -72 -68 -57 
2016-05-19 22:54:19.281144 -70 -68 -71 -70 -67 
2016-05-19 22:54:19.385193 -74 -66 -80 -72 -75 
2016-05-19 22:54:19.495178 -69 -71 -78 -69 -58 
2016-05-19 22:54:19.636191 -71 -75 -83 -68 -64 
2016-05-19 22:54:19.744337 -68 -70 -81 -73 -73 
2016-05-19 22:54:19.852222 -75 -75 -79 -69 -63 
2016-05-19 22:54:19.960369 -69 -73 -74 -72 -73 
2016-05-19 22:54:20.069252 -74 -66 -89 -68 -57 
2016-05-19 22:54:20.388292 -61 -71 -75 -74 -70 
2016-05-19 22:54:20.604320 -74 -73 -73 -70 -73 
2016-05-19 22:54:20.796343 -68 -69 -75 -68 -58 
2016-05-19 22:54:20.956376 -62 -78 -74 -73 -63 
2016-05-19 22:54:21.164394 -63 -76 -72 -72 -67 
2016-05-19 22:54:21.317424 -60 -76 -83 -76 -67 
2016-05-19 22:54:21.425432 -68 -65 -75 -74 -69 
2016-05-19 22:54:21.835484 -67 -68 -80 -75 -71 
2016-05-19 22:54:21.946493 -60 -74 -88 -67 -68 
2016-05-19 22:54:22.153522 -67 -70 -83 -70 -70 
2016-05-19 22:54:22.358549 -59 -74 -84 -72 -69 
2016-05-19 22:54:22.467566 -68 -66 -85 -72 -58 
2016-05-19 22:54:22.669604 -69 -73 -79 -72 -69 
2016-05-19 22:54:22.816739 -69 -74 -85 -68 -62 
2016-05-19 22:54:22.918623 -71 -66 -73 -73 -58 
2016-05-19 22:54:23.239665 -61 -70 -77 -69 -58 
2016-05-19 22:54:23.379684 -67 -66 -80 -73 -58 
2016-05-19 22:54:23.482710 -68 -74 -73 -67 -68 
2016-05-19 22:54:23.559720 -65 -66 -80 -74 -58 
2016-05-19 22:54:23.669721 -68 -74 -79 -67 -66 
2016-05-19 22:54:23.837743 -61 -75 -76 -72 -67 
2016-05-19 22:54:24.089775 -72 -71 -78 -69 -68 
2016-05-19 22:54:24.190792 -66 -73 -78 -75 -70 
2016-05-19 22:54:24.300808 -71 -74 -86 -68 -67 
2016-05-19 22:54:24.613852 -60 -67 -83 -71 -66 
2016-05-19 22:54:24.721863 -71 -74 -80 -69 -58 
2016-05-19 22:54:24.825008 -59 -64 -72 -76 -67 
2016-05-19 22:54:24.925897 -71 -75 -80 -68 -58 
2016-05-19 22:54:25.029905 -69 -65 -73 -73 -70 
2016-05-19 22:54:25.134919 -71 -77 -81 -71 -58 
2016-05-19 22:54:25.321969 -68 -66 -85 -70 -58 
2016-05-19 22:54:25.425087 -59 -74 -82 -76 -65 
2016-05-19 22:54:25.533966 -66 -73 -87 -69 -73 
2016-05-19 22:54:25.639979 -59 -74 -80 -75 -65 
2016-05-19 22:54:25.851033 -64 -74 -84 -70 -65 
2016-05-19 22:54:26.052029 -68 -74 -74 -72 -59 
2016-05-19 22:54:26.267066 -63 -77 -76 -73 -63 
2016-05-19 22:54:26.462082 -64 -74 -78 -77 -59 
2016-05-19 22:54:26.794128 -69 -80 -80 -69 -63 
2016-05-19 22:54:26.905271 -60 -65 -76 -69 -69 
2016-05-19 22:54:27.046176 -70 -75 -74 -69 -63 
2016-05-19 22:54:27.242183 -72 -75 -81 -69 -63 
2016-05-19 22:54:27.560228 -60 -67 -84 -72 -61 
2016-05-19 22:54:27.878270 -66 -70 -73 -71 -67 
2016-05-19 22:54:27.982319 -59 -71 -71 -76 -65 
2016-05-19 22:54:28.085297 -67 -64 -81 -69 -70 
2016-05-19 22:54:28.189310 -60 -73 -81 -74 -64 
2016-05-19 22:54:28.298325 -68 -65 -78 -69 -70 
2016-05-19 22:54:28.517357 -60 -68 -73 -70 -72 
2016-05-19 22:54:28.726384 -60 -69 -72 -70 -61 
2016-05-19 22:54:28.830394 -59 -72 -83 -74 -70 
2016-05-19 22:54:28.932405 -70 -65 -89 -69 -58 
2016-05-19 22:54:29.151439 -69 -74 -72 -69 -61 
2016-05-19 22:54:29.358463 -59 -77 -73 -70 -61 
2016-05-19 22:54:29.492478 -65 -65 -80 -73 -70 
2016-05-19 22:54:29.701511 -71 -72 -86 -74 -71 
2016-05-19 22:54:29.867527 -59 -73 -86 -67 -64 
2016-05-19 22:54:30.081685 -60 -65 -78 -67 -63 
2016-05-19 22:54:30.188571 -67 -73 -73 -73 -64 
2016-05-19 22:54:30.298586 -71 -66 -84 -71 -70 
2016-05-19 22:54:30.400598 -67 -75 -79 -72 -64 
2016-05-19 22:54:30.502610 -59 -65 -86 -70 -58 
2016-05-19 22:54:30.576626 -71 -72 -74 -74 -64 
2016-05-19 22:54:30.733643 -63 -82 -74 -68 -69 
2016-05-19 22:54:31.157695 -63 -70 -73 -70 -63 
2016-05-19 22:54:31.395729 -60 -78 -73 -70 -64 
2016-05-19 22:54:31.581757 -65 -68 -74 -71 -58 
2016-05-19 22:54:31.791784 -69 -73 -73 -71 -64 
2016-05-19 22:54:31.994807 -63 -76 -86 -70 -63 
2016-05-19 22:54:32.134844 -70 -77 -78 -75 -61 
2016-05-19 22:54:32.286849 -69 -85 -84 -70 -64 
2016-05-19 22:54:32.494874 -72 -76 -86 -69 -62 
2016-05-19 22:54:32.596890 -63 -80 -75 -78 -59 
2016-05-19 22:54:32.839919 -75 -76 -75 -70 -62 
2016-05-19 22:54:33.058952 -76 -74 -84 -77 -61 
2016-05-19 22:54:33.178096 -65 -69 -77 -77 -59 
2016-05-19 22:54:33.368994 -72 -76 -81 -71 -64 
2016-05-19 22:54:33.510006 -80 -70 -82 -71 -62 
2016-05-19 22:54:33.672031 -69 -72 -74 -68 -61 
2016-05-19 22:54:33.779041 -69 -70 -77 -78 -65 
2016-05-19 22:54:33.880058 -82 -76 -74 -67 -60 
2016-05-19 22:54:33.987102 -70 -70 -83 -77 -66 
2016-05-19 22:54:34.090221 -82 -71 -79 -69 -62 
2016-05-19 22:54:34.194224 -70 -71 -85 -77 -66 
2016-05-19 22:54:34.302114 -80 -71 -73 -68 -59 
2016-05-19 22:54:34.405123 -65 -70 -81 -76 -62 
2016-05-19 22:54:34.507140 -78 -72 -75 -67 -60 
2016-05-19 22:54:34.753165 -69 -86 -79 -70 -66 
2016-05-19 22:54:35.059208 -71 -72 -75 -71 -63 
2016-05-19 22:54:35.214228 -71 -83 -81 -72 -64 
2016-05-19 22:54:35.357252 -81 -72 -74 -73 -61 
2016-05-19 22:54:35.567278 -73 -77 -81 -71 -61 
2016-05-19 22:54:35.774302 -74 -71 -81 -70 -64 
2016-05-19 22:54:35.877318 -70 -79 -81 -76 -61 
2016-05-19 22:54:36.239363 -78 -72 -77 -69 -64 
2016-05-19 22:54:36.538540 -73 -72 -80 -69 -62 
2016-05-19 22:54:36.751430 -71 -70 -83 -72 -63 
2016-05-19 22:54:36.858441 -69 -81 -75 -76 -66 
2016-05-19 22:54:36.964457 -67 -71 -84 -68 -58 
2016-05-19 22:54:37.118476 -65 -84 -73 -70 -65 
2016-05-19 22:54:37.281498 -66 -90 -86 -73 -64 
2016-05-19 22:54:37.384512 -62 -70 -83 -71 -59 
2016-05-19 22:54:37.488523 -67 -83 -71 -76 -64 
2016-05-19 22:54:37.697558 -67 -69 -74 -74 -61 
2016-05-19 22:54:37.801565 -63 -69 -84 -69 -59 
2016-05-19 22:54:37.904580 -65 -72 -75 -83 -62 
2016-05-19 22:54:38.122616 -63 -71 -73 -75 -62 
2016-05-19 22:54:38.216621 -63 -71 -80 -68 -58 
2016-05-19 22:54:38.551665 -65 -69 -80 -73 -58 
2016-05-19 22:54:38.658807 -69 -80 -82 -69 -64 
2016-05-19 22:54:38.764692 -67 -70 -78 -71 -64 
2016-05-19 22:54:38.874835 -71 -71 -74 -67 -59 
2016-05-19 22:54:38.980747 -66 -71 -81 -71 -65 
2016-05-19 22:54:39.177751 -66 -72 -79 -70 -58 
2016-05-19 22:54:39.282889 -64 -70 -81 -69 -64 
2016-05-19 22:54:39.367783 -68 -72 -73 -75 -58 
2016-05-19 22:54:39.477804 -72 -70 -83 -68 -63 
2016-05-19 22:54:39.577812 -65 -74 -71 -76 -59 
2016-05-19 22:54:39.783824 -63 -71 -79 -71 -65 
2016-05-19 22:54:39.944846 -64 -70 -76 -71 -63 
2016-05-19 22:54:40.046860 -67 -71 -80 -76 -59 
2016-05-19 22:54:40.153871 -68 -72 -81 -71 -67 
2016-05-19 22:54:40.341904 -66 -79 -71 -75 -63 
2016-05-19 22:54:40.548964 -64 -75 -72 -71 -62 
2016-05-19 22:54:40.756955 -67 -70 -74 -71 -65 
2016-05-19 22:54:40.967985 -65 -69 -79 -73 -67 
2016-05-19 22:54:41.154002 -66 -72 -83 -72 -59 
2016-05-19 22:54:41.354028 -61 -72 -78 -71 -65 
2016-05-19 22:54:41.565058 -62 -78 -75 -71 -61 
2016-05-19 22:54:41.724115 -68 -81 -76 -75 -64 
2016-05-19 22:54:41.913107 -67 -73 -80 -70 -60 
2016-05-19 22:54:42.016117 -67 -72 -75 -76 -65 
2016-05-19 22:54:42.150148 -68 -76 -79 -78 -59 
2016-05-19 22:54:42.360163 -63 -79 -76 -78 -62 
2016-05-19 22:54:42.498184 -70 -84 -79 -75 -66 
2016-05-19 22:54:42.603322 -62 -69 -72 -80 -60 
2016-05-19 22:54:42.820222 -67 -69 -79 -73 -60 
2016-05-19 22:54:42.943241 -64 -75 -78 -67 -64 
2016-05-19 22:54:43.197272 -70 -75 -80 -76 -63 
2016-05-19 22:54:43.299413 -69 -73 -82 -66 -69 
2016-05-19 22:54:43.406299 -72 -83 -73 -76 -59 
2016-05-19 22:54:43.579463 -63 -75 -74 -68 -67 
2016-05-19 22:54:43.786348 -65 -77 -74 -74 -66 
2016-05-19 22:54:43.976374 -65 -71 -83 -72 -63 
2016-05-19 22:54:44.097389 -69 -75 -83 -71 -67 
2016-05-19 22:54:44.405437 -65 -71 -83 -71 -63 
2016-05-19 22:54:44.513456 -69 -70 -84 -74 -59 
2016-05-19 22:54:44.934495 -68 -74 -83 -72 -62 
2016-05-19 22:54:45.186530 -65 -74 -85 -74 -62 
2016-05-19 22:54:45.351558 -66 -77 -76 -76 -57 
2016-05-19 22:54:45.554576 -66 -78 -83 -72 -67 
2016-05-19 22:54:45.859748 -62 -74 -80 -73 -65 
2016-05-19 22:54:45.960632 -63 -69 -75 -80 -59 
2016-05-19 22:54:46.173663 -68 -70 -79 -69 -64 
2016-05-19 22:54:46.275801 -62 -79 -76 -72 -69 
2016-05-19 22:54:46.491703 -60 -76 -79 -70 -61 
2016-05-19 22:54:46.593719 -68 -68 -79 -71 -64 
2016-05-19 22:54:46.701729 -61 -76 -79 -69 -60 
2016-05-19 22:54:46.803875 -69 -69 -81 -76 -68 
2016-05-19 22:54:46.906755 -64 -71 -81 -69 -60 
2016-05-19 22:54:47.014767 -71 -70 -78 -70 -64 
2016-05-19 22:54:47.123912 -68 -74 -81 -77 -60 
2016-05-19 22:54:47.324807 -62 -72 -76 -72 -63 
2016-05-19 22:54:47.427953 -65 -68 -75 -67 -67 
2016-05-19 22:54:47.535838 -66 -76 -78 -71 -59 
2016-05-19 22:54:47.642852 -70 -69 -75 -77 -66 
2016-05-19 22:54:47.776869 -64 -75 -75 -69 -63 
2016-05-19 22:54:47.881882 -65 -71 -85 -77 -59 
2016-05-19 22:54:48.090910 -68 -71 -82 -75 -60 
2016-05-19 22:54:48.188926 -71 -69 -79 -70 -69 
2016-05-19 22:54:48.400951 -68 -73 -77 -73 -65 
2016-05-19 22:54:48.523971 -67 -69 -81 -71 -59 
2016-05-19 22:54:48.628109 -68 -75 -78 -76 -71 
2016-05-19 22:54:48.798004 -66 -77 -81 -69 -61 
2016-05-19 22:54:49.205053 -77 -70 -79 -74 -63 
2016-05-19 22:54:49.310067 -60 -78 -80 -69 -59 
2016-05-19 22:54:49.418084 -73 -69 -81 -71 -68 
2016-05-19 22:54:49.524226 -65 -72 -81 -68 -65 
2016-05-19 22:54:49.627119 -69 -70 -81 -78 -66 
2016-05-19 22:54:49.737126 -65 -73 -83 -72 -58 
2016-05-19 22:54:49.842139 -71 -88 -81 -79 -63 
2016-05-19 22:54:49.929156 -62 -72 -84 -71 -59 
2016-05-19 22:54:50.120199 -63 -69 -78 -70 -61 
2016-05-19 22:54:50.270192 -61 -83 -74 -78 -72 
2016-05-19 22:54:50.482223 -60 -78 -77 -73 -60 
2016-05-19 22:54:50.589240 -73 -70 -83 -67 -70 
403
