2016-05-19 22:20:35.958496 -72 -80 -74 -70 -68 
2016-05-19 22:20:36.164524 -70 -78 -73 -70 -67 
2016-05-19 22:20:36.383552 -69 -79 -75 -69 -66 
2016-05-19 22:20:36.594579 -68 -86 -81 -75 -67 
2016-05-19 22:20:36.930627 -65 -79 -77 -75 -75 
2016-05-19 22:20:37.030640 -73 -72 -76 -81 -84 
2016-05-19 22:20:37.159654 -70 -70 -78 -70 -75 
2016-05-19 22:20:37.261665 -78 -75 -87 -75 -79 
2016-05-19 22:20:37.449692 -70 -72 -71 -72 -72 
2016-05-19 22:20:37.714726 -73 -72 -73 -76 -64 
2016-05-19 22:20:37.952758 -72 -75 -84 -77 -74 
2016-05-19 22:20:38.151780 -68 -71 -79 -72 -69 
2016-05-19 22:20:38.258797 -71 -75 -86 -73 -66 
2016-05-19 22:20:38.443821 -73 -72 -87 -80 -65 
2016-05-19 22:20:38.549835 -80 -73 -76 -77 -66 
2016-05-19 22:20:38.692861 -77 -72 -81 -69 -64 
2016-05-19 22:20:38.895884 -75 -76 -80 -78 -66 
2016-05-19 22:20:39.000898 -71 -78 -85 -72 -62 
2016-05-19 22:20:39.214922 -76 -87 -77 -73 -57 
2016-05-19 22:20:39.315939 -72 -71 -77 -77 -63 
2016-05-19 22:20:39.423949 -76 -71 -78 -72 -64 
2016-05-19 22:20:39.628976 -70 -75 -77 -73 -70 
2016-05-19 22:20:39.757993 -73 -82 -74 -69 -65 
2016-05-19 22:20:40.070034 -76 -79 -81 -78 -69 
2016-05-19 22:20:40.280061 -75 -71 -81 -77 -63 
2016-05-19 22:20:40.487085 -76 -74 -85 -73 -69 
2016-05-19 22:20:40.798129 -79 -79 -78 -73 -63 
2016-05-19 22:20:40.907140 -72 -79 -83 -80 -67 
2016-05-19 22:20:41.115170 -76 -72 -86 -74 -72 
2016-05-19 22:20:41.264190 -74 -79 -76 -82 -63 
2016-05-19 22:20:41.474217 -81 -77 -86 -80 -65 
2016-05-19 22:20:41.686248 -77 -76 -76 -75 -62 
2016-05-19 22:20:41.995285 -70 -76 -77 -78 -69 
2016-05-19 22:20:42.308326 -72 -73 -77 -78 -66 
2016-05-19 22:20:42.470346 -76 -78 -75 -73 -61 
2016-05-19 22:20:42.624367 -78 -73 -79 -76 -60 
2016-05-19 22:20:42.825393 -80 -81 -82 -71 -67 
2016-05-19 22:20:43.043422 -74 -83 -81 -75 -68 
2016-05-19 22:20:43.143435 -81 -80 -83 -78 -68 
2016-05-19 22:20:43.408469 -73 -77 -79 -83 -65 
2016-05-19 22:20:43.508483 -71 -76 -81 -74 -69 
2016-05-19 22:20:43.617494 -71 -78 -76 -77 -63 
2016-05-19 22:20:43.722509 -71 -79 -84 -74 -61 
2016-05-19 22:20:43.825524 -72 -80 -85 -75 -63 
2016-05-19 22:20:43.927534 -70 -73 -89 -72 -70 
2016-05-19 22:20:44.101564 -72 -74 -78 -74 -71 
2016-05-19 22:20:44.203574 -69 -78 -84 -70 -63 
2016-05-19 22:20:44.305587 -69 -75 -79 -75 -72 
2016-05-19 22:20:44.506617 -73 -79 -79 -75 -65 
2016-05-19 22:20:44.716644 -76 -77 -81 -78 -68 
2016-05-19 22:20:44.821658 -77 -81 -85 -73 -72 
2016-05-19 22:20:44.923668 -66 -75 -76 -82 -65 
2016-05-19 22:20:45.029681 -74 -80 -87 -72 -72 
2016-05-19 22:20:45.240709 -75 -76 -89 -74 -68 
2016-05-19 22:20:45.558751 -70 -78 -82 -74 -64 
2016-05-19 22:20:45.768779 -69 -77 -84 -77 -64 
2016-05-19 22:20:45.906799 -70 -76 -86 -75 -65 
2016-05-19 22:20:46.213836 -71 -83 -86 -79 -68 
2016-05-19 22:20:46.318850 -72 -75 -83 -69 -67 
2016-05-19 22:20:46.512877 -70 -76 -82 -80 -63 
2016-05-19 22:20:46.598887 -69 -79 -89 -76 -72 
2016-05-19 22:20:46.705900 -72 -75 -77 -67 -72 
2016-05-19 22:20:46.867919 -70 -72 -76 -69 -71 
2016-05-19 22:20:46.976939 -72 -75 -85 -81 -69 
2016-05-19 22:20:47.154959 -73 -74 -84 -70 -71 
2016-05-19 22:20:47.362983 -76 -74 -83 -78 -74 
2016-05-19 22:20:47.573011 -69 -75 -79 -69 -79 
2016-05-19 22:20:47.684028 -72 -79 -78 -69 -65 
2016-05-19 22:20:47.793040 -66 -73 -83 -86 -67 
2016-05-19 22:20:47.901056 -74 -78 -81 -73 -63 
2016-05-19 22:20:48.004070 -69 -77 -81 -77 -78 
2016-05-19 22:20:48.181092 -70 -75 -81 -79 -65 
2016-05-19 22:20:48.320111 -70 -80 -78 -81 -65 
2016-05-19 22:20:48.501135 -68 -82 -78 -74 -79 
2016-05-19 22:20:48.601148 -72 -76 -78 -75 -63 
2016-05-19 22:20:48.764169 -69 -84 -79 -78 -62 
2016-05-19 22:20:48.871183 -67 -71 -80 -77 -76 
2016-05-19 22:20:48.972200 -69 -77 -79 -75 -64 
2016-05-19 22:20:49.076210 -69 -72 -81 -77 -76 
2016-05-19 22:20:49.177227 -68 -75 -80 -75 -66 
2016-05-19 22:20:49.387253 -69 -78 -78 -74 -72 
2016-05-19 22:20:49.589277 -70 -74 -77 -80 -67 
2016-05-19 22:20:49.697294 -68 -75 -78 -75 -75 
2016-05-19 22:20:49.800304 -69 -76 -80 -76 -67 
2016-05-19 22:20:49.900317 -66 -74 -76 -75 -75 
2016-05-19 22:20:50.004331 -70 -71 -82 -79 -64 
2016-05-19 22:20:50.149350 -66 -84 -79 -75 -75 
2016-05-19 22:20:50.299370 -69 -81 -83 -71 -63 
2016-05-19 22:20:50.614412 -72 -82 -80 -81 -70 
2016-05-19 22:20:50.716424 -70 -83 -81 -70 -61 
2016-05-19 22:20:50.964456 -69 -80 -82 -83 -62 
2016-05-19 22:20:51.137482 -75 -84 -83 -85 -63 
2016-05-19 22:20:51.243490 -72 -74 -84 -82 -62 
2016-05-19 22:20:51.559539 -72 -81 -80 -77 -60 
2016-05-19 22:20:51.666548 -71 -84 -81 -77 -63 
2016-05-19 22:20:51.827573 -73 -83 -80 -79 -62 
2016-05-19 22:20:51.929583 -76 -79 -79 -77 -63 
2016-05-19 22:20:52.130609 -73 -77 -79 -77 -62 
2016-05-19 22:20:52.232626 -68 -79 -80 -77 -85 
2016-05-19 22:20:52.457655 -78 -83 -80 -77 -70 
2016-05-19 22:20:52.670679 -76 -76 -80 -74 -65 
2016-05-19 22:20:52.885707 -77 -77 -87 -75 -65 
2016-05-19 22:20:53.026726 -74 -80 -75 -73 -62 
2016-05-19 22:20:53.129740 -72 -77 -86 -76 -77 
2016-05-19 22:20:53.234753 -71 -76 -75 -75 -73 
2016-05-19 22:20:53.389773 -71 -83 -78 -70 -69 
2016-05-19 22:20:53.498785 -70 -79 -74 -80 -70 
2016-05-19 22:20:53.887842 -67 -78 -79 -77 -74 
2016-05-19 22:20:53.996853 -66 -71 -81 -75 -71 
2016-05-19 22:20:54.098863 -70 -72 -86 -77 -69 
2016-05-19 22:20:54.306893 -81 -72 -79 -71 -70 
2016-05-19 22:20:54.412913 -63 -74 -84 -81 -69 
2016-05-19 22:20:54.588927 -61 -75 -72 -76 -68 
2016-05-19 22:20:54.694946 -76 -80 -74 -69 -75 
2016-05-19 22:20:54.799957 -62 -73 -77 -79 -66 
2016-05-19 22:20:54.986981 -70 -86 -78 -74 -83 
2016-05-19 22:20:55.089995 -67 -68 -75 -74 -69 
2016-05-19 22:20:55.192009 -69 -73 -90 -72 -68 
2016-05-19 22:20:55.299020 -82 -71 -82 -78 -66 
2016-05-19 22:20:55.405036 -63 -74 -75 -83 -78 
2016-05-19 22:20:55.637067 -63 -72 -79 -74 -65 
2016-05-19 22:20:55.738083 -89 -80 -87 -81 -64 
2016-05-19 22:20:55.837093 -68 -69 -84 -83 -67 
2016-05-19 22:20:56.027118 -67 -79 -84 -82 -63 
2016-05-19 22:20:56.209139 -64 -75 -84 -75 -65 
2016-05-19 22:20:56.313163 -64 -71 -77 -75 -65 
2016-05-19 22:20:56.427170 -71 -79 -85 -77 -62 
2016-05-19 22:20:56.624193 -71 -87 -80 -78 -58 
2016-05-19 22:20:56.728213 -67 -85 -78 -80 -69 
2016-05-19 22:20:56.941237 -67 -77 -92 -70 -80 
2016-05-19 22:20:57.047251 -78 -83 -81 -71 -66 
2016-05-19 22:20:57.156266 -70 -78 -86 -77 -70 
2016-05-19 22:20:57.572319 -79 -79 -82 -80 -69 
2016-05-19 22:20:57.675333 -81 -81 -87 -78 -72 
2016-05-19 22:20:57.892361 -81 -79 -84 -72 -71 
2016-05-19 22:20:58.220404 -78 -79 -85 -79 -76 
2016-05-19 22:20:58.427431 -87 -83 -89 -79 -74 
2016-05-19 22:20:59.058517 -79 -84 -85 -84 -73 
2016-05-19 22:20:59.591583 -80 -80 -86 -80 -69 
2016-05-19 22:20:59.779605 -80 -80 -87 -83 -66 
2016-05-19 22:21:00.531750 -83 -81 -85 -80 -71 
2016-05-19 22:21:00.826745 -82 -79 -84 -75 -75 
2016-05-19 22:21:00.930758 -82 -74 -87 -86 -77 
2016-05-19 22:21:01.040774 -86 -89 -83 -76 -68 
2016-05-19 22:21:01.148791 -88 -83 -82 -81 -80 
2016-05-19 22:21:01.586843 -81 -83 -85 -79 -68 
2016-05-19 22:21:01.793874 -79 -77 -84 -79 -68 
2016-05-19 22:21:01.997898 -79 -86 -86 -78 -75 
2016-05-19 22:21:02.100912 -79 -76 -82 -86 -70 
2016-05-19 22:21:02.280935 -79 -82 -89 -83 -70 
2016-05-19 22:21:02.384946 -79 -81 -83 -76 -75 
2016-05-19 22:21:02.487961 -79 -77 -87 -85 -69 
2016-05-19 22:21:02.594973 -81 -79 -83 -75 -76 
2016-05-19 22:21:02.730994 -76 -86 -85 -84 -68 
2016-05-19 22:21:02.927019 -81 -86 -84 -77 -72 
2016-05-19 22:21:03.075036 -77 -88 -85 -87 -73 
2016-05-19 22:21:03.181052 -82 -77 -85 -77 -75 
2016-05-19 22:21:03.424088 -78 -76 -83 -80 -69 
2016-05-19 22:21:03.634115 -80 -75 -84 -82 -72 
2016-05-19 22:21:03.844142 -82 -75 -83 -83 -73 
2016-05-19 22:21:04.018161 -84 -76 -85 -78 -74 
2016-05-19 22:21:04.230187 -81 -75 -83 -78 -69 
2016-05-19 22:21:04.445214 -80 -80 -83 -78 -74 
2016-05-19 22:21:04.619243 -78 -74 -84 -85 -72 
2016-05-19 22:21:04.726257 -81 -80 -82 -85 -76 
2016-05-19 22:21:04.834272 -80 -75 -87 -81 -71 
2016-05-19 22:21:04.941282 -88 -82 -83 -84 -73 
2016-05-19 22:21:05.048296 -81 -74 -86 -82 -65 
2016-05-19 22:21:05.155316 -78 -81 -84 -77 -65 
2016-05-19 22:21:05.338333 -88 -83 -85 -77 -71 
2016-05-19 22:21:05.748388 -80 -76 -88 -78 -71 
2016-05-19 22:21:05.850398 -75 -87 -84 -77 -67 
2016-05-19 22:21:06.059431 -82 -75 -84 -77 -82 
2016-05-19 22:21:06.167442 -79 -76 -86 -80 -69 
2016-05-19 22:21:06.376472 -79 -83 -86 -78 -72 
2016-05-19 22:21:06.485481 -81 -85 -89 -79 -71 
2016-05-19 22:21:06.627502 -78 -80 -86 -80 -77 
2016-05-19 22:21:06.726515 -83 -82 -88 -77 -69 
2016-05-19 22:21:06.935540 -88 -83 -86 -80 -68 
2016-05-19 22:21:07.044561 -84 -87 -90 -80 -73 
2016-05-19 22:21:07.327594 -77 -83 -86 -80 -74 
2016-05-19 22:21:07.432614 -90 -83 -87 -77 -68 
2016-05-19 22:21:07.948675 -77 -83 -91 -80 -73 
2016-05-19 22:21:08.156702 -81 -82 -89 -79 -73 
2016-05-19 22:21:08.305719 -84 -79 -82 -78 -73 
2016-05-19 22:21:08.407735 -81 -80 -82 -80 -68 
2016-05-19 22:21:08.814792 -80 -76 -81 -81 -68 
2016-05-19 22:21:09.221841 -82 -81 -85 -81 -69 
2016-05-19 22:21:09.425865 -80 -75 -83 -83 -84 
2016-05-19 22:21:09.531882 -79 -77 -83 -86 -78 
2016-05-19 22:21:09.735905 -78 -81 -90 -84 -67 
2016-05-19 22:21:09.863925 -78 -77 -87 -80 -75 
2016-05-19 22:21:10.078956 -80 -75 -88 -81 -73 
2016-05-19 22:21:10.331999 -79 -84 -86 -81 -74 
2016-05-19 22:21:10.435997 -78 -85 -87 -89 -82 
2016-05-19 22:21:10.596023 -76 -85 -87 -78 -72 
2016-05-19 22:21:10.807048 -77 -83 -86 -84 -74 
2016-05-19 22:21:11.009075 -78 -83 -87 -78 -74 
2016-05-19 22:21:11.115092 -78 -85 -86 -77 -71 
2016-05-19 22:21:11.218102 -77 -77 -87 -81 -79 
2016-05-19 22:21:11.321113 -79 -83 -88 -85 -70 
2016-05-19 22:21:11.530147 -79 -79 -88 -84 -74 
2016-05-19 22:21:11.844184 -80 -80 -88 -83 -75 
2016-05-19 22:21:12.017207 -81 -79 -86 -77 -73 
2016-05-19 22:21:12.121218 -81 -77 -89 -90 -71 
2016-05-19 22:21:12.287243 -84 -87 -91 -78 -75 
2016-05-19 22:21:12.495273 -87 -80 -86 -84 -75 
2016-05-19 22:21:12.624285 -79 -82 -86 -89 -81 
2016-05-19 22:21:12.809310 -79 -81 -88 -79 -71 
2016-05-19 22:21:12.911320 -77 -86 -86 -81 -84 
2016-05-19 22:21:13.154355 -83 -81 -89 -86 -75 
2016-05-19 22:21:13.263370 -77 -85 -86 -88 -81 
2016-05-19 22:21:13.472396 -77 -83 -86 -87 -74 
2016-05-19 22:21:13.572409 -80 -79 -85 -81 -71 
2016-05-19 22:21:13.891448 -77 -84 -86 -81 -78 
2016-05-19 22:21:14.144484 -79 -81 -86 -77 -80 
2016-05-19 22:21:14.722564 -78 -84 -86 -80 -76 
2016-05-19 22:21:14.935591 -82 -77 -84 -82 -72 
2016-05-19 22:21:15.236624 -77 -85 -86 -80 -73 
2016-05-19 22:21:15.340644 -77 -89 -84 -84 -79 
2016-05-19 22:21:15.446651 -77 -77 -88 -79 -72 
2016-05-19 22:21:15.545670 -77 -88 -87 -83 -78 
2016-05-19 22:21:15.731688 -77 -77 -84 -80 -74 
2016-05-19 22:21:15.837705 -77 -77 -89 -75 -76 
2016-05-19 22:21:16.197752 -84 -77 -84 -79 -78 
2016-05-19 22:21:16.607815 -76 -85 -85 -78 -74 
2016-05-19 22:21:17.023860 -79 -82 -87 -84 -72 
2016-05-19 22:21:17.195889 -79 -77 -85 -89 -71 
2016-05-19 22:21:17.296894 -81 -83 -89 -77 -70 
2016-05-19 22:21:17.399910 -76 -89 -88 -88 -75 
2016-05-19 22:21:17.507924 -79 -77 -87 -80 -71 
2016-05-19 22:21:17.714951 -75 -77 -87 -80 -72 
2016-05-19 22:21:17.886971 -75 -77 -86 -87 -69 
2016-05-19 22:21:18.094001 -81 -77 -86 -80 -71 
2016-05-19 22:21:18.284026 -78 -86 -84 -76 -78 
2016-05-19 22:21:18.496057 -78 -77 -86 -78 -84 
2016-05-19 22:21:18.718081 -81 -77 -85 -81 -71 
2016-05-19 22:21:19.031127 -76 -80 -85 -78 -68 
2016-05-19 22:21:19.143153 -80 -79 -85 -81 -73 
2016-05-19 22:21:19.350168 -80 -76 -85 -80 -82 
2016-05-19 22:21:19.459179 -87 -80 -85 -79 -85 
2016-05-19 22:21:19.775221 -79 -76 -85 -85 -69 
242
