2016-05-19 21:41:32.448345 -70 -78 -74 -72 -78 
2016-05-19 21:41:32.566363 -75 -73 -85 -75 -78 
2016-05-19 21:41:32.769390 -71 -81 -77 -83 -73 
2016-05-19 21:41:32.975417 -74 -75 -77 -72 -74 
2016-05-19 21:41:33.400481 -73 -80 -75 -76 -69 
2016-05-19 21:41:33.507490 -81 -78 -68 -80 -69 
2016-05-19 21:41:33.716513 -76 -83 -69 -73 -77 
2016-05-19 21:41:33.826529 -78 -81 -72 -74 -71 
2016-05-19 21:41:33.962673 -73 -84 -75 -78 -72 
2016-05-19 21:41:34.136568 -79 -79 -74 -78 -75 
2016-05-19 21:41:34.244582 -72 -79 -83 -73 -72 
2016-05-19 21:41:34.352599 -72 -84 -73 -87 -79 
2016-05-19 21:41:34.456610 -81 -80 -79 -76 -72 
2016-05-19 21:41:34.652638 -71 -80 -77 -75 -71 
2016-05-19 21:41:34.757653 -74 -83 -72 -82 -75 
2016-05-19 21:41:34.865663 -70 -74 -75 -76 -81 
2016-05-19 21:41:34.972681 -74 -72 -75 -79 -70 
2016-05-19 21:41:35.078688 -73 -75 -77 -75 -81 
2016-05-19 21:41:35.318719 -74 -73 -74 -78 -75 
2016-05-19 21:41:35.422739 -79 -79 -81 -78 -74 
2016-05-19 21:41:35.526752 -71 -75 -74 -79 -76 
2016-05-19 21:41:35.717778 -79 -74 -79 -82 -76 
2016-05-19 21:41:35.816792 -75 -83 -72 -83 -72 
2016-05-19 21:41:35.932806 -79 -73 -79 -78 -76 
2016-05-19 21:41:36.137833 -76 -83 -80 -75 -76 
2016-05-19 21:41:36.336858 -79 -80 -80 -77 -77 
2016-05-19 21:41:36.670900 -76 -76 -79 -82 -77 
2016-05-19 21:41:36.981940 -75 -72 -74 -86 -79 
2016-05-19 21:41:37.169964 -74 -78 -73 -77 -83 
2016-05-19 21:41:37.275978 -72 -70 -76 -81 -86 
2016-05-19 21:41:37.482005 -72 -75 -75 -77 -85 
2016-05-19 21:41:37.628047 -70 -74 -75 -83 -79 
2016-05-19 21:41:38.043083 -81 -70 -83 -78 -72 
2016-05-19 21:41:38.258110 -77 -71 -80 -77 -71 
2016-05-19 21:41:38.439127 -75 -72 -78 -78 -69 
2016-05-19 21:41:38.541143 -73 -81 -78 -74 -74 
2016-05-19 21:41:38.755173 -75 -72 -83 -76 -73 
2016-05-19 21:41:38.858188 -74 -75 -77 -80 -73 
2016-05-19 21:41:38.966206 -75 -73 -87 -73 -82 
2016-05-19 21:41:39.077213 -73 -78 -77 -78 -79 
2016-05-19 21:41:39.274236 -73 -77 -82 -76 -75 
2016-05-19 21:41:39.483396 -73 -74 -77 -78 -71 
2016-05-19 21:41:39.692293 -78 -73 -80 -74 -81 
2016-05-19 21:41:39.887319 -76 -82 -78 -73 -78 
2016-05-19 21:41:40.300373 -78 -73 -89 -77 -79 
2016-05-19 21:41:40.355382 -69 -71 -83 -77 -76 
2016-05-19 21:41:40.653424 -77 -75 -79 -75 -77 
2016-05-19 21:41:40.818445 -74 -73 -79 -76 -75 
2016-05-19 21:41:41.088480 -80 -76 -77 -73 -78 
2016-05-19 21:41:41.187624 -71 -75 -77 -73 -73 
2016-05-19 21:41:41.288506 -71 -68 -77 -82 -70 
2016-05-19 21:41:41.405517 -77 -72 -82 -79 -78 
2016-05-19 21:41:41.507532 -75 -76 -83 -73 -75 
2016-05-19 21:41:41.610545 -75 -69 -73 -78 -69 
2016-05-19 21:41:41.714558 -74 -78 -80 -72 -75 
2016-05-19 21:41:41.820573 -70 -71 -73 -78 -73 
2016-05-19 21:41:42.022598 -78 -72 -81 -81 -73 
2016-05-19 21:41:42.193624 -72 -75 -74 -74 -73 
2016-05-19 21:41:42.323803 -71 -75 -78 -77 -73 
2016-05-19 21:41:42.639677 -67 -76 -78 -74 -76 
2016-05-19 21:41:42.745694 -72 -74 -78 -75 -77 
2016-05-19 21:41:42.956725 -71 -75 -77 -75 -75 
2016-05-19 21:41:43.058737 -66 -71 -73 -76 -72 
2016-05-19 21:41:43.161747 -71 -75 -80 -81 -80 
2016-05-19 21:41:43.264758 -66 -77 -74 -75 -69 
2016-05-19 21:41:43.577809 -73 -74 -76 -77 -73 
2016-05-19 21:41:43.686845 -72 -77 -75 -78 -81 
2016-05-19 21:41:44.007864 -72 -76 -81 -81 -80 
2016-05-19 21:41:44.213897 -66 -79 -78 -85 -77 
2016-05-19 21:41:44.541935 -68 -77 -84 -78 -75 
2016-05-19 21:41:44.646954 -77 -75 -78 -81 -78 
2016-05-19 21:41:44.853972 -77 -81 -80 -82 -82 
2016-05-19 21:41:45.062996 -78 -77 -81 -76 -73 
2016-05-19 21:41:45.169013 -77 -81 -89 -78 -67 
2016-05-19 21:41:45.277025 -67 -77 -80 -81 -77 
2016-05-19 21:41:45.549063 -68 -78 -84 -76 -66 
2016-05-19 21:41:45.754089 -66 -77 -82 -79 -70 
2016-05-19 21:41:46.000115 -67 -77 -83 -79 -70 
2016-05-19 21:41:46.286155 -70 -86 -81 -83 -74 
2016-05-19 21:41:46.533188 -69 -85 -81 -78 -70 
2016-05-19 21:41:46.637209 -71 -85 -84 -82 -83 
2016-05-19 21:41:46.739223 -67 -81 -83 -89 -77 
2016-05-19 21:41:46.847229 -76 -80 -80 -78 -73 
2016-05-19 21:41:47.147268 -69 -86 -83 -81 -79 
2016-05-19 21:41:47.318291 -67 -80 -82 -84 -77 
2016-05-19 21:41:47.572451 -74 -81 -82 -76 -75 
2016-05-19 21:41:47.837374 -70 -82 -81 -81 -71 
2016-05-19 21:41:47.939376 -69 -82 -80 -70 -78 
2016-05-19 21:41:48.100390 -75 -78 -85 -75 -80 
2016-05-19 21:41:48.199409 -67 -89 -80 -80 -71 
2016-05-19 21:41:48.414446 -71 -80 -84 -75 -73 
2016-05-19 21:41:48.572590 -67 -81 -81 -86 -83 
2016-05-19 21:41:48.721480 -67 -82 -81 -75 -70 
2016-05-19 21:41:48.827498 -71 -78 -86 -74 -79 
2016-05-19 21:41:49.095526 -71 -80 -86 -74 -80 
2016-05-19 21:41:49.204673 -71 -79 -92 -69 -74 
2016-05-19 21:41:49.413571 -76 -77 -88 -75 -74 
2016-05-19 21:41:50.148668 -73 -79 -89 -73 -76 
2016-05-19 21:41:50.349698 -67 -78 -80 -77 -73 
2016-05-19 21:41:50.565718 -72 -78 -86 -72 -69 
2016-05-19 21:41:50.676866 -70 -77 -84 -80 -69 
2016-05-19 21:41:51.403831 -69 -80 -84 -74 -77 
2016-05-19 21:41:51.604987 -73 -78 -82 -73 -76 
2016-05-19 21:41:51.818885 -72 -77 -88 -73 -81 
2016-05-19 21:41:51.920895 -69 -81 -81 -79 -77 
2016-05-19 21:41:52.026923 -70 -79 -88 -72 -76 
2016-05-19 21:41:52.162933 -75 -88 -81 -91 -76 
2016-05-19 21:41:52.278945 -69 -86 -84 -77 -74 
2016-05-19 21:41:52.489977 -74 -85 -83 -77 -73 
2016-05-19 21:41:52.688998 -73 -81 -85 -70 -70 
2016-05-19 21:41:52.900032 -70 -80 -87 -72 -72 
2016-05-19 21:41:53.084050 -76 -87 -86 -79 -72 
2016-05-19 21:41:53.437230 -85 -76 -90 -76 -75 
2016-05-19 21:41:53.734135 -69 -77 -86 -70 -71 
2016-05-19 21:41:54.142189 -68 -81 -78 -78 -74 
2016-05-19 21:41:54.280212 -65 -75 -79 -73 -71 
2016-05-19 21:41:54.483237 -76 -75 -80 -82 -74 
2016-05-19 21:41:54.591244 -75 -80 -81 -79 -78 
2016-05-19 21:41:54.695265 -74 -78 -90 -73 -75 
2016-05-19 21:41:55.191322 -72 -81 -87 -77 -75 
2016-05-19 21:41:55.297342 -87 -84 -93 -86 -75 
2016-05-19 21:41:55.540376 -74 -79 -82 -75 -71 
2016-05-19 21:41:55.715398 -72 -80 -86 -71 -73 
2016-05-19 21:41:55.821405 -71 -77 -81 -75 -75 
2016-05-19 21:41:56.135453 -74 -79 -87 -76 -75 
2016-05-19 21:41:56.252464 -74 -83 -83 -77 -88 
2016-05-19 21:41:56.662511 -74 -82 -84 -80 -71 
2016-05-19 21:41:56.913543 -78 -80 -84 -74 -73 
2016-05-19 21:41:57.088567 -78 -84 -84 -78 -68 
2016-05-19 21:41:57.306592 -72 -79 -86 -78 -73 
2016-05-19 21:41:57.512622 -71 -80 -87 -75 -78 
2016-05-19 21:41:57.730654 -73 -91 -81 -84 -80 
2016-05-19 21:41:57.880673 -72 -84 -82 -72 -81 
2016-05-19 21:41:58.024689 -66 -85 -85 -77 -69 
2016-05-19 21:41:58.127702 -72 -77 -87 -72 -79 
2016-05-19 21:41:58.476753 -72 -81 -82 -79 -79 
2016-05-19 21:41:58.580774 -72 -79 -83 -81 -71 
2016-05-19 21:41:58.994822 -73 -78 -79 -75 -73 
2016-05-19 21:41:59.187840 -76 -81 -79 -80 -77 
2016-05-19 21:41:59.292854 -80 -73 -82 -77 -86 
2016-05-19 21:41:59.398868 -78 -81 -81 -78 -77 
2016-05-19 21:41:59.597896 -81 -80 -83 -77 -78 
2016-05-19 21:41:59.709910 -71 -78 -87 -77 -75 
2016-05-19 21:41:59.919935 -76 -77 -80 -78 -80 
2016-05-19 21:42:00.026953 -70 -80 -80 -80 -83 
2016-05-19 21:42:00.337992 -68 -80 -79 -75 -80 
2016-05-19 21:42:00.549018 -78 -81 -78 -79 -77 
2016-05-19 21:42:00.758174 -74 -82 -78 -82 -81 
2016-05-19 21:42:00.968076 -76 -86 -80 -77 -75 
2016-05-19 21:42:01.278242 -75 -82 -89 -74 -79 
2016-05-19 21:42:01.490141 -82 -81 -88 -76 -85 
2016-05-19 21:42:01.808182 -89 -79 -83 -77 -79 
2016-05-19 21:42:01.937196 -80 -82 -78 -77 -82 
2016-05-19 21:42:02.075217 -76 -80 -85 -72 -78 
2016-05-19 21:42:02.314249 -83 -79 -81 -73 -83 
2016-05-19 21:42:02.706304 -76 -83 -81 -71 -83 
2016-05-19 21:42:02.912324 -78 -80 -79 -71 -82 
2016-05-19 21:42:03.129355 -80 -83 -84 -70 -75 
2016-05-19 21:42:03.247368 -76 -82 -83 -71 -87 
2016-05-19 21:42:03.459422 -77 -84 -84 -74 -76 
2016-05-19 21:42:03.678555 -78 -82 -86 -77 -76 
2016-05-19 21:42:03.783441 -80 -83 -88 -71 -80 
2016-05-19 21:42:03.888454 -80 -79 -84 -75 -88 
2016-05-19 21:42:04.088480 -85 -78 -87 -76 -77 
2016-05-19 21:42:04.299508 -81 -76 -88 -77 -76 
2016-05-19 21:42:04.515537 -80 -81 -84 -76 -78 
2016-05-19 21:42:04.631556 -79 -88 -86 -81 -81 
2016-05-19 21:42:04.834578 -77 -82 -84 -74 -74 
2016-05-19 21:42:05.043605 -74 -83 -88 -76 -78 
2016-05-19 21:42:05.363647 -76 -82 -87 -71 -78 
2016-05-19 21:42:05.467658 -73 -85 -84 -75 -78 
2016-05-19 21:42:05.676699 -77 -83 -83 -76 -80 
2016-05-19 21:42:05.887714 -75 -84 -86 -76 -75 
2016-05-19 21:42:05.993730 -89 -84 -87 -74 -78 
2016-05-19 21:42:06.144749 -78 -83 -85 -73 -75 
2016-05-19 21:42:06.516813 -78 -81 -89 -75 -76 
2016-05-19 21:42:06.731831 -78 -85 -84 -74 -81 
2016-05-19 21:42:06.836850 -75 -82 -86 -73 -81 
2016-05-19 21:42:06.941857 -77 -89 -85 -74 -76 
2016-05-19 21:42:07.041870 -79 -81 -89 -74 -75 
2016-05-19 21:42:07.146889 -79 -80 -84 -76 -81 
2016-05-19 21:42:07.269896 -80 -76 -84 -72 -77 
2016-05-19 21:42:07.480923 -73 -77 -85 -76 -85 
2016-05-19 21:42:07.649962 -78 -77 -86 -73 -83 
2016-05-19 21:42:07.775961 -74 -76 -79 -72 -81 
2016-05-19 21:42:07.923981 -78 -77 -86 -72 -78 
2016-05-19 21:42:08.094004 -77 -76 -84 -70 -81 
2016-05-19 21:42:08.197023 -75 -78 -82 -75 -86 
2016-05-19 21:42:08.300030 -79 -87 -82 -73 -80 
2016-05-19 21:42:08.405051 -74 -78 -88 -72 -86 
2016-05-19 21:42:08.612084 -76 -78 -81 -75 -83 
2016-05-19 21:42:09.113141 -78 -81 -87 -74 -78 
2016-05-19 21:42:09.433175 -79 -84 -87 -76 -77 
2016-05-19 21:42:09.645205 -79 -84 -89 -72 -75 
2016-05-19 21:42:09.847368 -78 -84 -80 -70 -78 
2016-05-19 21:42:10.013251 -78 -84 -84 -76 -76 
2016-05-19 21:42:10.207409 -85 -83 -84 -74 -78 
2016-05-19 21:42:10.414306 -77 -82 -79 -78 -80 
2016-05-19 21:42:10.626334 -83 -83 -79 -77 -75 
2016-05-19 21:42:10.839490 -82 -88 -87 -75 -79 
2016-05-19 21:42:11.026386 -80 -84 -87 -68 -82 
2016-05-19 21:42:11.156403 -83 -89 -86 -70 -80 
2016-05-19 21:42:11.366431 -80 -84 -83 -70 -81 
2016-05-19 21:42:11.549455 -85 -85 -86 -72 -77 
2016-05-19 21:42:11.963506 -81 -87 -85 -75 -77 
2016-05-19 21:42:12.692608 -82 -85 -86 -70 -78 
2016-05-19 21:42:13.113657 -87 -88 -87 -76 -76 
2016-05-19 21:42:13.356690 -84 -87 -83 -73 -77 
2016-05-19 21:42:13.484707 -84 -86 -85 -73 -83 
2016-05-19 21:42:13.689734 -77 -84 -83 -78 -73 
2016-05-19 21:42:13.988783 -79 -82 -86 -74 -74 
2016-05-19 21:42:14.151796 -72 -83 -83 -73 -79 
2016-05-19 21:42:14.316819 -75 -89 -89 -74 -77 
2016-05-19 21:42:14.725869 -77 -86 -81 -71 -75 
2016-05-19 21:42:14.889893 -78 -86 -85 -75 -81 
2016-05-19 21:42:15.092922 -77 -88 -84 -77 -83 
2016-05-19 21:42:15.366956 -77 -84 -85 -76 -83 
2016-05-19 21:42:15.486969 -71 -91 -83 -79 -77 
2016-05-19 21:42:15.696124 -75 -82 -85 -73 -79 
2016-05-19 21:42:16.000166 -75 -81 -86 -74 -80 
2016-05-19 21:42:16.119049 -80 -88 -86 -84 -82 
2016-05-19 21:42:16.424220 -68 -83 -84 -71 -80 
2016-05-19 21:42:16.656251 -67 -82 -86 -76 -80 
2016-05-19 21:42:17.057174 -70 -81 -83 -76 -73 
2016-05-19 21:42:17.288333 -73 -76 -78 -75 -76 
2016-05-19 21:42:17.620250 -73 -77 -83 -75 -73 
2016-05-19 21:42:17.725262 -66 -77 -84 -77 -72 
2016-05-19 21:42:17.829272 -68 -78 -86 -78 -89 
2016-05-19 21:42:18.032304 -68 -85 -84 -76 -76 
2016-05-19 21:42:18.145316 -70 -82 -86 -74 -71 
2016-05-19 21:42:18.340342 -66 -87 -84 -79 -68 
2016-05-19 21:42:18.517365 -74 -82 -84 -78 -68 
2016-05-19 21:42:18.620378 -72 -80 -85 -75 -68 
2016-05-19 21:42:19.201455 -74 -77 -83 -80 -73 
2016-05-19 21:42:19.513499 -71 -88 -87 -77 -71 
2016-05-19 21:42:19.725523 -80 -79 -89 -77 -71 
2016-05-19 21:42:20.529626 -73 -84 -86 -80 -71 
2016-05-19 21:42:20.739653 -76 -82 -85 -79 -75 
2016-05-19 21:42:20.891676 -71 -78 -82 -75 -75 
2016-05-19 21:42:21.102703 -77 -81 -83 -78 -77 
2016-05-19 21:42:21.257723 -75 -84 -81 -79 -74 
2016-05-19 21:42:21.362737 -73 -89 -82 -83 -69 
2016-05-19 21:42:21.563767 -77 -82 -80 -81 -75 
2016-05-19 21:42:21.778795 -75 -76 -82 -81 -80 
2016-05-19 21:42:22.096971 -76 -81 -78 -79 -72 
2016-05-19 21:42:22.201846 -75 -84 -78 -77 -76 
2016-05-19 21:42:22.405873 -74 -82 -79 -83 -80 
2016-05-19 21:42:22.508890 -84 -79 -87 -76 -81 
2016-05-19 21:42:22.791924 -76 -84 -80 -76 -72 
2016-05-19 21:42:22.965947 -72 -76 -77 -78 -72 
2016-05-19 21:42:23.069957 -76 -81 -82 -77 -79 
2016-05-19 21:42:23.175973 -69 -87 -77 -81 -72 
2016-05-19 21:42:23.455015 -69 -78 -80 -77 -75 
2016-05-19 21:42:23.573033 -73 -88 -78 -81 -81 
2016-05-19 21:42:23.762059 -71 -78 -78 -76 -70 
2016-05-19 21:42:23.978099 -71 -78 -80 -80 -80 
2016-05-19 21:42:24.146109 -71 -78 -87 -77 -73 
2016-05-19 21:42:24.355132 -77 -79 -80 -77 -74 
2016-05-19 21:42:24.465281 -74 -76 -81 -80 -83 
2016-05-19 21:42:24.853200 -71 -84 -80 -78 -82 
2016-05-19 21:42:24.961350 -70 -78 -81 -90 -77 
2016-05-19 21:42:25.164237 -70 -89 -80 -72 -77 
2016-05-19 21:42:25.377394 -70 -84 -81 -77 -79 
2016-05-19 21:42:25.686302 -70 -83 -80 -83 -77 
2016-05-19 21:42:25.795313 -63 -83 -81 -83 -79 
2016-05-19 21:42:25.941335 -66 -85 -80 -77 -72 
2016-05-19 21:42:26.073481 -69 -82 -80 -78 -77 
2016-05-19 21:42:26.180363 -74 -86 -80 -84 -72 
2016-05-19 21:42:26.384396 -84 -82 -82 -79 -75 
2016-05-19 21:42:26.486406 -67 -82 -83 -79 -74 
2016-05-19 21:42:26.674435 -68 -83 -80 -75 -78 
2016-05-19 21:42:26.780442 -65 -86 -80 -78 -68 
2016-05-19 21:42:26.885455 -72 -83 -80 -74 -76 
2016-05-19 21:42:27.093493 -67 -90 -80 -75 -72 
2016-05-19 21:42:27.371522 -68 -90 -81 -85 -74 
2016-05-19 21:42:27.511540 -70 -87 -78 -75 -76 
2016-05-19 21:42:27.822580 -66 -85 -81 -78 -75 
2016-05-19 21:42:28.322646 -69 -81 -82 -82 -70 
2016-05-19 21:42:28.424672 -63 -80 -85 -79 -71 
2016-05-19 21:42:28.632694 -66 -82 -83 -77 -67 
2016-05-19 21:42:28.734713 -70 -84 -82 -78 -66 
2016-05-19 21:42:28.892737 -70 -80 -83 -88 -73 
2016-05-19 21:42:29.179771 -72 -79 -85 -79 -72 
2016-05-19 21:42:29.638825 -65 -84 -81 -80 -73 
2016-05-19 21:42:29.745835 -75 -79 -82 -86 -75 
2016-05-19 21:42:29.852853 -70 -85 -80 -80 -73 
2016-05-19 21:42:29.954871 -77 -80 -81 -88 -75 
2016-05-19 21:42:30.054885 -65 -82 -82 -80 -74 
2016-05-19 21:42:30.155911 -68 -77 -78 -81 -73 
2016-05-19 21:42:30.315934 -71 -76 -81 -80 -78 
2016-05-19 21:42:30.523943 -67 -77 -82 -78 -73 
2016-05-19 21:42:30.731970 -68 -80 -83 -81 -74 
2016-05-19 21:42:30.942999 -72 -89 -83 -82 -74 
2016-05-19 21:42:31.149023 -73 -83 -87 -80 -75 
2016-05-19 21:42:31.384054 -77 -84 -85 -79 -82 
2016-05-19 21:42:31.700100 -74 -81 -89 -80 -78 
2016-05-19 21:42:32.333180 -73 -81 -84 -80 -73 
2016-05-19 21:42:32.441188 -71 -89 -89 -72 -77 
2016-05-19 21:42:32.858376 -69 -80 -81 -75 -71 
2016-05-19 21:42:33.064272 -77 -87 -82 -77 -68 
2016-05-19 21:42:33.271301 -69 -78 -84 -78 -70 
2016-05-19 21:42:33.373313 -72 -92 -83 -74 -63 
2016-05-19 21:42:33.475331 -70 -79 -81 -76 -67 
2016-05-19 21:42:33.687356 -67 -80 -80 -75 -65 
2016-05-19 21:42:33.796366 -70 -77 -79 -71 -68 
2016-05-19 21:42:34.004395 -70 -84 -86 -73 -65 
2016-05-19 21:42:34.108411 -63 -79 -83 -80 -67 
2016-05-19 21:42:34.210552 -68 -81 -83 -71 -71 
2016-05-19 21:42:34.324437 -69 -81 -82 -79 -73 
2016-05-19 21:42:34.602605 -69 -78 -86 -78 -70 
2016-05-19 21:42:34.809493 -70 -79 -89 -75 -70 
2016-05-19 21:42:35.122535 -70 -84 -80 -72 -68 
2016-05-19 21:42:35.439578 -71 -85 -86 -75 -70 
2016-05-19 21:42:35.667605 -69 -81 -82 -83 -76 
2016-05-19 21:42:35.956641 -69 -86 -83 -86 -69 
2016-05-19 21:42:36.314691 -85 -81 -89 -80 -72 
2016-05-19 21:42:36.834759 -74 -80 -86 -81 -69 
2016-05-19 21:42:37.032784 -73 -85 -89 -83 -70 
2016-05-19 21:42:37.515850 -71 -85 -85 -86 -70 
2016-05-19 21:42:37.868893 -72 -83 -83 -81 -70 
2016-05-19 21:42:38.241938 -71 -86 -81 -79 -69 
2016-05-19 21:42:38.404963 -73 -92 -84 -81 -69 
2016-05-19 21:42:38.764010 -72 -90 -84 -84 -69 
2016-05-19 21:42:39.227200 -76 -82 -85 -81 -69 
2016-05-19 21:42:39.345086 -73 -78 -83 -86 -68 
2016-05-19 21:42:39.551154 -75 -79 -86 -82 -70 
2016-05-19 21:42:39.764141 -72 -83 -84 -78 -68 
2016-05-19 21:42:40.174196 -71 -77 -88 -86 -70 
2016-05-19 21:42:40.347346 -72 -78 -88 -80 -68 
2016-05-19 21:42:40.925292 -71 -82 -88 -88 -69 
2016-05-19 21:42:41.240333 -71 -80 -86 -78 -71 
2016-05-19 21:42:41.447359 -70 -78 -91 -78 -68 
2016-05-19 21:42:41.657386 -71 -79 -87 -78 -73 
2016-05-19 21:42:42.059569 -73 -77 -85 -83 -69 
2016-05-19 21:42:42.381486 -73 -81 -86 -85 -73 
2016-05-19 21:42:42.503498 -84 -81 -87 -86 -70 
2016-05-19 21:42:42.691651 -74 -87 -80 -83 -73 
2016-05-19 21:42:42.876551 -71 -84 -85 -84 -67 
2016-05-19 21:42:43.295604 -68 -75 -82 -83 -68 
2016-05-19 21:42:43.502626 -72 -85 -76 -81 -73 
2016-05-19 21:42:43.727657 -76 -80 -89 -84 -69 
2016-05-19 21:42:43.917706 -69 -83 -91 -79 -70 
2016-05-19 21:42:44.100707 -76 -87 -84 -78 -73 
2016-05-19 21:42:44.419751 -76 -79 -82 -81 -69 
2016-05-19 21:42:44.528763 -75 -86 -84 -80 -73 
2016-05-19 21:42:44.634779 -76 -82 -86 -88 -82 
2016-05-19 21:42:44.869811 -79 -82 -81 -79 -73 
2016-05-19 21:42:45.920945 -75 -80 -83 -79 -72 
2016-05-19 21:42:46.662045 -76 -83 -87 -81 -73 
2016-05-19 21:42:46.765055 -75 -79 -85 -80 -83 
2016-05-19 21:42:47.291124 -78 -82 -84 -86 -70 
2016-05-19 21:42:48.126233 -75 -80 -76 -81 -68 
2016-05-19 21:42:48.342264 -68 -86 -86 -84 -67 
2016-05-19 21:42:48.550288 -63 -87 -86 -78 -82 
2016-05-19 21:42:48.757320 -65 -90 -78 -76 -66 
2016-05-19 21:42:48.967346 -67 -83 -83 -78 -69 
2016-05-19 21:42:49.145366 -69 -82 -80 -76 -68 
2016-05-19 21:42:49.249384 -69 -83 -85 -70 -63 
2016-05-19 21:42:49.408398 -74 -70 -84 -77 -68 
2016-05-19 21:42:49.607432 -73 -80 -89 -86 -78 
2016-05-19 21:42:49.914495 -70 -81 -81 -81 -69 
2016-05-19 21:42:50.224506 -76 -83 -88 -75 -69 
2016-05-19 21:42:50.387532 -80 -81 -90 -75 -74 
2016-05-19 21:42:50.558547 -75 -80 -85 -79 -67 
2016-05-19 21:42:50.666563 -69 -89 -82 -78 -66 
2016-05-19 21:42:50.823581 -88 -82 -89 -80 -69 
2016-05-19 21:42:50.928607 -75 -81 -82 -82 -73 
2016-05-19 21:42:51.138632 -82 -79 -91 -77 -67 
2016-05-19 21:42:51.291645 -76 -79 -82 -78 -65 
2016-05-19 21:42:51.675695 -83 -83 -83 -80 -66 
2016-05-19 21:42:51.889724 -72 -86 -80 -84 -73 
2016-05-19 21:42:52.082753 -74 -85 -81 -80 -70 
2016-05-19 21:42:52.292905 -78 -82 -84 -79 -69 
2016-05-19 21:42:52.598813 -87 -81 -85 -84 -70 
2016-05-19 21:42:52.803839 -80 -84 -85 -83 -68 
2016-05-19 21:42:52.912861 -74 -86 -84 -79 -68 
2016-05-19 21:42:53.107886 -77 -83 -84 -80 -66 
2016-05-19 21:42:53.389049 -72 -82 -81 -85 -66 
2016-05-19 21:42:53.590946 -76 -81 -87 -77 -67 
2016-05-19 21:42:53.694959 -80 -83 -83 -83 -69 
2016-05-19 21:42:53.904989 -77 -79 -85 -83 -67 
2016-05-19 21:42:54.079009 -77 -83 -83 -76 -69 
2016-05-19 21:42:54.213155 -76 -78 -86 -78 -66 
2016-05-19 21:42:54.318044 -72 -80 -85 -84 -70 
2016-05-19 21:42:54.608083 -74 -78 -84 -83 -66 
2016-05-19 21:42:54.930121 -74 -84 -85 -82 -68 
2016-05-19 21:42:55.328178 -76 -86 -85 -82 -65 
2016-05-19 21:42:55.517340 -75 -78 -84 -85 -65 
2016-05-19 21:42:55.685222 -73 -79 -80 -83 -66 
2016-05-19 21:42:56.281298 -76 -80 -79 -84 -65 
2016-05-19 21:42:56.495336 -76 -79 -78 -85 -65 
2016-05-19 21:42:56.597484 -77 -77 -89 -90 -70 
2016-05-19 21:42:56.717357 -78 -78 -83 -85 -65 
2016-05-19 21:42:56.826369 -79 -83 -89 -76 -71 
2016-05-19 21:42:57.038401 -77 -81 -85 -77 -68 
2016-05-19 21:42:57.147425 -79 -80 -91 -86 -66 
2016-05-19 21:42:57.256425 -77 -76 -84 -86 -65 
2016-05-19 21:42:57.425447 -76 -76 -86 -77 -65 
2016-05-19 21:42:57.634472 -77 -80 -80 -83 -69 
2016-05-19 21:42:57.738492 -80 -83 -85 -91 -66 
2016-05-19 21:42:57.876506 -80 -75 -79 -72 -71 
2016-05-19 21:42:58.053658 -78 -84 -78 -84 -67 
2016-05-19 21:42:58.262556 -77 -77 -78 -74 -63 
2016-05-19 21:42:58.387573 -77 -77 -86 -75 -73 
2016-05-19 21:42:58.592599 -78 -77 -78 -80 -67 
2016-05-19 21:42:58.747621 -76 -75 -80 -77 -66 
2016-05-19 21:42:58.850633 -83 -85 -85 -87 -71 
2016-05-19 21:42:59.217682 -79 -79 -83 -77 -67 
2016-05-19 21:42:59.347699 -85 -79 -89 -79 -67 
2016-05-19 21:42:59.871766 -79 -76 -85 -79 -66 
2016-05-19 21:42:59.976786 -77 -74 -84 -81 -67 
2016-05-19 21:43:00.122799 -75 -77 -85 -76 -69 
2016-05-19 21:43:00.227817 -77 -79 -83 -80 -65 
2016-05-19 21:43:00.423844 -75 -78 -84 -80 -68 
2016-05-19 21:43:00.525854 -76 -81 -85 -78 -65 
2016-05-19 21:43:00.713883 -75 -80 -85 -80 -67 
2016-05-19 21:43:00.912903 -75 -81 -86 -81 -65 
2016-05-19 21:43:01.012935 -73 -87 -85 -80 -65 
2016-05-19 21:43:01.147933 -75 -81 -86 -80 -66 
2016-05-19 21:43:01.336959 -81 -81 -86 -78 -70 
2016-05-19 21:43:01.457974 -73 -79 -86 -81 -67 
2016-05-19 21:43:01.865024 -79 -78 -82 -84 -69 
2016-05-19 21:43:02.080053 -75 -77 -83 -79 -67 
2016-05-19 21:43:02.282081 -76 -76 -83 -81 -64 
2016-05-19 21:43:02.392096 -74 -75 -85 -81 -67 
2016-05-19 21:43:02.703140 -78 -77 -81 -82 -67 
2016-05-19 21:43:03.139197 -80 -78 -82 -79 -67 
2016-05-19 21:43:03.437245 -78 -79 -80 -92 -68 
2016-05-19 21:43:03.748274 -79 -77 -86 -88 -69 
2016-05-19 21:43:04.475365 -82 -79 -84 -82 -66 
2016-05-19 21:43:04.807412 -74 -76 -86 -81 -67 
2016-05-19 21:43:05.229471 -81 -77 -84 -78 -68 
2016-05-19 21:43:05.431505 -82 -77 -88 -86 -67 
2016-05-19 21:43:05.534636 -75 -79 -90 -85 -70 
2016-05-19 21:43:06.129587 -77 -76 -80 -80 -68 
2016-05-19 21:43:06.499637 -77 -82 -84 -86 -67 
2016-05-19 21:43:06.706659 -79 -84 -83 -85 -66 
2016-05-19 21:43:06.917698 -74 -80 -87 -76 -70 
2016-05-19 21:43:07.024705 -72 -81 -83 -84 -68 
2016-05-19 21:43:07.334870 -74 -83 -87 -76 -80 
2016-05-19 21:43:07.865808 -66 -80 -85 -83 -69 
2016-05-19 21:43:07.973825 -69 -75 -86 -85 -70 
2016-05-19 21:43:08.287867 -74 -78 -84 -78 -69 
2016-05-19 21:43:08.391887 -72 -83 -80 -77 -67 
2016-05-19 21:43:08.612916 -71 -82 -84 -83 -72 
2016-05-19 21:43:08.765933 -68 -83 -84 -82 -64 
2016-05-19 21:43:09.407014 -74 -82 -86 -80 -70 
2016-05-19 21:43:09.651040 -81 -85 -89 -83 -74 
2016-05-19 21:43:09.863072 -84 -82 -89 -84 -85 
2016-05-19 21:43:10.074099 -82 -89 -85 -83 -82 
2016-05-19 21:43:10.282128 -84 -89 -85 -86 -76 
2016-05-19 21:43:10.687182 -78 -90 -86 -90 -77 
2016-05-19 21:43:11.084230 -78 -89 -90 -83 -70 
2016-05-19 21:43:11.289257 -81 -82 -89 -83 -83 
2016-05-19 21:43:12.749449 -81 -86 -84 -84 -78 
2016-05-19 21:43:13.119499 -75 -83 -89 -85 -79 
2016-05-19 21:43:13.316519 -81 -83 -88 -85 -78 
2016-05-19 21:43:13.923603 -80 -87 -86 -84 -74 
2016-05-19 21:43:14.341653 -80 -86 -86 -83 -74 
2016-05-19 21:43:14.972747 -85 -88 -89 -81 -73 
2016-05-19 21:43:15.078753 -82 -86 -89 -78 -76 
2016-05-19 21:43:15.506812 -82 -85 -88 -83 -75 
2016-05-19 21:43:15.818849 -87 -91 -84 -85 -79 
2016-05-19 21:43:16.028877 -82 -87 -89 -84 -81 
2016-05-19 21:43:16.170899 -78 -85 -85 -82 -80 
2016-05-19 21:43:16.341915 -83 -87 -87 -82 -78 
2016-05-19 21:43:16.488066 -81 -84 -89 -84 -80 
2016-05-19 21:43:16.761969 -81 -86 -87 -83 -83 
2016-05-19 21:43:16.871984 -81 -82 -86 -80 -70 
2016-05-19 21:43:16.980001 -76 -83 -87 -86 -86 
2016-05-19 21:43:18.029138 -82 -83 -86 -84 -78 
2016-05-19 21:43:18.442189 -79 -84 -84 -83 -78 
2016-05-19 21:43:18.745231 -80 -83 -83 -86 -76 
2016-05-19 21:43:19.076278 -83 -90 -87 -86 -75 
2016-05-19 21:43:19.706361 -79 -84 -86 -84 -78 
2016-05-19 21:43:19.910384 -82 -84 -86 -80 -76 
2016-05-19 21:43:20.055402 -83 -87 -89 -84 -80 
2016-05-19 21:43:20.636482 -80 -79 -84 -84 -77 
2016-05-19 21:43:20.749493 -78 -88 -87 -84 -78 
2016-05-19 21:43:21.061537 -81 -89 -83 -85 -74 
2016-05-19 21:43:21.293564 -77 -89 -86 -82 -78 
2016-05-19 21:43:21.504720 -84 -90 -88 -81 -71 
2016-05-19 21:43:21.896777 -89 -83 -86 -82 -75 
2016-05-19 21:43:22.139675 -82 -85 -85 -83 -76 
2016-05-19 21:43:22.638739 -81 -83 -84 -80 -74 
2016-05-19 21:43:23.051798 -83 -84 -86 -82 -73 
2016-05-19 21:43:23.268827 -80 -84 -83 -78 -73 
2016-05-19 21:43:23.473850 -80 -84 -84 -83 -72 
2016-05-19 21:43:23.983944 -81 -85 -89 -81 -75 
2016-05-19 21:43:24.085930 -77 -81 -85 -82 -71 
2016-05-19 21:43:24.294957 -78 -83 -84 -83 -78 
2016-05-19 21:43:24.545119 -84 -85 -88 -83 -85 
2016-05-19 21:43:24.650003 -87 -82 -89 -82 -72 
2016-05-19 21:43:24.844029 -81 -81 -84 -81 -75 
2016-05-19 21:43:25.023089 -80 -84 -90 -83 -73 
2016-05-19 21:43:25.767152 -79 -84 -86 -84 -75 
2016-05-19 21:43:25.978174 -84 -84 -86 -82 -73 
2016-05-19 21:43:26.127200 -84 -87 -89 -83 -73 
2016-05-19 21:43:26.228207 -76 -85 -85 -81 -75 
2016-05-19 21:43:26.433234 -82 -86 -85 -82 -72 
2016-05-19 21:43:26.613257 -75 -90 -85 -85 -71 
2016-05-19 21:43:26.826287 -77 -83 -88 -87 -72 
2016-05-19 21:43:27.062323 -77 -85 -83 -83 -82 
2016-05-19 21:43:27.483370 -75 -85 -84 -83 -76 
2016-05-19 21:43:27.660397 -78 -84 -89 -81 -71 
2016-05-19 21:43:27.864423 -79 -81 -83 -80 -71 
2016-05-19 21:43:28.292483 -78 -83 -90 -83 -71 
2016-05-19 21:43:28.714534 -82 -84 -90 -84 -73 
2016-05-19 21:43:28.845551 -78 -82 -84 -82 -72 
2016-05-19 21:43:29.376620 -81 -83 -84 -80 -78 
2016-05-19 21:43:29.787677 -79 -82 -83 -86 -71 
2016-05-19 21:43:30.107720 -78 -83 -87 -84 -82 
2016-05-19 21:43:30.933821 -78 -84 -90 -84 -74 
2016-05-19 21:43:31.145852 -78 -81 -89 -83 -80 
2016-05-19 21:43:31.352883 -76 -85 -84 -83 -75 
2016-05-19 21:43:31.578908 -78 -83 -90 -84 -91 
2016-05-19 21:43:31.982964 -82 -86 -86 -82 -78 
2016-05-19 21:43:32.164985 -90 -82 -83 -80 -83 
2016-05-19 21:43:32.370141 -85 -85 -85 -78 -74 
2016-05-19 21:43:32.516030 -83 -80 -85 -86 -78 
2016-05-19 21:43:32.715056 -80 -80 -89 -82 -74 
2016-05-19 21:43:32.924081 -81 -83 -85 -81 -76 
2016-05-19 21:43:33.129109 -78 -83 -85 -83 -76 
2016-05-19 21:43:33.369139 -77 -88 -86 -81 -78 
2016-05-19 21:43:33.763196 -77 -81 -83 -83 -88 
2016-05-19 21:43:34.410408 -82 -83 -85 -83 -77 
2016-05-19 21:43:34.619302 -76 -83 -85 -81 -74 
2016-05-19 21:43:34.833336 -80 -82 -90 -82 -75 
2016-05-19 21:43:35.047365 -81 -90 -88 -85 -76 
2016-05-19 21:43:35.234515 -77 -83 -84 -85 -80 
2016-05-19 21:43:35.334396 -80 -82 -90 -83 -75 
2016-05-19 21:43:35.648444 -78 -82 -84 -82 -83 
2016-05-19 21:43:36.242519 -80 -82 -87 -82 -81 
2016-05-19 21:43:36.413543 -87 -85 -83 -84 -71 
2016-05-19 21:43:36.583571 -83 -86 -90 -84 -72 
2016-05-19 21:43:36.926607 -80 -81 -85 -82 -75 
2016-05-19 21:43:37.137634 -79 -84 -86 -79 -80 
2016-05-19 21:43:37.353667 -83 -84 -90 -83 -84 
2016-05-19 21:43:37.673708 -82 -83 -86 -84 -82 
2016-05-19 21:43:37.779715 -78 -85 -90 -83 -76 
2016-05-19 21:43:37.983747 -80 -81 -88 -85 -76 
2016-05-19 21:43:38.186904 -78 -83 -85 -82 -75 
2016-05-19 21:43:38.480809 -77 -81 -84 -84 -80 
2016-05-19 21:43:38.696842 -80 -81 -92 -85 -81 
2016-05-19 21:43:38.804850 -86 -84 -86 -89 -70 
2016-05-19 21:43:38.904861 -78 -81 -90 -84 -81 
2016-05-19 21:43:39.103894 -79 -85 -85 -82 -73 
2016-05-19 21:43:39.313921 -77 -82 -85 -82 -75 
2016-05-19 21:43:39.454933 -79 -85 -89 -87 -76 
2016-05-19 21:43:39.661963 -76 -84 -85 -83 -79 
2016-05-19 21:43:39.766977 -85 -85 -90 -85 -75 
2016-05-19 21:43:39.940999 -76 -84 -87 -82 -82 
2016-05-19 21:43:40.086018 -77 -82 -87 -87 -76 
2016-05-19 21:43:40.494075 -80 -84 -85 -83 -76 
2016-05-19 21:43:40.706100 -80 -79 -86 -84 -81 
2016-05-19 21:43:41.132155 -80 -85 -88 -82 -79 
2016-05-19 21:43:41.848249 -80 -82 -85 -83 -72 
2016-05-19 21:43:42.063277 -81 -83 -90 -86 -76 
2016-05-19 21:43:42.271304 -80 -85 -84 -83 -77 
2016-05-19 21:43:42.689363 -78 -83 -84 -82 -77 
2016-05-19 21:43:42.944395 -82 -83 -86 -83 -72 
2016-05-19 21:43:43.180420 -83 -82 -84 -82 -80 
2016-05-19 21:43:43.416454 -78 -87 -92 -85 -76 
2016-05-19 21:43:43.597478 -77 -83 -87 -83 -80 
2016-05-19 21:43:43.806505 -77 -84 -88 -82 -74 
2016-05-19 21:43:43.951524 -82 -84 -85 -86 -72 
2016-05-19 21:43:44.244583 -77 -84 -86 -82 -78 
2016-05-19 21:43:44.438587 -78 -85 -91 -83 -74 
2016-05-19 21:43:44.747758 -84 -82 -82 -85 -72 
2016-05-19 21:43:44.951706 -80 -83 -87 -85 -73 
2016-05-19 21:43:45.389716 -81 -82 -84 -83 -75 
2016-05-19 21:43:45.599743 -78 -83 -84 -83 -79 
2016-05-19 21:43:45.922784 -85 -83 -84 -82 -74 
2016-05-19 21:43:46.132809 -83 -82 -83 -82 -75 
2016-05-19 21:43:46.423847 -80 -85 -91 -84 -79 
2016-05-19 21:43:46.628874 -80 -84 -87 -85 -81 
2016-05-19 21:43:46.836030 -81 -85 -83 -82 -76 
2016-05-19 21:43:46.973937 -79 -85 -85 -85 -74 
2016-05-19 21:43:47.289964 -81 -81 -89 -81 -76 
2016-05-19 21:43:47.421978 -79 -80 -84 -81 -82 
2016-05-19 21:43:47.619004 -76 -85 -89 -83 -73 
2016-05-19 21:43:48.239085 -77 -84 -84 -82 -73 
2016-05-19 21:43:48.444121 -76 -85 -93 -83 -79 
2016-05-19 21:43:48.651142 -77 -83 -86 -83 -75 
2016-05-19 21:43:48.773161 -76 -83 -84 -83 -71 
2016-05-19 21:43:49.296227 -77 -82 -90 -83 -75 
2016-05-19 21:43:49.509250 -77 -81 -89 -83 -79 
2016-05-19 21:43:49.697276 -87 -84 -84 -84 -71 
2016-05-19 21:43:50.109327 -77 -83 -87 -83 -73 
2016-05-19 21:43:50.452522 -76 -82 -84 -83 -77 
2016-05-19 21:43:50.554386 -77 -83 -89 -82 -71 
2016-05-19 21:43:50.759413 -81 -83 -83 -81 -73 
2016-05-19 21:43:50.966438 -78 -83 -83 -86 -71 
2016-05-19 21:43:51.166463 -83 -85 -88 -82 -90 
2016-05-19 21:43:51.362492 -84 -85 -87 -82 -86 
2016-05-19 21:43:51.488508 -84 -84 -86 -81 -74 
2016-05-19 21:43:51.693535 -84 -82 -85 -84 -85 
2016-05-19 21:43:51.804685 -80 -86 -83 -85 -72 
2016-05-19 21:43:52.012705 -83 -84 -83 -81 -72 
2016-05-19 21:43:52.229607 -83 -82 -84 -84 -80 
2016-05-19 21:43:52.444635 -83 -86 -87 -84 -78 
2016-05-19 21:43:52.655665 -83 -83 -87 -84 -76 
2016-05-19 21:43:52.861685 -81 -87 -87 -81 -78 
2016-05-19 21:43:53.145729 -80 -84 -85 -84 -91 
2016-05-19 21:43:53.348880 -80 -84 -84 -82 -73 
2016-05-19 21:43:53.564781 -84 -85 -86 -81 -80 
2016-05-19 21:43:53.690804 -82 -84 -84 -88 -71 
2016-05-19 21:43:53.791807 -79 -87 -88 -81 -75 
2016-05-19 21:43:54.203864 -79 -83 -85 -84 -75 
2016-05-19 21:43:54.405894 -82 -85 -86 -82 -72 
2016-05-19 21:43:54.514903 -87 -83 -87 -82 -89 
2016-05-19 21:43:54.937959 -83 -85 -85 -76 -73 
2016-05-19 21:43:55.146988 -76 -81 -84 -82 -73 
2016-05-19 21:43:55.358014 -82 -83 -86 -83 -73 
2016-05-19 21:43:55.567043 -80 -83 -84 -82 -73 
2016-05-19 21:43:55.774068 -78 -85 -88 -82 -73 
2016-05-19 21:43:55.881087 -79 -85 -89 -82 -74 
2016-05-19 21:43:56.217130 -81 -83 -84 -82 -75 
2016-05-19 21:43:56.638181 -80 -82 -83 -80 -73 
2016-05-19 21:43:56.845337 -82 -83 -84 -82 -76 
2016-05-19 21:43:57.055236 -82 -85 -83 -82 -72 
2016-05-19 21:43:57.395280 -82 -83 -86 -83 -83 
2016-05-19 21:43:57.547297 -80 -81 -81 -84 -71 
2016-05-19 21:43:57.688319 -83 -83 -83 -89 -70 
2016-05-19 21:43:57.901352 -83 -83 -88 -88 -79 
2016-05-19 21:43:58.110374 -80 -83 -83 -81 -79 
2016-05-19 21:43:58.320403 -81 -82 -83 -83 -88 
2016-05-19 21:43:58.550430 -78 -81 -89 -83 -79 
2016-05-19 21:43:58.850480 -84 -85 -83 -85 -79 
2016-05-19 21:43:59.074499 -79 -83 -88 -81 -85 
2016-05-19 21:43:59.374538 -81 -83 -88 -82 -78 
2016-05-19 21:43:59.582563 -81 -84 -89 -86 -72 
2016-05-19 21:43:59.788593 -78 -84 -83 -84 -71 
2016-05-19 21:44:00.003620 -80 -83 -89 -83 -79 
2016-05-19 21:44:00.320662 -80 -84 -83 -83 -74 
2016-05-19 21:44:00.428676 -83 -84 -90 -83 -76 
2016-05-19 21:44:00.534690 -79 -86 -83 -88 -74 
2016-05-19 21:44:00.743718 -82 -84 -82 -82 -75 
2016-05-19 21:44:00.954754 -81 -82 -83 -84 -74 
2016-05-19 21:44:01.162769 -81 -85 -82 -80 -75 
2016-05-19 21:44:01.373929 -78 -83 -83 -83 -75 
2016-05-19 21:44:01.581956 -81 -84 -83 -82 -75 
2016-05-19 21:44:01.794855 -83 -82 -82 -80 -75 
2016-05-19 21:44:02.005884 -81 -81 -84 -81 -78 
2016-05-19 21:44:02.215910 -85 -83 -84 -81 -80 
2016-05-19 21:44:02.350055 -83 -85 -90 -83 -73 
2016-05-19 21:44:02.550082 -80 -83 -90 -83 -77 
2016-05-19 21:44:02.734977 -80 -81 -89 -81 -72 
2016-05-19 21:44:03.001012 -76 -83 -88 -76 -75 
2016-05-19 21:44:03.152036 -76 -84 -89 -81 -78 
2016-05-19 21:44:03.364067 -81 -84 -89 -82 -74 
2016-05-19 21:44:03.783112 -82 -84 -89 -83 -77 
2016-05-19 21:44:04.132164 -80 -85 -88 -81 -77 
2016-05-19 21:44:04.276179 -82 -84 -89 -82 -84 
2016-05-19 21:44:04.487211 -76 -84 -85 -83 -73 
2016-05-19 21:44:04.685233 -79 -83 -84 -82 -74 
2016-05-19 21:44:05.015275 -78 -86 -82 -86 -78 
2016-05-19 21:44:06.087420 -80 -84 -85 -82 -72 
2016-05-19 21:44:06.381453 -77 -85 -86 -86 -76 
2016-05-19 21:44:07.021538 -77 -85 -89 -82 -77 
2016-05-19 21:44:07.297585 -81 -86 -84 -82 -72 
2016-05-19 21:44:07.509616 -81 -87 -89 -76 -76 
2016-05-19 21:44:07.818640 -82 -87 -91 -83 -77 
2016-05-19 21:44:07.929668 -80 -82 -82 -81 -79 
2016-05-19 21:44:08.137687 -84 -83 -83 -82 -82 
2016-05-19 21:44:08.558867 -82 -84 -83 -81 -81 
2016-05-19 21:44:08.764765 -82 -86 -86 -81 -76 
2016-05-19 21:44:08.964792 -82 -82 -88 -81 -73 
2016-05-19 21:44:09.097815 -80 -85 -89 -81 -81 
2016-05-19 21:44:09.395849 -80 -80 -84 -83 -79 
2016-05-19 21:44:09.622883 -80 -84 -83 -82 -76 
2016-05-19 21:44:09.828901 -76 -82 -83 -83 -71 
2016-05-19 21:44:09.935918 -75 -83 -85 -83 -90 
2016-05-19 21:44:10.148943 -77 -82 -88 -83 -73 
2016-05-19 21:44:10.326972 -77 -83 -83 -82 -71 
2016-05-19 21:44:10.535125 -80 -82 -85 -82 -73 
2016-05-19 21:44:10.884039 -79 -83 -83 -82 -83 
2016-05-19 21:44:11.096069 -80 -84 -83 -81 -74 
2016-05-19 21:44:11.425121 -77 -83 -82 -81 -77 
2016-05-19 21:44:11.946181 -77 -83 -89 -82 -82 
2016-05-19 21:44:12.205214 -81 -82 -83 -81 -81 
2016-05-19 21:44:12.306227 -78 -84 -83 -81 -71 
2016-05-19 21:44:12.518259 -76 -83 -83 -76 -81 
2016-05-19 21:44:12.689275 -80 -84 -83 -82 -73 
2016-05-19 21:44:13.432374 -77 -84 -82 -81 -77 
2016-05-19 21:44:13.732427 -79 -83 -89 -81 -74 
2016-05-19 21:44:13.902436 -79 -83 -83 -82 -87 
2016-05-19 21:44:14.108467 -79 -83 -82 -76 -73 
2016-05-19 21:44:14.320490 -86 -84 -86 -82 -73 
2016-05-19 21:44:14.534515 -82 -84 -89 -83 -76 
2016-05-19 21:44:14.990578 -83 -83 -83 -82 -74 
2016-05-19 21:44:15.203609 -85 -85 -84 -81 -72 
2016-05-19 21:44:15.634660 -81 -84 -88 -79 -75 
2016-05-19 21:44:15.837688 -83 -85 -82 -83 -83 
2016-05-19 21:44:16.056726 -78 -85 -89 -82 -80 
2016-05-19 21:44:16.207739 -83 -85 -84 -82 -81 
2016-05-19 21:44:16.374755 -81 -82 -82 -81 -71 
2016-05-19 21:44:16.895828 -79 -83 -89 -81 -76 
2016-05-19 21:44:17.236873 -81 -82 -83 -80 -73 
2016-05-19 21:44:17.432897 -78 -84 -87 -83 -74 
2016-05-19 21:44:17.650926 -82 -84 -88 -82 -72 
2016-05-19 21:44:18.062980 -77 -83 -85 -83 -78 
2016-05-19 21:44:18.276007 -80 -85 -88 -82 -73 
2016-05-19 21:44:18.593048 -82 -85 -84 -76 -77 
2016-05-19 21:44:18.807084 -81 -85 -84 -82 -77 
2016-05-19 21:44:19.014107 -80 -84 -84 -82 -76 
2016-05-19 21:44:19.226131 -81 -82 -84 -81 -79 
2016-05-19 21:44:19.433158 -79 -84 -84 -82 -74 
2016-05-19 21:44:19.736327 -77 -81 -82 -81 -74 
2016-05-19 21:44:19.943225 -80 -82 -90 -83 -76 
2016-05-19 21:44:20.064369 -82 -82 -84 -82 -72 
2016-05-19 21:44:20.705321 -80 -86 -91 -83 -72 
2016-05-19 21:44:20.898349 -83 -88 -86 -84 -76 
2016-05-19 21:44:21.202390 -85 -86 -87 -83 -73 
2016-05-19 21:44:21.323405 -81 -87 -86 -84 -70 
2016-05-19 21:44:21.743459 -84 -85 -84 -82 -74 
2016-05-19 21:44:21.958489 -83 -82 -85 -83 -84 
2016-05-19 21:44:22.165512 -80 -84 -84 -81 -82 
2016-05-19 21:44:22.581569 -84 -84 -84 -83 -82 
2016-05-19 21:44:22.793597 -87 -85 -84 -84 -79 
2016-05-19 21:44:23.308664 -82 -85 -85 -85 -73 
2016-05-19 21:44:23.733719 -83 -81 -88 -82 -78 
2016-05-19 21:44:23.936766 -82 -86 -86 -84 -72 
2016-05-19 21:44:24.145770 -83 -83 -84 -83 -73 
2016-05-19 21:44:24.351800 -83 -85 -85 -82 -82 
2016-05-19 21:44:24.664846 -83 -83 -84 -82 -77 
2016-05-19 21:44:25.193056 -82 -85 -83 -82 -72 
2016-05-19 21:44:25.509956 -80 -83 -84 -82 -72 
2016-05-19 21:44:25.710976 -82 -80 -87 -82 -73 
2016-05-19 21:44:25.817121 -86 -84 -84 -83 -75 
2016-05-19 21:44:26.223060 -84 -82 -89 -81 -73 
2016-05-19 21:44:26.463077 -82 -83 -89 -83 -72 
2016-05-19 21:44:26.566087 -86 -81 -91 -83 -81 
2016-05-19 21:44:26.755118 -83 -81 -89 -81 -78 
2016-05-19 21:44:27.094159 -81 -85 -90 -84 -76 
2016-05-19 21:44:27.303187 -80 -83 -89 -87 -83 
2016-05-19 21:44:27.511210 -81 -82 -89 -81 -75 
2016-05-19 21:44:28.042283 -82 -85 -87 -78 -77 
2016-05-19 21:44:28.254314 -83 -82 -85 -81 -79 
2016-05-19 21:44:28.460342 -84 -81 -85 -85 -73 
2016-05-19 21:44:28.694368 -84 -82 -91 -84 -78 
2016-05-19 21:44:29.400463 -80 -82 -92 -82 -75 
2016-05-19 21:44:29.607490 -79 -83 -84 -82 -75 
2016-05-19 21:44:30.025547 -81 -84 -84 -82 -80 
2016-05-19 21:44:30.441725 -80 -82 -84 -83 -80 
2016-05-19 21:44:30.653624 -80 -82 -84 -82 -75 
2016-05-19 21:44:30.873781 -79 -85 -90 -83 -74 
2016-05-19 21:44:31.196691 -80 -84 -85 -76 -78 
2016-05-19 21:44:31.407723 -81 -83 -83 -81 -74 
2016-05-19 21:44:31.621748 -79 -85 -89 -82 -74 
2016-05-19 21:44:31.775775 -80 -80 -92 -82 -79 
2016-05-19 21:44:31.989799 -81 -81 -89 -82 -72 
2016-05-19 21:44:32.091809 -78 -81 -84 -83 -71 
2016-05-19 21:44:32.461858 -77 -83 -89 -83 -74 
2016-05-19 21:44:32.770904 -83 -81 -91 -81 -81 
2016-05-19 21:44:32.870917 -80 -89 -85 -83 -76 
2016-05-19 21:44:33.177955 -85 -83 -85 -83 -73 
2016-05-19 21:44:33.387981 -82 -82 -84 -83 -74 
2016-05-19 21:44:33.711027 -76 -85 -85 -82 -78 
2016-05-19 21:44:34.026193 -90 -82 -89 -81 -73 
2016-05-19 21:44:34.134080 -80 -80 -84 -86 -76 
2016-05-19 21:44:34.352104 -78 -84 -89 -83 -73 
2016-05-19 21:44:34.563134 -79 -84 -89 -83 -74 
2016-05-19 21:44:34.766166 -83 -83 -85 -82 -71 
2016-05-19 21:44:35.305231 -79 -84 -84 -84 -73 
2016-05-19 21:44:35.512255 -76 -85 -84 -84 -73 
2016-05-19 21:44:35.613271 -78 -87 -89 -82 -76 
2016-05-19 21:44:35.796299 -85 -85 -83 -82 -78 
2016-05-19 21:44:35.942312 -81 -80 -84 -82 -71 
2016-05-19 21:44:36.226358 -83 -80 -83 -83 -79 
2016-05-19 21:44:36.543400 -83 -81 -87 -83 -71 
2016-05-19 21:44:36.855442 -79 -81 -91 -82 -79 
2016-05-19 21:44:37.085471 -82 -86 -91 -84 -75 
2016-05-19 21:44:37.190486 -78 -81 -84 -87 -71 
2016-05-19 21:44:37.403514 -81 -82 -86 -83 -78 
2016-05-19 21:44:37.535530 -75 -88 -90 -84 -78 
2016-05-19 21:44:37.711558 -77 -82 -90 -82 -74 
2016-05-19 21:44:37.924581 -81 -76 -89 -83 -74 
2016-05-19 21:44:38.337635 -82 -81 -84 -79 -74 
2016-05-19 21:44:38.548670 -81 -81 -84 -76 -73 
2016-05-19 21:44:38.755682 -78 -81 -84 -82 -83 
2016-05-19 21:44:38.972707 -80 -80 -91 -81 -81 
2016-05-19 21:44:39.384766 -78 -84 -85 -82 -74 
2016-05-19 21:44:39.802949 -79 -81 -82 -81 -79 
2016-05-19 21:44:40.018987 -81 -80 -84 -80 -80 
2016-05-19 21:44:40.230875 -78 -82 -91 -80 -82 
2016-05-19 21:44:40.695936 -82 -89 -87 -82 -75 
2016-05-19 21:44:40.797946 -77 -81 -89 -84 -80 
2016-05-19 21:44:41.118991 -78 -86 -88 -81 -73 
2016-05-19 21:44:41.223002 -74 -83 -84 -86 -80 
2016-05-19 21:44:41.401027 -75 -85 -85 -76 -70 
2016-05-19 21:44:41.574051 -80 -84 -85 -80 -80 
2016-05-19 21:44:41.886092 -76 -83 -87 -82 -82 
2016-05-19 21:44:41.994105 -79 -85 -85 -80 -82 
2016-05-19 21:44:42.192135 -78 -81 -92 -81 -75 
2016-05-19 21:44:42.402162 -79 -86 -84 -84 -79 
2016-05-19 21:44:42.635318 -82 -85 -89 -82 -75 
2016-05-19 21:44:42.826214 -78 -83 -84 -81 -76 
2016-05-19 21:44:43.047250 -80 -85 -85 -81 -81 
2016-05-19 21:44:43.256272 -80 -83 -83 -82 -75 
2016-05-19 21:44:43.495301 -78 -83 -90 -82 -79 
2016-05-19 21:44:43.666323 -90 -85 -84 -83 -84 
2016-05-19 21:44:43.843477 -83 -81 -84 -82 -72 
2016-05-19 21:44:44.000367 -75 -84 -85 -81 -83 
2016-05-19 21:44:44.733460 -79 -83 -92 -81 -73 
2016-05-19 21:44:45.147648 -75 -84 -83 -81 -80 
2016-05-19 21:44:45.362548 -75 -84 -91 -81 -83 
2016-05-19 21:44:45.569572 -81 -83 -83 -81 -71 
2016-05-19 21:44:45.834606 -79 -80 -84 -81 -71 
2016-05-19 21:44:45.995756 -89 -87 -92 -81 -83 
2016-05-19 21:44:46.172654 -80 -83 -84 -76 -71 
2016-05-19 21:44:46.353672 -81 -81 -84 -81 -84 
2016-05-19 21:44:47.362809 -77 -82 -84 -80 -75 
2016-05-19 21:44:47.887879 -75 -84 -90 -80 -79 
2016-05-19 21:44:48.037898 -76 -81 -83 -82 -81 
2016-05-19 21:44:48.508085 -79 -84 -83 -84 -78 
2016-05-19 21:44:48.714985 -76 -81 -84 -84 -75 
2016-05-19 21:44:49.085031 -78 -83 -84 -76 -80 
2016-05-19 21:44:49.250053 -76 -84 -84 -88 -81 
2016-05-19 21:44:50.090163 -76 -85 -84 -82 -76 
2016-05-19 21:44:50.194173 -76 -83 -91 -80 -70 
2016-05-19 21:44:50.513221 -78 -81 -84 -84 -76 
2016-05-19 21:44:50.820386 -79 -83 -84 -80 -75 
2016-05-19 21:44:51.327326 -79 -82 -83 -83 -76 
2016-05-19 21:44:51.538355 -81 -81 -84 -84 -76 
2016-05-19 21:44:51.751379 -76 -84 -91 -85 -81 
2016-05-19 21:44:51.962407 -76 -81 -91 -84 -81 
2016-05-19 21:44:52.268576 -81 -84 -92 -80 -73 
2016-05-19 21:44:53.095564 -77 -81 -83 -80 -76 
2016-05-19 21:44:53.726638 -77 -83 -84 -80 -77 
2016-05-19 21:44:54.121690 -78 -84 -83 -83 -80 
2016-05-19 21:44:54.457734 -82 -79 -91 -83 -73 
2016-05-19 21:44:54.563751 -78 -85 -83 -83 -81 
2016-05-19 21:44:54.752773 -80 -80 -89 -82 -73 
2016-05-19 21:44:54.968805 -79 -82 -89 -81 -82 
2016-05-19 21:44:55.383859 -82 -82 -86 -82 -77 
2016-05-19 21:44:55.730900 -81 -83 -84 -89 -78 
2016-05-19 21:44:55.942927 -83 -80 -84 -90 -74 
2016-05-19 21:44:56.151955 -85 -82 -83 -83 -75 
2016-05-19 21:44:56.334977 -82 -80 -91 -82 -80 
2016-05-19 21:44:56.747038 -82 -83 -91 -81 -77 
2016-05-19 21:44:56.962061 -82 -83 -84 -81 -80 
2016-05-19 21:44:57.284107 -81 -82 -82 -81 -74 
2016-05-19 21:44:58.042201 -82 -81 -84 -79 -79 
2016-05-19 21:44:58.672284 -80 -84 -83 -88 -74 
2016-05-19 21:44:58.965323 -77 -83 -85 -83 -80 
2016-05-19 21:44:59.202353 -78 -85 -91 -82 -77 
2016-05-19 21:44:59.390378 -90 -82 -84 -87 -70 
2016-05-19 21:44:59.720421 -76 -84 -83 -85 -77 
2016-05-19 21:44:59.920447 -80 -81 -88 -84 -73 
2016-05-19 21:45:00.422512 -81 -83 -90 -81 -78 
2016-05-19 21:45:00.659541 -78 -82 -87 -82 -72 
2016-05-19 21:45:00.969581 -86 -85 -91 -82 -80 
2016-05-19 21:45:01.075597 -91 -83 -89 -81 -82 
2016-05-19 21:45:01.390647 -81 -84 -90 -79 -81 
2016-05-19 21:45:04.342153 -81 -84 -87 -82 -77 
2016-05-19 21:45:04.554056 -82 -83 -88 -82 -78 
2016-05-19 21:45:05.815217 -78 -83 -85 -80 -78 
2016-05-19 21:45:07.282408 -81 -84 -88 -81 -76 
2016-05-19 21:45:08.031506 -78 -85 -86 -80 -74 
2016-05-19 21:45:08.286541 -81 -84 -86 -81 -77 
2016-05-19 21:45:08.992638 -84 -83 -84 -81 -79 
2016-05-19 21:45:09.512700 -83 -84 -92 -81 -74 
2016-05-19 21:45:09.833790 -85 -85 -84 -80 -74 
2016-05-19 21:45:10.792866 -78 -84 -84 -79 -75 
2016-05-19 21:45:11.003895 -79 -83 -84 -80 -73 
2016-05-19 21:45:11.214927 -81 -81 -85 -80 -74 
2016-05-19 21:45:11.423078 -85 -83 -82 -81 -80 
2016-05-19 21:45:11.728989 -83 -83 -85 -80 -72 
2016-05-19 21:45:11.944017 -77 -81 -91 -76 -80 
2016-05-19 21:45:12.213052 -78 -83 -84 -78 -76 
2016-05-19 21:45:12.778126 -80 -83 -85 -81 -77 
2016-05-19 21:45:12.987154 -86 -83 -85 -84 -80 
2016-05-19 21:45:13.407211 -86 -83 -84 -81 -73 
2016-05-19 21:45:13.617237 -77 -81 -83 -76 -72 
2016-05-19 21:45:13.821260 -80 -85 -84 -85 -70 
2016-05-19 21:45:14.032290 -79 -83 -84 -80 -80 
2016-05-19 21:45:14.543486 -78 -82 -83 -81 -75 
2016-05-19 21:45:14.755388 -80 -86 -84 -80 -81 
2016-05-19 21:45:14.964412 -79 -84 -84 -80 -78 
2016-05-19 21:45:15.307461 -85 -88 -84 -81 -83 
881
