2016-05-19 23:35:31.243906 -63 -57 -74 -58 -52 
2016-05-19 23:35:31.458934 -59 -50 -65 -65 -66 
2016-05-19 23:35:31.558947 -66 -48 -51 -50 -51 
2016-05-19 23:35:31.662960 -56 -50 -53 -72 -56 
2016-05-19 23:35:31.770972 -54 -50 -59 -51 -64 
2016-05-19 23:35:31.876993 -74 -54 -71 -57 -60 
2016-05-19 23:35:31.988003 -58 -48 -64 -54 -52 
2016-05-19 23:35:32.087016 -63 -53 -60 -50 -78 
2016-05-19 23:35:32.279041 -66 -60 -54 -50 -68 
2016-05-19 23:35:32.384055 -63 -53 -59 -52 -55 
2016-05-19 23:35:32.489068 -62 -61 -68 -49 -64 
2016-05-19 23:35:32.594082 -58 -53 -59 -49 -64 
2016-05-19 23:35:32.701093 -61 -59 -56 -52 -62 
2016-05-19 23:35:32.785111 -64 -54 -54 -51 -60 
2016-05-19 23:35:32.893121 -72 -54 -51 -61 -68 
2016-05-19 23:35:33.009137 -55 -59 -56 -57 -61 
2016-05-19 23:35:33.210166 -60 -61 -57 -65 -75 
2016-05-19 23:35:33.600217 -61 -58 -54 -59 -68 
2016-05-19 23:35:33.707228 -54 -62 -64 -55 -61 
2016-05-19 23:35:33.816239 -64 -63 -58 -49 -72 
2016-05-19 23:35:33.922255 -57 -59 -58 -62 -75 
2016-05-19 23:35:34.253299 -58 -56 -56 -63 -69 
2016-05-19 23:35:34.539336 -65 -60 -58 -48 -69 
2016-05-19 23:35:34.748363 -65 -64 -57 -45 -67 
2016-05-19 23:35:34.852377 -63 -72 -60 -61 -64 
2016-05-19 23:35:35.061401 -62 -71 -56 -59 -64 
2016-05-19 23:35:35.167419 -59 -56 -56 -45 -80 
2016-05-19 23:35:35.266429 -59 -53 -52 -69 -78 
2016-05-19 23:35:35.436458 -57 -59 -56 -57 -70 
2016-05-19 23:35:35.612484 -73 -62 -58 -54 -54 
2016-05-19 23:35:35.815516 -67 -54 -56 -49 -58 
2016-05-19 23:35:35.921514 -75 -59 -56 -50 -70 
2016-05-19 23:35:36.038532 -61 -54 -61 -66 -67 
2016-05-19 23:35:36.237559 -52 -68 -55 -52 -63 
2016-05-19 23:35:36.341569 -61 -48 -56 -53 -65 
2016-05-19 23:35:36.446582 -52 -56 -57 -52 -64 
2016-05-19 23:35:36.659613 -62 -52 -60 -54 -64 
2016-05-19 23:35:36.764627 -68 -50 -65 -51 -63 
2016-05-19 23:35:36.868641 -56 -50 -58 -62 -59 
2016-05-19 23:35:37.014659 -53 -59 -64 -50 -72 
2016-05-19 23:35:37.119674 -68 -56 -71 -57 -59 
2016-05-19 23:35:37.252691 -59 -49 -59 -56 -65 
2016-05-19 23:35:37.356701 -54 -52 -70 -50 -52 
2016-05-19 23:35:37.492721 -60 -59 -62 -65 -59 
2016-05-19 23:35:37.601733 -59 -52 -66 -53 -72 
2016-05-19 23:35:37.709750 -57 -58 -59 -51 -59 
2016-05-19 23:35:37.815768 -59 -50 -55 -54 -66 
2016-05-19 23:35:37.924778 -57 -54 -58 -51 -78 
2016-05-19 23:35:38.032792 -62 -50 -59 -53 -57 
2016-05-19 23:35:38.139806 -60 -54 -62 -59 -63 
2016-05-19 23:35:38.238819 -61 -51 -54 -60 -58 
2016-05-19 23:35:38.362836 -55 -52 -87 -74 -57 
2016-05-19 23:35:38.548861 -63 -52 -62 -65 -59 
2016-05-19 23:35:38.727884 -62 -48 -66 -56 -60 
2016-05-19 23:35:39.040928 -62 -54 -57 -51 -59 
2016-05-19 23:35:39.146937 -67 -52 -60 -50 -64 
2016-05-19 23:35:39.357966 -60 -49 -61 -65 -60 
2016-05-19 23:35:39.460983 -56 -52 -64 -58 -57 
2016-05-19 23:35:39.623000 -63 -51 -53 -62 -56 
2016-05-19 23:35:39.724013 -59 -48 -63 -55 -58 
2016-05-19 23:35:39.918039 -56 -53 -55 -61 -58 
2016-05-19 23:35:40.200075 -55 -53 -56 -55 -60 
2016-05-19 23:35:40.306094 -66 -51 -60 -55 -57 
2016-05-19 23:35:40.618138 -58 -51 -56 -69 -60 
2016-05-19 23:35:40.870163 -65 -66 -54 -51 -59 
2016-05-19 23:35:41.040201 -60 -58 -52 -57 -59 
2016-05-19 23:35:41.144199 -60 -59 -59 -50 -60 
2016-05-19 23:35:41.248237 -63 -50 -48 -52 -60 
2016-05-19 23:35:41.450239 -61 -56 -56 -50 -67 
2016-05-19 23:35:41.558254 -63 -54 -49 -52 -59 
2016-05-19 23:35:41.698272 -62 -55 -61 -54 -66 
2016-05-19 23:35:41.910299 -63 -54 -60 -55 -66 
2016-05-19 23:35:42.013312 -64 -55 -63 -48 -63 
2016-05-19 23:35:42.178334 -60 -53 -66 -65 -54 
2016-05-19 23:35:42.280347 -58 -57 -61 -45 -65 
2016-05-19 23:35:42.491378 -59 -51 -60 -53 -55 
2016-05-19 23:35:42.590387 -68 -44 -64 -51 -52 
2016-05-19 23:35:42.806420 -66 -57 -59 -50 -62 
2016-05-19 23:35:43.014443 -57 -48 -54 -53 -74 
2016-05-19 23:35:43.222467 -60 -58 -62 -58 -66 
2016-05-19 23:35:43.379491 -57 -52 -58 -48 -60 
2016-05-19 23:35:43.584518 -58 -53 -58 -54 -62 
2016-05-19 23:35:43.690532 -52 -52 -63 -43 -63 
2016-05-19 23:35:43.794545 -54 -61 -58 -65 -69 
2016-05-19 23:35:44.182593 -60 -63 -53 -49 -62 
2016-05-19 23:35:44.283609 -64 -52 -63 -43 -54 
2016-05-19 23:35:44.384623 -54 -48 -52 -54 -54 
2016-05-19 23:35:44.496640 -54 -55 -56 -42 -61 
2016-05-19 23:35:44.598651 -52 -78 -53 -51 -54 
2016-05-19 23:35:44.723666 -62 -52 -57 -49 -60 
2016-05-19 23:35:44.940694 -63 -52 -56 -49 -69 
2016-05-19 23:35:45.129719 -71 -54 -56 -50 -56 
2016-05-19 23:35:45.236787 -47 -51 -68 -58 -69 
2016-05-19 23:35:45.344755 -53 -50 -61 -51 -62 
2016-05-19 23:35:45.541785 -49 -53 -60 -51 -62 
2016-05-19 23:35:45.619791 -54 -46 -57 -53 -55 
2016-05-19 23:35:45.730806 -50 -50 -58 -63 -58 
2016-05-19 23:35:45.832815 -59 -62 -50 -57 -66 
2016-05-19 23:35:45.957835 -61 -59 -53 -48 -57 
2016-05-19 23:35:46.079852 -66 -60 -58 -46 -67 
2016-05-19 23:35:46.185865 -54 -59 -52 -51 -53 
2016-05-19 23:35:46.375889 -49 -55 -52 -45 -62 
2016-05-19 23:35:46.484903 -58 -52 -52 -45 -63 
2016-05-19 23:35:46.589918 -61 -52 -65 -43 -59 
2016-05-19 23:35:46.698932 -48 -57 -58 -59 -77 
2016-05-19 23:35:46.808946 -52 -58 -57 -49 -63 
2016-05-19 23:35:46.907956 -63 -76 -53 -42 -77 
2016-05-19 23:35:47.049983 -54 -59 -54 -44 -65 
2016-05-19 23:35:47.215999 -62 -52 -57 -59 -69 
2016-05-19 23:35:47.428025 -59 -61 -60 -52 -64 
2016-05-19 23:35:47.558063 -64 -61 -61 -54 -69 
2016-05-19 23:35:47.658059 -69 -63 -62 -54 -63 
2016-05-19 23:35:47.762076 -64 -67 -61 -66 -62 
2016-05-19 23:35:47.969097 -63 -63 -64 -62 -59 
2016-05-19 23:35:48.173121 -63 -54 -62 -57 -62 
2016-05-19 23:35:48.389152 -67 -59 -65 -60 -65 
2016-05-19 23:35:48.521169 -72 -62 -71 -52 -69 
2016-05-19 23:35:48.620182 -67 -63 -62 -59 -62 
2016-05-19 23:35:48.722193 -62 -71 -64 -54 -63 
2016-05-19 23:35:48.896212 -63 -55 -62 -59 -60 
2016-05-19 23:35:49.020227 -62 -56 -63 -61 -59 
2016-05-19 23:35:49.141243 -64 -62 -63 -51 -69 
2016-05-19 23:35:49.247262 -70 -58 -65 -60 -59 
2016-05-19 23:35:49.440282 -62 -65 -68 -55 -60 
2016-05-19 23:35:49.628304 -61 -60 -60 -56 -67 
2016-05-19 23:35:49.857341 -64 -63 -63 -59 -57 
2016-05-19 23:35:49.962354 -70 -62 -69 -52 -82 
2016-05-19 23:35:50.172382 -66 -65 -61 -61 -65 
2016-05-19 23:35:50.277396 -82 -60 -62 -69 -61 
2016-05-19 23:35:50.489426 -61 -64 -62 -61 -65 
2016-05-19 23:35:50.595441 -60 -62 -82 -55 -55 
2016-05-19 23:35:50.786465 -61 -65 -77 -57 -65 
2016-05-19 23:35:50.893469 -63 -60 -75 -51 -62 
2016-05-19 23:35:51.002490 -65 -63 -65 -54 -65 
2016-05-19 23:35:51.173506 -74 -66 -67 -50 -60 
2016-05-19 23:35:51.276522 -58 -63 -56 -50 -64 
2016-05-19 23:35:51.446544 -55 -61 -59 -54 -67 
2016-05-19 23:35:51.554559 -56 -64 -58 -50 -67 
2016-05-19 23:35:51.658569 -59 -54 -62 -48 -60 
2016-05-19 23:35:51.866599 -52 -58 -60 -56 -64 
2016-05-19 23:35:51.970613 -56 -62 -60 -45 -71 
2016-05-19 23:35:52.077632 -51 -56 -65 -46 -60 
2016-05-19 23:35:52.280653 -52 -68 -59 -46 -68 
2016-05-19 23:35:52.382670 -48 -57 -56 -44 -54 
2016-05-19 23:35:52.524685 -50 -58 -52 -45 -61 
2016-05-19 23:35:52.707713 -54 -59 -51 -45 -53 
2016-05-19 23:35:53.004748 -51 -62 -59 -45 -56 
2016-05-19 23:35:53.107767 -52 -60 -54 -45 -59 
2016-05-19 23:35:53.213772 -58 -68 -60 -45 -57 
2016-05-19 23:35:53.322793 -53 -55 -65 -47 -59 
2016-05-19 23:35:53.428801 -57 -64 -60 -51 -56 
2016-05-19 23:35:53.646838 -54 -68 -56 -45 -60 
2016-05-19 23:35:53.745844 -52 -52 -56 -50 -57 
2016-05-19 23:35:53.847863 -59 -59 -60 -69 -61 
2016-05-19 23:35:53.952875 -51 -53 -69 -48 -60 
2016-05-19 23:35:54.060886 -57 -60 -59 -68 -59 
2016-05-19 23:35:54.262916 -51 -59 -63 -51 -62 
2016-05-19 23:35:54.454938 -50 -62 -60 -43 -63 
2016-05-19 23:35:54.558948 -67 -61 -52 -45 -62 
2016-05-19 23:35:54.679967 -52 -54 -64 -44 -57 
2016-05-19 23:35:54.833984 -61 -54 -55 -49 -58 
2016-05-19 23:35:54.935001 -59 -55 -54 -48 -59 
2016-05-19 23:35:55.041014 -59 -54 -58 -55 -61 
2016-05-19 23:35:55.192034 -55 -54 -57 -45 -72 
2016-05-19 23:35:55.320099 -63 -51 -46 -56 -76 
2016-05-19 23:35:55.523089 -56 -54 -54 -53 -62 
2016-05-19 23:35:55.738120 -56 -58 -51 -49 -60 
2016-05-19 23:35:55.847127 -52 -55 -50 -48 -65 
2016-05-19 23:35:55.955140 -61 -54 -60 -63 -56 
2016-05-19 23:35:56.195171 -62 -61 -52 -48 -62 
2016-05-19 23:35:56.295185 -55 -57 -64 -55 -62 
2016-05-19 23:35:56.438210 -55 -71 -51 -51 -67 
2016-05-19 23:35:56.538222 -51 -52 -52 -45 -58 
2016-05-19 23:35:56.686236 -56 -59 -50 -54 -61 
2016-05-19 23:35:56.814249 -55 -57 -51 -47 -80 
2016-05-19 23:35:56.921267 -53 -58 -51 -42 -66 
2016-05-19 23:35:57.210305 -56 -60 -58 -44 -64 
2016-05-19 23:35:57.397329 -75 -74 -59 -53 -65 
2016-05-19 23:35:57.499340 -61 -55 -70 -50 -60 
2016-05-19 23:35:57.602356 -58 -70 -61 -49 -62 
2016-05-19 23:35:57.704367 -68 -58 -71 -51 -66 
2016-05-19 23:35:58.021411 -64 -62 -71 -48 -63 
2016-05-19 23:35:58.136425 -71 -59 -70 -49 -60 
2016-05-19 23:35:58.319447 -66 -60 -78 -48 -71 
2016-05-19 23:35:58.424460 -60 -53 -67 -50 -74 
2016-05-19 23:35:58.532477 -67 -59 -65 -63 -63 
2016-05-19 23:35:58.676496 -60 -59 -63 -49 -66 
2016-05-19 23:35:58.883530 -61 -59 -65 -47 -56 
2016-05-19 23:35:58.986548 -62 -55 -59 -47 -53 
2016-05-19 23:35:59.153563 -63 -62 -63 -48 -53 
2016-05-19 23:35:59.256572 -65 -57 -59 -60 -68 
2016-05-19 23:35:59.364583 -61 -63 -62 -48 -64 
2016-05-19 23:35:59.588620 -65 -67 -59 -54 -68 
2016-05-19 23:35:59.686655 -63 -67 -66 -48 -67 
194
