2016-05-19 23:34:45.017868 -53 -45 -58 -57 -54 
2016-05-19 23:34:45.127882 -62 -53 -60 -48 -55 
2016-05-19 23:34:45.263904 -56 -45 -59 -57 -54 
2016-05-19 23:34:45.370922 -58 -54 -58 -47 -51 
2016-05-19 23:34:45.474932 -55 -45 -53 -60 -59 
2016-05-19 23:34:45.646964 -80 -44 -68 -48 -52 
2016-05-19 23:34:45.757972 -49 -54 -50 -51 -59 
2016-05-19 23:34:45.967017 -59 -53 -60 -56 -56 
2016-05-19 23:34:46.073013 -66 -44 -59 -53 -61 
2016-05-19 23:34:46.286041 -56 -50 -71 -53 -54 
2016-05-19 23:34:46.474070 -55 -50 -54 -53 -59 
2016-05-19 23:34:46.581079 -55 -43 -59 -59 -59 
2016-05-19 23:34:46.686093 -68 -52 -62 -52 -53 
2016-05-19 23:34:46.790104 -50 -44 -63 -59 -65 
2016-05-19 23:34:46.901121 -52 -52 -62 -54 -61 
2016-05-19 23:34:47.005132 -65 -66 -57 -66 -62 
2016-05-19 23:34:47.144157 -58 -49 -65 -52 -56 
2016-05-19 23:34:47.255164 -63 -58 -54 -61 -64 
2016-05-19 23:34:47.426190 -62 -42 -59 -62 -54 
2016-05-19 23:34:47.634221 -58 -56 -59 -60 -72 
2016-05-19 23:34:47.736231 -64 -45 -59 -52 -63 
2016-05-19 23:34:47.845241 -58 -48 -57 -51 -68 
2016-05-19 23:34:48.050268 -73 -54 -60 -49 -51 
2016-05-19 23:34:48.295300 -69 -44 -61 -54 -60 
2016-05-19 23:34:48.507332 -54 -52 -52 -68 -61 
2016-05-19 23:34:48.706357 -59 -56 -60 -60 -72 
2016-05-19 23:34:48.929421 -53 -55 -53 -63 -75 
2016-05-19 23:34:49.035390 -55 -52 -81 -58 -73 
2016-05-19 23:34:49.224422 -60 -59 -67 -54 -66 
2016-05-19 23:34:49.338432 -58 -51 -63 -73 -59 
2016-05-19 23:34:49.530454 -59 -51 -61 -63 -77 
2016-05-19 23:34:49.635469 -61 -53 -62 -58 -53 
2016-05-19 23:34:49.770486 -49 -59 -67 -61 -59 
2016-05-19 23:34:50.288556 -60 -59 -66 -58 -60 
2016-05-19 23:34:50.594610 -53 -48 -54 -54 -62 
2016-05-19 23:34:50.799635 -56 -55 -58 -60 -61 
2016-05-19 23:34:51.028660 -60 -51 -57 -56 -67 
2016-05-19 23:34:51.134679 -53 -49 -54 -54 -60 
2016-05-19 23:34:51.240685 -55 -50 -52 -53 -60 
2016-05-19 23:34:51.429718 -53 -49 -56 -59 -56 
2016-05-19 23:34:51.624743 -59 -47 -59 -56 -55 
2016-05-19 23:34:51.839771 -75 -48 -55 -52 -64 
2016-05-19 23:34:51.955779 -51 -50 -57 -59 -63 
2016-05-19 23:34:52.057795 -49 -46 -69 -62 -50 
2016-05-19 23:34:52.252820 -54 -51 -54 -56 -58 
2016-05-19 23:34:52.358834 -67 -45 -57 -59 -71 
2016-05-19 23:34:52.464852 -57 -59 -53 -57 -56 
2016-05-19 23:34:52.567861 -58 -48 -57 -59 -68 
2016-05-19 23:34:52.675873 -67 -52 -54 -54 -60 
2016-05-19 23:34:52.795888 -58 -46 -53 -59 -58 
2016-05-19 23:34:52.900907 -49 -58 -53 -62 -62 
2016-05-19 23:34:53.117933 -49 -60 -64 -58 -60 
2016-05-19 23:34:53.309967 -58 -49 -56 -55 -61 
2016-05-19 23:34:53.517986 -58 -52 -58 -54 -64 
2016-05-19 23:34:53.625996 -52 -65 -57 -56 -80 
2016-05-19 23:34:53.735018 -50 -62 -57 -51 -78 
2016-05-19 23:34:53.837029 -59 -59 -60 -61 -55 
2016-05-19 23:34:53.959043 -49 -50 -50 -57 -61 
2016-05-19 23:34:54.067065 -65 -59 -54 -58 -63 
2016-05-19 23:34:54.354094 -52 -57 -54 -51 -59 
2016-05-19 23:34:54.568122 -45 -57 -58 -53 -62 
2016-05-19 23:34:54.776147 -57 -52 -52 -49 -62 
2016-05-19 23:34:54.881160 -59 -52 -54 -59 -71 
2016-05-19 23:34:54.985183 -54 -60 -61 -58 -73 
2016-05-19 23:34:55.093191 -52 -53 -65 -63 -66 
2016-05-19 23:34:55.201202 -68 -59 -62 -44 -60 
2016-05-19 23:34:55.410237 -48 -59 -55 -53 -60 
2016-05-19 23:34:55.621257 -74 -54 -54 -51 -62 
2016-05-19 23:34:55.831284 -52 -59 -59 -48 -60 
2016-05-19 23:34:55.933301 -51 -49 -58 -48 -60 
2016-05-19 23:34:56.041312 -48 -58 -57 -52 -61 
2016-05-19 23:34:56.253343 -45 -60 -57 -55 -60 
2016-05-19 23:34:56.460374 -46 -67 -52 -56 -62 
2016-05-19 23:34:56.580390 -51 -48 -54 -49 -59 
2016-05-19 23:34:56.783412 -46 -69 -58 -46 -63 
2016-05-19 23:34:56.975442 -46 -80 -54 -49 -59 
2016-05-19 23:34:57.096449 -48 -56 -56 -47 -59 
2016-05-19 23:34:57.201463 -45 -51 -61 -52 -62 
2016-05-19 23:34:57.309480 -48 -59 -56 -48 -65 
2016-05-19 23:34:57.504506 -44 -67 -60 -50 -66 
2016-05-19 23:34:57.610525 -47 -85 -57 -50 -65 
2016-05-19 23:34:57.819548 -45 -69 -55 -49 -71 
2016-05-19 23:34:58.033575 -45 -45 -60 -49 -64 
2016-05-19 23:34:58.134588 -52 -59 -61 -49 -67 
2016-05-19 23:34:58.237602 -45 -60 -57 -50 -68 
2016-05-19 23:34:58.341612 -45 -44 -55 -51 -67 
2016-05-19 23:34:58.540646 -45 -57 -56 -51 -61 
2016-05-19 23:34:58.646652 -48 -43 -57 -53 -66 
2016-05-19 23:34:58.854682 -47 -51 -58 -51 -69 
2016-05-19 23:34:58.962729 -46 -42 -66 -52 -62 
2016-05-19 23:34:59.102714 -52 -52 -56 -53 -61 
2016-05-19 23:34:59.284739 -45 -62 -60 -51 -63 
2016-05-19 23:34:59.593779 -45 -44 -60 -48 -60 
2016-05-19 23:34:59.702793 -45 -57 -63 -49 -63 
2016-05-19 23:34:59.933823 -48 -53 -52 -49 -56 
2016-05-19 23:35:00.142851 -52 -61 -56 -51 -64 
2016-05-19 23:35:00.354878 -47 -60 -60 -52 -63 
2016-05-19 23:35:00.566906 -50 -75 -62 -45 -57 
2016-05-19 23:35:00.781924 -54 -60 -50 -49 -52 
2016-05-19 23:35:00.877943 -51 -58 -51 -53 -59 
2016-05-19 23:35:00.979953 -46 -65 -52 -51 -52 
2016-05-19 23:35:01.103969 -52 -50 -48 -54 -49 
2016-05-19 23:35:01.208982 -51 -55 -62 -50 -54 
2016-05-19 23:35:01.348001 -54 -63 -54 -54 -58 
2016-05-19 23:35:01.559028 -64 -49 -46 -54 -52 
2016-05-19 23:35:01.661045 -54 -48 -58 -69 -54 
2016-05-19 23:35:01.768056 -51 -51 -54 -54 -51 
2016-05-19 23:35:02.014088 -56 -67 -64 -57 -64 
2016-05-19 23:35:02.250119 -54 -49 -61 -69 -54 
2016-05-19 23:35:02.354132 -54 -45 -53 -54 -53 
2016-05-19 23:35:02.455146 -52 -52 -53 -65 -51 
2016-05-19 23:35:02.613166 -56 -46 -52 -55 -57 
2016-05-19 23:35:02.813192 -57 -50 -47 -54 -52 
2016-05-19 23:35:02.918206 -63 -52 -54 -62 -53 
2016-05-19 23:35:03.019220 -53 -63 -63 -57 -66 
2016-05-19 23:35:03.127231 -67 -50 -46 -61 -62 
2016-05-19 23:35:03.231251 -57 -49 -54 -58 -55 
2016-05-19 23:35:03.389268 -61 -74 -52 -52 -60 
2016-05-19 23:35:03.598295 -54 -64 -44 -56 -57 
2016-05-19 23:35:03.700308 -57 -52 -44 -59 -65 
2016-05-19 23:35:03.808322 -51 -64 -45 -59 -52 
2016-05-19 23:35:03.917334 -54 -55 -50 -62 -51 
2016-05-19 23:35:04.040353 -58 -45 -49 -57 -60 
2016-05-19 23:35:04.164368 -55 -54 -55 -64 -62 
2016-05-19 23:35:04.346396 -56 -56 -59 -56 -65 
2016-05-19 23:35:04.452403 -54 -58 -45 -62 -52 
2016-05-19 23:35:04.555420 -59 -55 -55 -55 -63 
2016-05-19 23:35:04.775448 -62 -58 -55 -60 -57 
2016-05-19 23:35:04.974475 -60 -50 -49 -58 -59 
2016-05-19 23:35:05.076492 -69 -59 -58 -63 -60 
2016-05-19 23:35:05.185502 -55 -54 -58 -56 -60 
2016-05-19 23:35:05.286519 -54 -57 -52 -57 -53 
2016-05-19 23:35:05.430545 -55 -51 -53 -55 -51 
2016-05-19 23:35:05.604564 -50 -51 -46 -56 -65 
2016-05-19 23:35:05.708578 -58 -54 -49 -59 -54 
2016-05-19 23:35:05.913604 -57 -51 -47 -55 -70 
2016-05-19 23:35:06.115631 -50 -53 -48 -55 -57 
2016-05-19 23:35:06.233648 -50 -54 -48 -54 -59 
2016-05-19 23:35:06.445679 -50 -56 -47 -56 -64 
2016-05-19 23:35:06.547684 -58 -57 -51 -60 -56 
2016-05-19 23:35:06.655700 -52 -63 -50 -54 -58 
2016-05-19 23:35:06.861733 -58 -51 -50 -55 -58 
2016-05-19 23:35:07.041758 -54 -59 -56 -53 -57 
2016-05-19 23:35:07.113761 -49 -57 -48 -50 -57 
2016-05-19 23:35:07.218775 -59 -52 -51 -54 -53 
2016-05-19 23:35:07.326801 -49 -53 -47 -53 -54 
2016-05-19 23:35:07.435803 -56 -51 -50 -52 -57 
2016-05-19 23:35:07.537814 -50 -60 -46 -53 -52 
2016-05-19 23:35:07.641836 -51 -52 -56 -49 -61 
2016-05-19 23:35:07.797850 -56 -57 -59 -52 -55 
2016-05-19 23:35:07.901868 -51 -51 -49 -54 -58 
2016-05-19 23:35:08.009878 -51 -53 -52 -50 -52 
2016-05-19 23:35:08.125893 -51 -55 -47 -54 -61 
2016-05-19 23:35:08.436940 -52 -53 -49 -51 -54 
2016-05-19 23:35:08.648962 -52 -52 -51 -50 -51 
2016-05-19 23:35:08.758976 -51 -50 -47 -50 -56 
2016-05-19 23:35:08.866996 -52 -50 -47 -54 -63 
2016-05-19 23:35:08.974005 -54 -51 -63 -49 -54 
2016-05-19 23:35:09.074017 -52 -49 -48 -51 -55 
2016-05-19 23:35:09.183028 -54 -52 -59 -49 -53 
2016-05-19 23:35:09.288042 -54 -49 -48 -52 -58 
2016-05-19 23:35:09.448064 -53 -52 -51 -51 -61 
2016-05-19 23:35:09.555080 -51 -49 -50 -52 -59 
2016-05-19 23:35:09.667100 -54 -55 -51 -47 -54 
2016-05-19 23:35:09.767112 -51 -51 -49 -54 -53 
2016-05-19 23:35:09.951132 -54 -52 -49 -48 -55 
2016-05-19 23:35:10.061146 -54 -50 -47 -54 -52 
2016-05-19 23:35:10.217171 -51 -51 -50 -50 -59 
2016-05-19 23:35:10.380187 -53 -54 -75 -49 -52 
2016-05-19 23:35:10.484201 -55 -51 -51 -52 -54 
2016-05-19 23:35:10.740228 -51 -57 -62 -50 -58 
2016-05-19 23:35:10.930252 -54 -54 -48 -49 -59 
2016-05-19 23:35:11.050268 -58 -52 -51 -54 -54 
2016-05-19 23:35:11.248291 -56 -52 -56 -55 -56 
2016-05-19 23:35:11.356308 -54 -55 -50 -54 -57 
2016-05-19 23:35:11.518327 -51 -52 -57 -49 -54 
2016-05-19 23:35:11.626343 -56 -52 -50 -52 -65 
2016-05-19 23:35:11.795366 -62 -54 -64 -50 -57 
2016-05-19 23:35:11.997398 -50 -52 -58 -52 -56 
2016-05-19 23:35:12.102409 -51 -51 -52 -51 -63 
2016-05-19 23:35:12.293427 -61 -51 -53 -56 -61 
2016-05-19 23:35:12.608468 -55 -55 -57 -53 -58 
2016-05-19 23:35:12.797500 -54 -52 -50 -56 -60 
2016-05-19 23:35:12.959547 -50 -51 -62 -54 -61 
2016-05-19 23:35:13.170545 -50 -50 -52 -51 -64 
2016-05-19 23:35:13.274559 -60 -58 -50 -54 -59 
2016-05-19 23:35:13.375572 -49 -50 -52 -52 -59 
2016-05-19 23:35:13.523588 -50 -51 -51 -48 -52 
2016-05-19 23:35:13.627608 -60 -48 -51 -51 -58 
2016-05-19 23:35:13.834632 -52 -56 -55 -49 -53 
2016-05-19 23:35:13.976651 -55 -51 -51 -55 -60 
2016-05-19 23:35:14.265688 -64 -56 -52 -57 -56 
2016-05-19 23:35:14.458711 -59 -54 -48 -60 -53 
2016-05-19 23:35:14.664740 -52 -54 -64 -54 -62 
2016-05-19 23:35:14.876773 -68 -49 -60 -56 -71 
2016-05-19 23:35:14.985782 -54 -59 -51 -49 -57 
2016-05-19 23:35:15.087801 -62 -45 -63 -63 -61 
2016-05-19 23:35:15.241815 -56 -47 -63 -54 -59 
2016-05-19 23:35:15.443839 -69 -48 -56 -49 -60 
2016-05-19 23:35:15.553855 -61 -44 -53 -60 -70 
2016-05-19 23:35:15.762888 -66 -55 -57 -55 -70 
2016-05-19 23:35:15.872901 -59 -49 -64 -61 -69 
2016-05-19 23:35:15.978909 -59 -61 -63 -57 -60 
2016-05-19 23:35:16.087930 -54 -48 -75 -58 -67 
2016-05-19 23:35:16.188937 -65 -64 -61 -65 -62 
2016-05-19 23:35:16.296953 -63 -46 -64 -56 -66 
2016-05-19 23:35:16.465975 -63 -55 -60 -51 -55 
2016-05-19 23:35:16.680004 -54 -51 -61 -56 -61 
2016-05-19 23:35:16.885030 -60 -48 -56 -66 -73 
2016-05-19 23:35:16.986074 -61 -43 -57 -56 -52 
2016-05-19 23:35:17.094055 -52 -47 -59 -49 -59 
2016-05-19 23:35:17.245077 -60 -46 -53 -53 -62 
2016-05-19 23:35:17.452104 -66 -46 -60 -63 -61 
2016-05-19 23:35:17.560119 -62 -43 -59 -48 -53 
2016-05-19 23:35:17.668136 -59 -49 -72 -50 -53 
2016-05-19 23:35:17.817153 -56 -45 -54 -46 -56 
2016-05-19 23:35:18.180199 -66 -47 -59 -52 -63 
2016-05-19 23:35:18.286214 -57 -43 -60 -51 -54 
2016-05-19 23:35:18.395228 -57 -48 -63 -62 -54 
2016-05-19 23:35:18.501241 -62 -48 -65 -47 -54 
2016-05-19 23:35:18.548251 -57 -45 -54 -55 -69 
2016-05-19 23:35:18.647261 -61 -48 -65 -49 -62 
2016-05-19 23:35:18.753278 -62 -44 -63 -63 -63 
2016-05-19 23:35:18.855287 -54 -71 -68 -60 -61 
2016-05-19 23:35:18.963305 -59 -47 -52 -63 -63 
2016-05-19 23:35:19.070316 -55 -51 -62 -47 -66 
2016-05-19 23:35:19.174326 -60 -52 -62 -60 -73 
2016-05-19 23:35:19.278346 -59 -52 -67 -46 -54 
2016-05-19 23:35:19.388361 -57 -54 -58 -61 -60 
2016-05-19 23:35:19.575382 -70 -54 -59 -58 -55 
2016-05-19 23:35:19.696397 -51 -50 -63 -56 -59 
2016-05-19 23:35:19.798415 -54 -54 -55 -57 -60 
2016-05-19 23:35:20.005438 -62 -56 -57 -60 -57 
2016-05-19 23:35:20.108455 -62 -70 -63 -52 -51 
2016-05-19 23:35:20.213468 -67 -51 -52 -58 -65 
2016-05-19 23:35:20.317479 -59 -63 -63 -51 -55 
2016-05-19 23:35:20.515511 -66 -57 -57 -52 -67 
2016-05-19 23:35:20.832554 -60 -48 -58 -56 -56 
2016-05-19 23:35:20.939564 -66 -56 -54 -71 -62 
2016-05-19 23:35:21.049579 -55 -45 -64 -58 -52 
2016-05-19 23:35:21.158601 -54 -47 -59 -60 -64 
2016-05-19 23:35:21.356622 -65 -47 -63 -58 -59 
2016-05-19 23:35:21.462635 -60 -47 -70 -60 -68 
2016-05-19 23:35:21.650660 -59 -44 -58 -51 -64 
2016-05-19 23:35:21.757674 -67 -45 -58 -68 -60 
2016-05-19 23:35:21.891691 -62 -50 -56 -54 -68 
2016-05-19 23:35:21.998710 -72 -49 -61 -55 -51 
2016-05-19 23:35:22.206742 -68 -51 -54 -53 -60 
2016-05-19 23:35:22.307747 -70 -50 -66 -58 -58 
2016-05-19 23:35:22.410759 -65 -62 -70 -63 -52 
2016-05-19 23:35:22.713804 -58 -53 -64 -70 -59 
2016-05-19 23:35:22.920826 -60 -52 -60 -64 -59 
2016-05-19 23:35:23.136856 -57 -50 -65 -75 -57 
2016-05-19 23:35:23.332880 -58 -50 -67 -66 -70 
2016-05-19 23:35:23.855949 -61 -52 -71 -69 -60 
2016-05-19 23:35:23.954958 -57 -50 -69 -59 -63 
2016-05-19 23:35:24.056977 -64 -46 -59 -66 -55 
2016-05-19 23:35:24.268001 -65 -49 -68 -65 -63 
2016-05-19 23:35:24.473028 -66 -49 -65 -65 -66 
2016-05-19 23:35:24.578042 -62 -59 -60 -59 -63 
2016-05-19 23:35:24.711060 -60 -48 -58 -53 -53 
2016-05-19 23:35:24.837085 -71 -44 -65 -50 -54 
2016-05-19 23:35:25.030099 -78 -46 -62 -54 -65 
2016-05-19 23:35:25.195120 -58 -50 -63 -55 -59 
2016-05-19 23:35:25.300134 -75 -52 -59 -52 -52 
2016-05-19 23:35:25.399155 -66 -47 -62 -65 -65 
2016-05-19 23:35:25.507171 -71 -54 -56 -49 -61 
2016-05-19 23:35:25.608177 -59 -45 -57 -56 -66 
2016-05-19 23:35:25.710187 -59 -53 -60 -48 -69 
2016-05-19 23:35:25.816204 -59 -53 -55 -61 -69 
2016-05-19 23:35:26.070234 -56 -45 -61 -52 -64 
2016-05-19 23:35:26.272263 -65 -48 -55 -57 -58 
2016-05-19 23:35:26.483291 -60 -46 -61 -57 -52 
2016-05-19 23:35:26.666315 -60 -51 -61 -64 -59 
2016-05-19 23:35:26.876343 -60 -67 -60 -53 -58 
2016-05-19 23:35:27.026385 -66 -44 -54 -57 -60 
2016-05-19 23:35:27.204382 -69 -46 -53 -55 -53 
2016-05-19 23:35:27.307392 -62 -59 -50 -54 -58 
2016-05-19 23:35:27.629438 -59 -45 -58 -53 -54 
2016-05-19 23:35:27.739452 -55 -44 -56 -55 -55 
2016-05-19 23:35:27.847462 -57 -44 -59 -52 -64 
2016-05-19 23:35:27.950472 -57 -44 -69 -51 -51 
2016-05-19 23:35:28.053489 -67 -43 -57 -60 -69 
2016-05-19 23:35:28.260513 -59 -42 -62 -57 -57 
2016-05-19 23:35:28.367530 -60 -41 -67 -64 -68 
2016-05-19 23:35:28.570554 -67 -42 -60 -56 -62 
2016-05-19 23:35:28.676570 -54 -50 -59 -51 -59 
2016-05-19 23:35:28.779588 -66 -43 -54 -62 -61 
2016-05-19 23:35:28.885595 -66 -49 -54 -69 -55 
2016-05-19 23:35:28.987611 -64 -48 -57 -57 -63 
2016-05-19 23:35:29.193638 -64 -46 -52 -58 -61 
2016-05-19 23:35:29.303652 -60 -45 -55 -59 -53 
2016-05-19 23:35:29.509683 -60 -53 -57 -50 -63 
2016-05-19 23:35:29.636722 -66 -45 -60 -50 -56 
2016-05-19 23:35:29.849727 -52 -49 -59 -47 -63 
2016-05-19 23:35:30.022746 -63 -47 -51 -56 -54 
2016-05-19 23:35:30.346804 -61 -51 -59 -48 -64 
2016-05-19 23:35:30.456822 -56 -48 -59 -51 -67 
2016-05-19 23:35:30.562824 -69 -57 -60 -51 -61 
2016-05-19 23:35:30.776859 -59 -54 -62 -54 -59 
2016-05-19 23:35:30.989890 -60 -48 -55 -58 -64 
2016-05-19 23:35:31.243906 -63 -57 -74 -58 -54 
2016-05-19 23:35:31.458934 -59 -50 -65 -65 -66 
2016-05-19 23:35:31.558947 -66 -48 -51 -50 -51 
2016-05-19 23:35:31.662960 -56 -50 -53 -72 -56 
2016-05-19 23:35:31.770972 -54 -50 -59 -51 -64 
2016-05-19 23:35:31.876993 -74 -54 -71 -57 -60 
2016-05-19 23:35:31.988003 -58 -48 -64 -54 -52 
2016-05-19 23:35:32.087016 -63 -53 -60 -50 -78 
2016-05-19 23:35:32.279041 -66 -60 -54 -50 -68 
2016-05-19 23:35:32.384055 -63 -53 -59 -52 -55 
2016-05-19 23:35:32.489068 -62 -61 -68 -49 -64 
2016-05-19 23:35:32.594082 -58 -53 -59 -49 -64 
2016-05-19 23:35:32.701093 -61 -59 -56 -52 -62 
2016-05-19 23:35:32.785111 -64 -54 -54 -51 -60 
2016-05-19 23:35:32.893121 -72 -54 -51 -61 -68 
2016-05-19 23:35:33.009137 -55 -59 -56 -57 -61 
2016-05-19 23:35:33.210166 -60 -61 -57 -65 -75 
2016-05-19 23:35:33.600217 -61 -58 -54 -59 -68 
2016-05-19 23:35:33.707228 -54 -62 -64 -55 -61 
2016-05-19 23:35:33.816239 -64 -63 -58 -49 -72 
2016-05-19 23:35:33.922255 -57 -59 -58 -62 -75 
2016-05-19 23:35:34.253299 -58 -56 -56 -63 -69 
2016-05-19 23:35:34.539336 -65 -60 -58 -48 -69 
2016-05-19 23:35:34.748363 -65 -64 -57 -45 -67 
2016-05-19 23:35:34.852377 -63 -72 -60 -61 -64 
2016-05-19 23:35:35.061401 -62 -71 -56 -59 -64 
2016-05-19 23:35:35.167419 -59 -56 -56 -45 -80 
2016-05-19 23:35:35.266429 -59 -53 -52 -69 -78 
2016-05-19 23:35:35.436458 -57 -59 -56 -57 -70 
2016-05-19 23:35:35.612484 -73 -62 -58 -54 -54 
2016-05-19 23:35:35.815516 -67 -54 -56 -49 -58 
2016-05-19 23:35:35.921514 -75 -59 -56 -50 -70 
2016-05-19 23:35:36.038532 -61 -54 -61 -66 -67 
2016-05-19 23:35:36.237559 -52 -68 -55 -52 -63 
2016-05-19 23:35:36.341569 -61 -48 -56 -53 -65 
2016-05-19 23:35:36.446582 -52 -56 -57 -52 -64 
2016-05-19 23:35:36.659613 -62 -52 -60 -54 -64 
2016-05-19 23:35:36.764627 -68 -50 -65 -51 -63 
2016-05-19 23:35:36.868641 -56 -50 -58 -62 -59 
2016-05-19 23:35:37.014659 -53 -59 -64 -50 -72 
2016-05-19 23:35:37.119674 -68 -56 -71 -57 -59 
2016-05-19 23:35:37.252691 -59 -49 -59 -56 -65 
2016-05-19 23:35:37.356701 -54 -52 -70 -50 -52 
2016-05-19 23:35:37.492721 -60 -59 -62 -65 -59 
2016-05-19 23:35:37.601733 -59 -52 -66 -53 -72 
2016-05-19 23:35:37.709750 -57 -58 -59 -51 -59 
2016-05-19 23:35:37.815768 -59 -50 -55 -54 -66 
2016-05-19 23:35:37.924778 -57 -54 -58 -51 -78 
2016-05-19 23:35:38.032792 -62 -50 -59 -53 -57 
2016-05-19 23:35:38.139806 -60 -54 -62 -59 -63 
2016-05-19 23:35:38.238819 -61 -51 -54 -60 -58 
2016-05-19 23:35:38.362836 -55 -52 -87 -74 -57 
2016-05-19 23:35:38.548861 -63 -52 -62 -65 -59 
2016-05-19 23:35:38.727884 -62 -48 -66 -56 -60 
2016-05-19 23:35:39.040928 -62 -54 -57 -51 -59 
2016-05-19 23:35:39.146937 -67 -52 -60 -50 -64 
2016-05-19 23:35:39.357966 -60 -49 -61 -65 -60 
2016-05-19 23:35:39.460983 -56 -52 -64 -58 -57 
2016-05-19 23:35:39.623000 -63 -51 -53 -62 -56 
2016-05-19 23:35:39.724013 -59 -48 -63 -55 -58 
2016-05-19 23:35:39.918039 -56 -53 -55 -61 -58 
2016-05-19 23:35:40.200075 -55 -53 -56 -55 -60 
2016-05-19 23:35:40.306094 -66 -51 -60 -55 -57 
2016-05-19 23:35:40.618138 -58 -51 -56 -69 -60 
2016-05-19 23:35:40.870163 -65 -66 -54 -51 -59 
2016-05-19 23:35:41.040201 -60 -58 -52 -57 -59 
2016-05-19 23:35:41.144199 -60 -59 -59 -50 -60 
2016-05-19 23:35:41.248237 -63 -50 -48 -52 -60 
2016-05-19 23:35:41.450239 -61 -56 -56 -50 -67 
2016-05-19 23:35:41.558254 -63 -54 -49 -52 -59 
2016-05-19 23:35:41.698272 -62 -55 -61 -54 -66 
2016-05-19 23:35:41.910299 -63 -54 -60 -55 -66 
2016-05-19 23:35:42.013312 -64 -55 -63 -48 -63 
2016-05-19 23:35:42.178334 -60 -53 -66 -65 -54 
2016-05-19 23:35:42.280347 -58 -57 -61 -45 -65 
2016-05-19 23:35:42.491378 -59 -51 -60 -53 -55 
2016-05-19 23:35:42.590387 -68 -44 -64 -51 -52 
2016-05-19 23:35:42.806420 -66 -57 -59 -50 -62 
2016-05-19 23:35:43.014443 -57 -48 -54 -53 -74 
2016-05-19 23:35:43.222467 -60 -58 -62 -58 -66 
2016-05-19 23:35:43.379491 -57 -52 -58 -48 -60 
2016-05-19 23:35:43.584518 -58 -53 -58 -54 -62 
2016-05-19 23:35:43.690532 -52 -52 -63 -43 -63 
2016-05-19 23:35:43.794545 -54 -61 -58 -65 -69 
2016-05-19 23:35:44.182593 -60 -63 -53 -49 -62 
2016-05-19 23:35:44.283609 -64 -52 -63 -43 -54 
2016-05-19 23:35:44.384623 -54 -48 -52 -54 -54 
2016-05-19 23:35:44.496640 -54 -55 -56 -42 -61 
2016-05-19 23:35:44.598651 -52 -78 -53 -51 -54 
2016-05-19 23:35:44.723666 -62 -52 -57 -49 -60 
2016-05-19 23:35:44.940694 -63 -52 -56 -49 -69 
2016-05-19 23:35:45.129719 -71 -54 -56 -50 -56 
2016-05-19 23:35:45.236787 -47 -51 -68 -58 -69 
2016-05-19 23:35:45.344755 -53 -50 -61 -51 -62 
2016-05-19 23:35:45.541785 -49 -53 -60 -51 -62 
2016-05-19 23:35:45.619791 -54 -46 -57 -53 -55 
2016-05-19 23:35:45.730806 -50 -50 -58 -63 -58 
2016-05-19 23:35:45.832815 -59 -62 -50 -57 -66 
2016-05-19 23:35:45.957835 -61 -59 -53 -48 -57 
2016-05-19 23:35:46.079852 -66 -60 -58 -46 -67 
2016-05-19 23:35:46.185865 -54 -59 -52 -51 -53 
2016-05-19 23:35:46.375889 -49 -55 -52 -45 -62 
2016-05-19 23:35:46.484903 -58 -52 -52 -45 -63 
2016-05-19 23:35:46.589918 -61 -52 -65 -43 -59 
2016-05-19 23:35:46.698932 -48 -57 -58 -59 -77 
2016-05-19 23:35:46.808946 -52 -58 -57 -49 -63 
2016-05-19 23:35:46.907956 -63 -76 -53 -42 -77 
2016-05-19 23:35:47.049983 -54 -59 -54 -44 -65 
2016-05-19 23:35:47.215999 -62 -52 -57 -59 -69 
2016-05-19 23:35:47.428025 -59 -61 -60 -52 -64 
2016-05-19 23:35:47.558063 -64 -61 -61 -54 -69 
2016-05-19 23:35:47.658059 -69 -63 -62 -54 -63 
2016-05-19 23:35:47.762076 -64 -67 -61 -66 -62 
2016-05-19 23:35:47.969097 -63 -63 -64 -62 -59 
2016-05-19 23:35:48.173121 -63 -54 -62 -57 -62 
2016-05-19 23:35:48.389152 -67 -59 -65 -60 -65 
2016-05-19 23:35:48.521169 -72 -62 -71 -52 -69 
2016-05-19 23:35:48.620182 -67 -63 -62 -59 -62 
2016-05-19 23:35:48.722193 -62 -71 -64 -54 -63 
2016-05-19 23:35:48.896212 -63 -55 -62 -59 -60 
2016-05-19 23:35:49.020227 -62 -56 -63 -61 -59 
2016-05-19 23:35:49.141243 -64 -62 -63 -51 -69 
2016-05-19 23:35:49.247262 -70 -58 -65 -60 -59 
2016-05-19 23:35:49.440282 -62 -65 -68 -55 -60 
2016-05-19 23:35:49.628304 -61 -60 -60 -56 -67 
2016-05-19 23:35:49.857341 -64 -63 -63 -59 -57 
2016-05-19 23:35:49.962354 -70 -62 -69 -52 -82 
2016-05-19 23:35:50.172382 -66 -65 -61 -61 -65 
2016-05-19 23:35:50.277396 -82 -60 -62 -69 -61 
2016-05-19 23:35:50.489426 -61 -64 -62 -61 -65 
2016-05-19 23:35:50.595441 -60 -62 -82 -55 -55 
2016-05-19 23:35:50.786465 -61 -65 -77 -57 -65 
2016-05-19 23:35:50.893469 -63 -60 -75 -51 -62 
2016-05-19 23:35:51.002490 -65 -63 -65 -54 -65 
2016-05-19 23:35:51.173506 -74 -66 -67 -50 -60 
2016-05-19 23:35:51.276522 -58 -63 -56 -50 -64 
2016-05-19 23:35:51.446544 -55 -61 -59 -54 -67 
2016-05-19 23:35:51.554559 -56 -64 -58 -50 -67 
2016-05-19 23:35:51.658569 -59 -54 -62 -48 -60 
2016-05-19 23:35:51.866599 -52 -58 -60 -56 -64 
2016-05-19 23:35:51.970613 -56 -62 -60 -45 -71 
2016-05-19 23:35:52.077632 -51 -56 -65 -46 -60 
2016-05-19 23:35:52.280653 -52 -68 -59 -46 -68 
2016-05-19 23:35:52.382670 -48 -57 -56 -44 -54 
2016-05-19 23:35:52.524685 -50 -58 -52 -45 -61 
2016-05-19 23:35:52.707713 -54 -59 -51 -45 -53 
2016-05-19 23:35:53.004748 -51 -62 -59 -45 -56 
2016-05-19 23:35:53.107767 -52 -60 -54 -45 -59 
2016-05-19 23:35:53.213772 -58 -68 -60 -45 -57 
2016-05-19 23:35:53.322793 -53 -55 -65 -47 -59 
2016-05-19 23:35:53.428801 -57 -64 -60 -51 -56 
2016-05-19 23:35:53.646838 -54 -68 -56 -45 -60 
2016-05-19 23:35:53.745844 -52 -52 -56 -50 -57 
2016-05-19 23:35:53.847863 -59 -59 -60 -69 -61 
2016-05-19 23:35:53.952875 -51 -53 -69 -48 -60 
2016-05-19 23:35:54.060886 -57 -60 -59 -68 -59 
2016-05-19 23:35:54.262916 -51 -59 -63 -51 -62 
2016-05-19 23:35:54.454938 -50 -62 -60 -43 -63 
2016-05-19 23:35:54.558948 -67 -61 -52 -45 -62 
2016-05-19 23:35:54.679967 -52 -54 -64 -44 -57 
2016-05-19 23:35:54.833984 -61 -54 -55 -49 -58 
2016-05-19 23:35:54.935001 -59 -55 -54 -48 -59 
2016-05-19 23:35:55.041014 -59 -54 -58 -55 -61 
2016-05-19 23:35:55.192034 -55 -54 -57 -45 -72 
2016-05-19 23:35:55.320099 -63 -51 -46 -56 -76 
2016-05-19 23:35:55.523089 -56 -54 -54 -53 -62 
2016-05-19 23:35:55.738120 -56 -58 -51 -49 -60 
2016-05-19 23:35:55.847127 -52 -55 -50 -48 -65 
2016-05-19 23:35:55.955140 -61 -54 -60 -63 -56 
2016-05-19 23:35:56.195171 -62 -61 -52 -48 -62 
2016-05-19 23:35:56.295185 -55 -57 -64 -55 -62 
2016-05-19 23:35:56.438210 -55 -71 -51 -51 -67 
2016-05-19 23:35:56.538222 -51 -52 -52 -45 -58 
2016-05-19 23:35:56.686236 -56 -59 -50 -54 -61 
2016-05-19 23:35:56.814249 -55 -57 -51 -47 -80 
2016-05-19 23:35:56.921267 -53 -58 -51 -42 -66 
2016-05-19 23:35:57.210305 -56 -60 -58 -44 -64 
2016-05-19 23:35:57.397329 -75 -74 -59 -53 -65 
2016-05-19 23:35:57.499340 -61 -55 -70 -50 -60 
2016-05-19 23:35:57.602356 -58 -70 -61 -49 -62 
2016-05-19 23:35:57.704367 -68 -58 -71 -51 -66 
2016-05-19 23:35:58.021411 -64 -62 -71 -48 -63 
2016-05-19 23:35:58.136425 -71 -59 -70 -49 -60 
2016-05-19 23:35:58.319447 -66 -60 -78 -48 -71 
2016-05-19 23:35:58.424460 -60 -53 -67 -50 -74 
2016-05-19 23:35:58.532477 -67 -59 -65 -63 -63 
2016-05-19 23:35:58.676496 -60 -59 -63 -49 -66 
2016-05-19 23:35:58.883530 -61 -59 -65 -47 -56 
2016-05-19 23:35:58.986548 -62 -55 -59 -47 -53 
2016-05-19 23:35:59.153563 -63 -62 -63 -48 -53 
2016-05-19 23:35:59.256572 -65 -57 -59 -60 -68 
2016-05-19 23:35:59.364583 -61 -63 -62 -48 -64 
2016-05-19 23:35:59.588620 -65 -67 -59 -54 -68 
2016-05-19 23:35:59.686655 -63 -67 -66 -48 -67 
495
