322 1
-74 -69 -76 -71 -75 
-74 -68 -77 -71 -77 
-72 -71 -76 -71 -83 
-74 -69 -78 -71 -77 
-73 -70 -74 -71 -76 
-72 -69 -77 -71 -76 
-73 -71 -79 -71 -78 
-73 -71 -78 -71 -80 
-72 -69 -78 -69 -82 
-73 -71 -79 -71 -76 
-72 -69 -76 -70 -77 
-73 -71 -78 -70 -83 
-72 -69 -76 -71 -77 
-73 -68 -77 -71 -77 
-72 -71 -78 -71 -75 
-73 -69 -77 -70 -76 
-72 -68 -78 -70 -75 
-73 -69 -79 -69 -83 
-73 -69 -78 -72 -77 
-73 -71 -78 -70 -76 
-73 -71 -77 -71 -76 
-72 -68 -78 -70 -76 
-74 -69 -79 -71 -77 
-74 -69 -78 -70 -74 
-74 -68 -77 -70 -75 
-74 -69 -76 -70 -75 
-72 -71 -77 -71 -75 
-74 -69 -76 -70 -84 
-72 -69 -75 -70 -75 
-72 -69 -78 -69 -75 
-72 -68 -79 -71 -77 
-74 -71 -78 -71 -82 
-72 -69 -76 -71 -77 
-74 -69 -78 -71 -79 
-74 -69 -77 -71 -77 
-72 -68 -77 -72 -76 
-74 -69 -75 -70 -77 
-74 -69 -76 -70 -83 
-74 -70 -75 -71 -79 
-74 -68 -78 -70 -84 
-74 -69 -76 -70 -76 
-72 -71 -76 -69 -85 
-75 -69 -78 -72 -75 
-74 -69 -75 -71 -75 
-74 -68 -78 -72 -83 
-74 -69 -76 -68 -77 
-72 -69 -75 -72 -83 
-74 -69 -77 -71 -77 
-74 -70 -75 -70 -82 
-73 -68 -76 -71 -78 
-73 -70 -78 -70 -77 
-73 -70 -76 -70 -78 
-72 -69 -74 -70 -85 
-72 -70 -79 -70 -77 
-75 -69 -76 -69 -75 
-74 -69 -77 -68 -78 
-73 -69 -75 -71 -78 
-74 -69 -78 -71 -75 
-72 -69 -79 -71 -76 
-74 -68 -79 -71 -75 
-72 -69 -78 -70 -78 
-72 -68 -79 -71 -79 
-73 -70 -79 -69 -76 
-73 -69 -76 -71 -77 
-72 -69 -79 -70 -85 
-72 -70 -79 -70 -81 
-73 -68 -76 -70 -77 
-73 -69 -78 -71 -85 
-72 -68 -76 -71 -77 
-74 -69 -78 -70 -84 
-75 -70 -78 -71 -76 
-75 -71 -78 -71 -76 
-74 -70 -79 -70 -80 
-73 -71 -78 -71 -77 
-73 -69 -75 -71 -83 
-72 -69 -78 -70 -78 
-74 -69 -79 -71 -84 
-73 -70 -76 -71 -80 
-74 -71 -78 -71 -77 
-74 -69 -76 -70 -84 
-72 -71 -79 -71 -75 
-72 -69 -78 -70 -84 
-74 -69 -76 -70 -79 
-72 -71 -76 -71 -77 
-75 -69 -78 -70 -75 
-73 -71 -76 -71 -78 
-74 -69 -78 -70 -75 
-75 -71 -76 -70 -75 
-73 -68 -77 -70 -83 
-75 -68 -77 -71 -79 
-75 -69 -79 -70 -80 
-74 -69 -76 -70 -77 
-75 -69 -78 -71 -84 
-72 -69 -76 -70 -76 
-74 -69 -78 -70 -77 
-73 -69 -76 -70 -75 
-74 -69 -78 -70 -75 
-75 -70 -77 -69 -84 
-73 -69 -76 -70 -75 
-75 -69 -78 -69 -79 
-73 -69 -77 -70 -78 
-75 -69 -77 -72 -76 
-73 -71 -78 -70 -75 
-74 -70 -77 -70 -76 
-75 -69 -77 -72 -84 
-75 -69 -77 -70 -77 
-73 -71 -78 -69 -79 
-74 -69 -76 -69 -75 
-74 -69 -78 -71 -78 
-73 -69 -79 -69 -75 
-75 -69 -76 -72 -84 
-72 -71 -78 -70 -75 
-74 -70 -77 -71 -77 
-74 -71 -79 -70 -76 
-73 -69 -79 -70 -78 
-75 -69 -78 -70 -76 
-73 -69 -77 -70 -76 
-73 -70 -77 -70 -76 
-73 -69 -79 -72 -86 
-75 -71 -76 -70 -77 
-74 -69 -78 -70 -87 
-73 -71 -75 -72 -77 
-74 -71 -78 -70 -76 
-73 -69 -76 -72 -75 
-73 -70 -79 -72 -81 
-73 -69 -78 -70 -76 
-73 -70 -77 -71 -79 
-74 -71 -79 -69 -82 
-73 -69 -78 -72 -77 
-74 -69 -75 -70 -83 
-73 -70 -76 -70 -79 
-75 -71 -79 -69 -80 
-72 -69 -76 -71 -77 
-75 -69 -78 -69 -75 
-72 -69 -75 -71 -77 
-75 -70 -78 -71 -76 
-72 -69 -75 -70 -81 
-74 -69 -79 -71 -75 
-75 -70 -76 -69 -76 
-72 -69 -75 -73 -83 
-73 -69 -78 -70 -77 
-74 -68 -78 -70 -83 
-73 -69 -77 -70 -76 
-74 -69 -78 -70 -75 
-74 -71 -78 -70 -76 
-73 -69 -78 -69 -79 
-73 -69 -78 -70 -75 
-72 -69 -78 -69 -85 
-74 -69 -76 -70 -75 
-72 -70 -79 -70 -83 
-72 -69 -78 -70 -83 
-72 -70 -77 -70 -84 
-74 -71 -79 -71 -77 
-72 -69 -77 -69 -83 
-75 -69 -75 -70 -78 
-74 -69 -77 -71 -80 
-73 -69 -79 -71 -84 
-73 -69 -77 -71 -75 
-72 -69 -78 -69 -76 
-73 -69 -76 -71 -75 
-73 -69 -78 -71 -78 
-73 -70 -76 -70 -75 
-73 -69 -78 -71 -77 
-76 -69 -76 -70 -75 
-73 -70 -78 -70 -75 
-73 -69 -77 -69 -78 
-73 -70 -78 -69 -76 
-74 -69 -75 -70 -75 
-72 -69 -77 -70 -80 
-75 -71 -75 -71 -78 
-72 -71 -79 -70 -81 
-74 -71 -77 -71 -76 
-74 -69 -76 -70 -75 
-72 -69 -76 -70 -83 
-74 -69 -76 -71 -83 
-73 -70 -78 -71 -80 
-73 -69 -76 -71 -78 
-73 -69 -77 -70 -84 
-74 -70 -79 -70 -75 
-74 -69 -78 -71 -74 
-73 -70 -77 -70 -83 
-71 -69 -77 -70 -79 
-76 -69 -76 -72 -78 
-76 -69 -79 -70 -80 
-72 -69 -75 -69 -86 
-74 -70 -76 -72 -78 
-72 -69 -77 -70 -76 
-74 -70 -75 -72 -76 
-73 -70 -79 -69 -86 
-76 -69 -75 -71 -76 
-74 -69 -78 -71 -77 
-74 -69 -77 -71 -75 
-76 -70 -78 -70 -84 
-72 -68 -77 -71 -77 
-78 -71 -80 -70 -85 
-74 -68 -75 -71 -78 
-75 -69 -79 -70 -84 
-74 -69 -76 -71 -79 
-77 -70 -80 -69 -75 
-74 -69 -82 -71 -81 
-74 -69 -76 -71 -86 
-74 -69 -81 -71 -78 
-72 -69 -75 -70 -87 
-76 -68 -79 -72 -77 
-77 -69 -79 -70 -77 
-76 -69 -77 -71 -78 
-73 -68 -77 -70 -81 
-74 -70 -77 -71 -75 
-73 -69 -80 -71 -76 
-74 -70 -79 -72 -85 
-73 -69 -81 -71 -76 
-73 -69 -79 -71 -86 
-76 -69 -75 -71 -76 
-73 -69 -79 -71 -76 
-73 -69 -77 -71 -77 
-74 -69 -77 -72 -80 
-74 -70 -75 -71 -86 
-72 -69 -78 -72 -78 
-74 -69 -76 -71 -86 
-75 -69 -79 -73 -78 
-76 -68 -75 -71 -76 
-74 -69 -79 -72 -78 
-73 -70 -79 -71 -79 
-75 -68 -75 -71 -86 
-74 -69 -79 -71 -78 
-73 -69 -75 -71 -76 
-74 -70 -77 -71 -76 
-72 -70 -77 -71 -79 
-75 -70 -79 -71 -87 
-75 -69 -75 -71 -76 
-73 -69 -77 -71 -76 
-72 -69 -77 -71 -79 
-75 -70 -76 -71 -79 
-76 -70 -78 -71 -85 
-76 -70 -77 -71 -82 
-74 -70 -79 -71 -87 
-74 -69 -78 -71 -80 
-74 -69 -75 -70 -81 
-72 -69 -77 -71 -77 
-77 -69 -80 -71 -79 
-74 -69 -78 -71 -76 
-74 -69 -79 -71 -78 
-73 -69 -75 -71 -76 
-77 -69 -78 -72 -78 
-73 -69 -79 -71 -86 
-75 -68 -79 -71 -76 
-74 -69 -78 -71 -87 
-72 -69 -77 -71 -79 
-74 -70 -75 -71 -76 
-72 -69 -78 -71 -87 
-76 -70 -75 -71 -77 
-75 -68 -77 -72 -78 
-72 -69 -75 -71 -77 
-74 -69 -78 -71 -77 
-76 -69 -75 -70 -81 
-72 -70 -80 -70 -77 
-75 -70 -75 -70 -76 
-75 -70 -77 -71 -81 
-74 -68 -79 -72 -78 
-74 -69 -78 -70 -86 
-76 -70 -81 -71 -78 
-75 -69 -74 -71 -81 
-73 -69 -75 -71 -81 
-76 -70 -78 -71 -87 
-73 -70 -80 -71 -77 
-73 -69 -74 -71 -86 
-73 -69 -79 -71 -79 
-73 -70 -79 -71 -77 
-72 -69 -74 -70 -77 
-74 -70 -78 -70 -76 
-75 -69 -74 -72 -78 
-74 -69 -79 -70 -76 
-76 -68 -77 -72 -76 
-73 -68 -74 -71 -77 
-76 -68 -79 -72 -76 
-74 -69 -74 -70 -77 
-76 -68 -79 -71 -84 
-73 -69 -81 -71 -78 
-73 -68 -81 -72 -77 
-73 -69 -80 -71 -77 
-73 -70 -74 -71 -86 
-74 -68 -80 -70 -78 
-74 -69 -74 -70 -76 
-76 -69 -79 -70 -77 
-76 -68 -74 -70 -76 
-74 -68 -80 -70 -78 
-74 -68 -81 -70 -78 
-73 -69 -81 -73 -76 
-73 -68 -81 -70 -76 
-74 -68 -80 -70 -78 
-74 -68 -79 -71 -86 
-73 -70 -78 -71 -77 
-76 -69 -77 -70 -76 
-72 -68 -79 -71 -78 
-73 -70 -76 -71 -80 
-74 -69 -74 -70 -77 
-77 -69 -75 -70 -77 
-76 -70 -75 -71 -76 
-73 -68 -79 -70 -75 
-73 -69 -75 -69 -76 
-79 -68 -77 -69 -84 
-72 -67 -77 -69 -78 
-72 -70 -77 -69 -84 
-73 -71 -78 -70 -77 
-73 -68 -79 -70 -79 
-73 -70 -75 -67 -78 
-73 -69 -74 -70 -78 
-73 -69 -80 -69 -83 
-72 -69 -74 -69 -77 
-73 -70 -79 -70 -79 
-73 -67 -77 -72 -82 
-77 -70 -77 -71 -84 
-73 -69 -78 -69 -75 
-74 -70 -80 -69 -82 
-74 -69 -74 -71 -81 
-75 -68 -77 -71 -81 
-77 -71 -75 -69 -81 
-78 -67 -81 -70 -80 
-79 -69 -75 -76 -79 
-76 -67 -77 -68 -75 
-85 -68 -81 -75 -74 
-77 -67 -80 -71 -76 