301 10
-70 -79 -72 -73 -80 
-70 -79 -72 -71 -80 
-72 -76 -78 -70 -71 
-70 -80 -72 -74 -80 
-72 -79 -79 -70 -71 
-71 -77 -72 -71 -71 
-71 -77 -75 -74 -80 
-71 -79 -73 -73 -71 
-71 -77 -72 -73 -71 
-71 -80 -75 -73 -78 
-72 -78 -72 -72 -71 
-73 -77 -77 -71 -71 
-71 -80 -73 -73 -72 
-72 -77 -73 -71 -79 
-71 -78 -72 -73 -71 
-71 -78 -78 -73 -70 
-71 -81 -75 -73 -74 
-71 -79 -72 -74 -71 
-71 -78 -78 -74 -71 
-71 -81 -72 -74 -77 
-71 -78 -78 -74 -71 
-71 -78 -75 -74 -74 
-71 -78 -74 -73 -74 
-72 -79 -71 -69 -78 
-71 -78 -78 -74 -78 
-72 -79 -75 -74 -77 
-71 -81 -72 -74 -71 
-72 -79 -78 -74 -70 
-71 -78 -72 -69 -71 
-72 -81 -77 -73 -77 
-71 -78 -73 -69 -72 
-71 -81 -75 -71 -71 
-71 -78 -78 -74 -70 
-71 -78 -72 -69 -77 
-71 -77 -78 -74 -78 
-71 -78 -74 -74 -78 
-72 -78 -72 -69 -70 
-71 -78 -75 -69 -77 
-71 -78 -72 -74 -70 
-71 -79 -75 -74 -70 
-72 -81 -73 -74 -71 
-71 -79 -72 -74 -74 
-71 -78 -73 -74 -71 
-71 -78 -73 -74 -73 
-71 -77 -73 -74 -71 
-71 -78 -78 -74 -78 
-71 -81 -72 -74 -71 
-71 -78 -74 -74 -78 
-72 -78 -78 -74 -71 
-72 -81 -72 -74 -70 
-71 -78 -72 -74 -71 
-72 -81 -72 -74 -78 
-71 -77 -73 -69 -72 
-72 -81 -77 -74 -70 
-71 -78 -73 -74 -71 
-72 -79 -77 -69 -70 
-71 -78 -74 -71 -71 
-71 -81 -78 -69 -71 
-71 -78 -78 -74 -78 
-71 -79 -73 -74 -70 
-72 -79 -78 -69 -72 
-70 -78 -78 -74 -78 
-71 -78 -72 -73 -78 
-71 -79 -72 -71 -75 
-71 -79 -75 -74 -74 
-71 -77 -72 -74 -70 
-72 -78 -73 -74 -78 
-71 -78 -72 -74 -72 
-71 -81 -77 -69 -78 
-71 -77 -72 -74 -72 
-71 -81 -77 -69 -78 
-71 -78 -75 -74 -72 
-72 -79 -74 -74 -74 
-72 -81 -75 -74 -72 
-72 -79 -75 -72 -73 
-72 -79 -73 -74 -72 
-71 -79 -73 -74 -70 
-72 -80 -77 -69 -72 
-71 -78 -73 -69 -78 
-71 -79 -75 -69 -71 
-71 -79 -75 -69 -78 
-72 -80 -72 -74 -78 
-71 -78 -78 -73 -71 
-72 -78 -73 -74 -78 
-72 -81 -78 -69 -74 
-71 -78 -73 -74 -72 
-72 -79 -73 -69 -78 
-71 -78 -73 -74 -71 
-71 -79 -72 -74 -72 
-71 -79 -78 -71 -72 
-73 -81 -72 -74 -70 
-71 -77 -72 -69 -75 
-71 -79 -75 -69 -78 
-72 -81 -73 -74 -70 
-72 -78 -72 -69 -77 
-71 -79 -72 -69 -70 
-72 -82 -73 -74 -72 
-71 -78 -72 -69 -70 
-71 -79 -73 -74 -72 
-72 -81 -72 -69 -78 
-71 -78 -74 -70 -72 
-72 -81 -78 -74 -78 
-71 -81 -72 -74 -75 
-71 -78 -78 -74 -71 
-71 -79 -75 -74 -76 
-71 -78 -72 -69 -71 
-72 -81 -73 -74 -72 
-71 -78 -78 -69 -71 
-72 -81 -73 -74 -72 
-71 -78 -78 -72 -71 
-72 -81 -73 -73 -72 
-72 -78 -78 -74 -78 
-72 -80 -75 -72 -70 
-72 -79 -72 -74 -72 
-71 -78 -75 -73 -78 
-72 -79 -72 -74 -72 
-71 -81 -78 -74 -78 
-71 -78 -72 -69 -72 
-71 -79 -72 -70 -71 
-71 -79 -72 -70 -72 
-72 -81 -73 -73 -72 
-71 -78 -72 -70 -78 
-72 -81 -74 -74 -71 
-71 -81 -78 -74 -72 
-72 -79 -74 -73 -70 
-72 -78 -72 -69 -74 
-71 -79 -78 -74 -72 
-72 -79 -73 -71 -78 
-71 -79 -73 -71 -78 
-71 -79 -73 -70 -78 
-71 -79 -73 -74 -78 
-71 -79 -72 -73 -72 
-72 -78 -73 -69 -71 
-71 -79 -72 -74 -71 
-71 -81 -78 -74 -71 
-72 -78 -72 -74 -70 
-71 -78 -74 -73 -72 
-71 -81 -79 -74 -70 
-71 -81 -73 -74 -73 
-72 -78 -73 -73 -72 
-72 -78 -72 -74 -71 
-71 -82 -73 -72 -71 
-71 -78 -71 -74 -78 
-71 -78 -73 -71 -78 
-72 -79 -72 -70 -72 
-71 -79 -74 -74 -71 
-71 -79 -72 -74 -72 
-71 -78 -78 -72 -74 
-72 -81 -74 -71 -78 
-71 -78 -75 -74 -71 
-71 -79 -72 -74 -74 
-70 -80 -74 -71 -76 
-72 -76 -74 -74 -78 
-71 -78 -80 -69 -72 
-71 -76 -72 -74 -71 
-71 -76 -76 -73 -78 
-71 -77 -74 -74 -72 
-71 -79 -73 -74 -71 
-71 -80 -75 -71 -77 
-71 -78 -73 -74 -71 
-72 -81 -79 -72 -71 
-71 -81 -78 -74 -71 
-72 -80 -73 -71 -71 
-71 -77 -77 -69 -71 
-71 -78 -73 -71 -73 
-71 -77 -72 -73 -72 
-72 -76 -73 -73 -75 
-71 -82 -72 -73 -70 
-72 -77 -76 -74 -80 
-70 -82 -73 -69 -71 
-71 -79 -73 -69 -71 
-70 -77 -72 -74 -78 
-71 -80 -72 -71 -71 
-72 -81 -73 -74 -70 
-70 -75 -77 -71 -72 
-71 -78 -75 -73 -72 
-71 -76 -72 -74 -71 
-72 -77 -72 -71 -71 
-71 -79 -76 -71 -77 
-71 -77 -74 -76 -71 
-71 -79 -76 -74 -73 
-71 -79 -76 -73 -73 
-71 -77 -71 -69 -70 
-70 -78 -72 -71 -71 
-72 -77 -72 -73 -71 
-71 -78 -75 -72 -74 
-72 -78 -74 -75 -83 
-73 -78 -74 -71 -73 
-71 -79 -74 -75 -71 
-71 -75 -77 -71 -68 
-70 -78 -72 -76 -71 
-74 -75 -73 -72 -71 
-70 -78 -72 -76 -82 
-72 -75 -72 -73 -77 
-72 -78 -75 -71 -70 
-70 -79 -75 -73 -78 
-68 -80 -73 -73 -73 
-69 -79 -74 -71 -72 
-69 -76 -75 -72 -72 
-70 -77 -73 -72 -73 
-69 -81 -74 -69 -71 
-73 -77 -73 -73 -71 
-70 -75 -76 -75 -72 
-72 -82 -72 -73 -78 
-70 -75 -77 -77 -75 
-73 -78 -73 -74 -74 
-70 -78 -73 -73 -70 
-76 -76 -75 -72 -73 
-87 -75 -70 -72 -71 
-84 -85 -73 -72 -70 
-80 -80 -72 -71 -70 
-78 -79 -73 -73 -73 
-79 -74 -74 -72 -73 
-80 -79 -75 -72 -73 
-84 -83 -75 -72 -70 
-80 -80 -73 -72 -71 
-84 -75 -73 -74 -75 
-80 -79 -80 -73 -74 
-80 -75 -76 -73 -73 
-80 -83 -71 -73 -70 
-79 -80 -79 -73 -73 
-86 -79 -76 -72 -71 
-86 -83 -76 -72 -73 
-80 -83 -71 -72 -70 
-79 -84 -76 -71 -71 
-82 -78 -76 -73 -70 
-79 -78 -77 -71 -73 
-79 -80 -71 -72 -73 
-87 -83 -77 -74 -71 
-87 -75 -72 -71 -73 
-80 -82 -72 -73 -76 
-88 -79 -77 -73 -71 
-88 -76 -77 -73 -71 
-85 -76 -75 -72 -71 
-85 -85 -76 -72 -71 
-86 -80 -77 -73 -73 
-78 -75 -75 -73 -73 
-79 -85 -74 -71 -72 
-84 -75 -73 -73 -71 
-86 -75 -67 -71 -70 
-81 -82 -70 -75 -69 
-79 -75 -71 -73 -69 
-79 -84 -75 -75 -74 
-83 -74 -76 -74 -74 
-75 -79 -73 -71 -73 
-74 -73 -77 -71 -70 
-78 -75 -72 -75 -70 
-78 -74 -73 -71 -71 
-77 -82 -73 -72 -79 
-75 -76 -78 -71 -75 
-77 -84 -73 -78 -70 
-73 -75 -74 -72 -72 
-71 -76 -79 -72 -84 
-72 -79 -75 -71 -83 
-74 -79 -73 -72 -73 
-73 -79 -74 -71 -70 
-77 -79 -73 -72 -70 
-84 -77 -75 -72 -75 
-84 -78 -71 -74 -80 
-79 -80 -73 -70 -71 
-76 -77 -74 -71 -74 
-78 -78 -69 -70 -74 
-78 -78 -75 -71 -76 
-79 -80 -81 -72 -71 
-74 -79 -76 -71 -71 
-75 -76 -73 -68 -70 
-74 -80 -75 -70 -78 
-73 -78 -72 -65 -69 
-73 -79 -76 -67 -72 
-76 -78 -75 -69 -70 
-71 -77 -71 -68 -70 
-71 -83 -70 -72 -72 
-73 -79 -74 -73 -70 
-75 -80 -76 -70 -72 
-71 -86 -74 -76 -73 
-73 -78 -75 -73 -72 
-76 -77 -76 -76 -69 
-72 -81 -74 -71 -71 
-74 -74 -72 -69 -69 
-73 -82 -77 -75 -74 
-75 -79 -72 -69 -76 
-74 -83 -75 -70 -72 
-79 -73 -71 -77 -76 
-81 -79 -72 -77 -75 
-75 -79 -72 -71 -77 
-71 -78 -73 -71 -79 
-71 -84 -75 -75 -72 
-70 -79 -73 -74 -72 
-70 -83 -72 -71 -83 
-70 -78 -75 -71 -74 
-71 -77 -76 -72 -73 
-69 -74 -72 -70 -74 
-72 -80 -77 -73 -72 
-70 -80 -73 -73 -74 
-70 -79 -71 -72 -71 
-70 -83 -73 -75 -73 
-71 -81 -76 -69 -71 
-70 -78 -72 -74 -74 
-69 -81 -74 -73 -75 
-72 -74 -78 -73 -79 
-72 -84 -72 -73 -73 