279 11
-69 -73 -71 -71 -76 
-71 -82 -87 -70 -80 
-68 -82 -78 -75 -75 
-67 -74 -79 -78 -75 
-65 -81 -78 -76 -75 
-67 -80 -79 -76 -71 
-68 -73 -81 -71 -75 
-65 -76 -86 -81 -78 
-68 -74 -82 -71 -81 
-67 -83 -79 -73 -75 
-66 -74 -71 -80 -71 
-69 -83 -71 -73 -80 
-69 -77 -71 -76 -73 
-68 -80 -71 -70 -74 
-67 -81 -81 -81 -81 
-69 -80 -71 -70 -71 
-67 -73 -81 -81 -81 
-69 -72 -80 -71 -71 
-67 -77 -85 -74 -76 
-69 -73 -81 -80 -76 
-67 -79 -85 -72 -83 
-72 -73 -70 -80 -76 
-70 -81 -71 -76 -77 
-68 -76 -71 -74 -77 
-71 -75 -77 -70 -77 
-69 -76 -82 -72 -70 
-66 -80 -71 -81 -82 
-66 -77 -80 -81 -70 
-71 -80 -71 -70 -76 
-69 -81 -85 -71 -76 
-66 -78 -75 -79 -74 
-69 -73 -71 -73 -82 
-66 -80 -85 -80 -76 
-70 -73 -71 -76 -76 
-66 -81 -80 -73 -71 
-69 -80 -80 -80 -76 
-68 -81 -71 -76 -71 
-69 -81 -81 -75 -74 
-67 -73 -85 -71 -76 
-71 -82 -80 -80 -81 
-68 -82 -80 -76 -73 
-66 -80 -80 -76 -71 
-68 -76 -80 -71 -82 
-71 -81 -69 -73 -71 
-68 -81 -86 -72 -76 
-66 -73 -85 -81 -76 
-69 -81 -80 -73 -70 
-66 -73 -86 -73 -78 
-68 -81 -71 -80 -71 
-71 -73 -85 -73 -82 
-69 -80 -71 -71 -76 
-69 -73 -78 -73 -82 
-66 -80 -86 -71 -76 
-71 -73 -71 -73 -71 
-71 -73 -80 -81 -76 
-66 -79 -71 -73 -71 
-71 -73 -80 -80 -71 
-66 -79 -86 -73 -83 
-69 -80 -82 -76 -73 
-70 -72 -85 -73 -82 
-68 -82 -78 -71 -73 
-66 -72 -71 -80 -71 
-68 -80 -71 -71 -76 
-69 -77 -71 -76 -79 
-68 -81 -71 -71 -75 
-66 -73 -84 -80 -82 
-69 -79 -78 -73 -83 
-66 -73 -75 -80 -76 
-70 -80 -80 -76 -71 
-70 -81 -71 -73 -83 
-68 -81 -71 -80 -76 
-68 -73 -71 -75 -83 
-70 -77 -71 -72 -78 
-68 -80 -71 -71 -71 
-69 -79 -85 -71 -71 
-66 -81 -82 -74 -73 
-69 -73 -82 -73 -75 
-67 -79 -80 -71 -76 
-69 -75 -71 -71 -71 
-68 -76 -82 -75 -71 
-66 -81 -79 -73 -83 
-69 -79 -80 -75 -75 
-68 -79 -71 -76 -76 
-66 -81 -71 -73 -71 
-69 -80 -80 -80 -71 
-69 -80 -75 -76 -71 
-66 -79 -85 -73 -83 
-68 -73 -80 -76 -79 
-70 -79 -79 -75 -71 
-68 -73 -71 -72 -83 
-69 -79 -84 -73 -76 
-70 -73 -80 -81 -83 
-68 -76 -71 -71 -76 
-67 -80 -80 -71 -76 
-68 -76 -80 -73 -79 
-70 -81 -85 -80 -71 
-66 -79 -80 -73 -84 
-68 -80 -79 -80 -71 
-68 -73 -71 -74 -77 
-68 -79 -71 -72 -76 
-68 -76 -71 -71 -73 
-66 -79 -85 -71 -71 
-69 -73 -71 -73 -71 
-66 -76 -71 -72 -83 
-66 -79 -85 -71 -71 
-68 -73 -79 -71 -71 
-69 -78 -79 -80 -83 
-68 -79 -86 -71 -75 
-69 -73 -71 -74 -75 
-67 -79 -71 -71 -75 
-66 -81 -80 -71 -71 
-67 -81 -71 -80 -75 
-68 -79 -79 -71 -82 
-66 -81 -80 -71 -74 
-68 -75 -71 -80 -79 
-66 -79 -75 -71 -73 
-69 -82 -80 -80 -71 
-66 -73 -85 -71 -75 
-69 -79 -79 -80 -71 
-66 -81 -86 -71 -83 
-68 -79 -82 -74 -77 
-69 -77 -71 -80 -71 
-67 -73 -71 -71 -77 
-66 -79 -85 -80 -83 
-70 -79 -71 -72 -71 
-67 -73 -71 -77 -76 
-68 -76 -71 -72 -73 
-69 -77 -80 -80 -76 
-66 -82 -80 -80 -83 
-69 -80 -80 -71 -79 
-68 -75 -72 -70 -75 
-68 -72 -80 -71 -82 
-68 -78 -82 -69 -80 
-68 -81 -77 -77 -74 
-68 -73 -84 -76 -78 
-66 -82 -71 -71 -83 
-69 -82 -86 -72 -87 
-70 -76 -72 -71 -85 
-69 -81 -72 -76 -87 
-70 -77 -85 -74 -77 
-68 -82 -85 -74 -75 
-68 -83 -71 -71 -81 
-68 -79 -87 -71 -76 
-68 -80 -71 -75 -74 
-68 -83 -71 -76 -74 
-65 -80 -84 -72 -77 
-71 -74 -71 -69 -79 
-70 -80 -71 -69 -74 
-69 -86 -79 -70 -83 
-71 -76 -71 -70 -86 
-71 -74 -69 -70 -74 
-71 -79 -71 -71 -70 
-69 -76 -71 -70 -77 
-67 -83 -77 -71 -74 
-67 -79 -78 -70 -70 
-71 -79 -84 -76 -78 
-67 -74 -71 -75 -74 
-70 -80 -85 -76 -74 
-65 -79 -84 -81 -84 
-70 -74 -87 -72 -69 
-65 -79 -71 -82 -84 
-71 -75 -83 -72 -69 
-71 -75 -84 -76 -81 
-65 -78 -83 -73 -84 
-69 -79 -84 -68 -74 
-73 -75 -72 -68 -82 
-65 -78 -83 -78 -74 
-67 -78 -84 -78 -74 
-71 -76 -84 -71 -77 
-67 -84 -85 -77 -82 
-67 -76 -72 -78 -82 
-69 -78 -83 -82 -70 
-73 -79 -84 -73 -79 
-65 -78 -83 -84 -70 
-72 -84 -72 -73 -79 
-69 -79 -83 -68 -70 
-65 -75 -72 -73 -85 
-69 -82 -84 -69 -70 
-65 -75 -83 -84 -78 
-69 -77 -85 -69 -82 
-65 -75 -86 -73 -70 
-70 -75 -71 -73 -78 
-69 -76 -82 -68 -82 
-69 -76 -83 -78 -80 
-71 -77 -84 -76 -68 
-70 -73 -83 -72 -79 
-70 -72 -70 -73 -76 
-69 -83 -84 -71 -71 
-70 -83 -81 -78 -75 
-69 -75 -80 -72 -73 
-69 -75 -75 -81 -71 
-70 -72 -72 -71 -77 
-70 -79 -72 -81 -75 
-69 -79 -82 -71 -74 
-71 -72 -79 -71 -71 
-69 -80 -81 -81 -76 
-69 -72 -72 -72 -74 
-69 -78 -82 -82 -76 
-69 -72 -72 -72 -71 
-70 -72 -82 -71 -75 
-69 -79 -79 -72 -69 
-69 -80 -77 -72 -73 
-68 -77 -84 -76 -72 
-71 -72 -80 -71 -74 
-69 -78 -83 -73 -71 
-71 -79 -71 -73 -73 
-70 -79 -77 -72 -71 
-69 -79 -71 -71 -74 
-69 -72 -79 -72 -71 
-69 -75 -80 -73 -72 
-69 -79 -77 -70 -76 
-69 -80 -71 -76 -72 
-71 -79 -72 -77 -75 
-69 -79 -71 -77 -75 
-69 -80 -84 -81 -69 
-69 -79 -71 -73 -78 
-69 -80 -72 -80 -73 
-70 -75 -80 -77 -75 
-69 -79 -78 -73 -72 
-71 -80 -75 -81 -72 
-70 -79 -72 -76 -75 
-69 -72 -72 -73 -74 
-71 -79 -85 -81 -71 
-71 -72 -79 -71 -78 
-69 -76 -81 -71 -76 
-70 -72 -72 -71 -74 
-69 -79 -72 -71 -75 
-70 -79 -79 -72 -72 
-71 -79 -85 -79 -71 
-69 -79 -79 -76 -73 
-71 -80 -85 -80 -71 
-71 -79 -80 -71 -74 
-68 -79 -71 -71 -72 
-69 -80 -80 -74 -69 
-68 -79 -86 -72 -73 
-70 -80 -72 -79 -69 
-69 -80 -84 -75 -71 
-71 -80 -80 -71 -73 
-70 -72 -80 -71 -76 
-69 -79 -79 -75 -76 
-71 -80 -72 -73 -74 
-70 -77 -83 -77 -70 
-70 -79 -80 -76 -75 
-70 -75 -85 -76 -70 
-71 -79 -79 -71 -78 
-69 -72 -79 -80 -71 
-70 -79 -85 -71 -74 
-69 -79 -80 -73 -71 
-69 -80 -79 -71 -76 
-69 -79 -82 -71 -76 
-71 -72 -80 -77 -75 
-71 -79 -78 -76 -72 
-69 -79 -72 -81 -71 
-69 -75 -71 -71 -71 
-69 -79 -84 -71 -78 
-69 -72 -79 -73 -74 
-70 -80 -72 -71 -79 
-68 -72 -79 -80 -74 
-71 -79 -85 -71 -78 
-69 -72 -78 -80 -74 
-70 -80 -79 -72 -76 
-69 -79 -84 -80 -72 
-70 -80 -78 -76 -71 
-70 -80 -84 -74 -78 
-69 -74 -79 -71 -74 
-71 -77 -81 -72 -71 
-70 -82 -83 -71 -72 
-70 -78 -81 -72 -74 
-69 -75 -82 -72 -73 
-71 -80 -73 -70 -71 
-69 -78 -79 -81 -69 
-70 -76 -80 -69 -73 
-69 -72 -76 -72 -71 
-69 -75 -82 -69 -71 
-69 -71 -72 -68 -71 
-70 -80 -81 -75 -75 
-71 -83 -79 -69 -79 
-70 -76 -77 -69 -74 
-69 -73 -80 -78 -82 