208 12
-67 -81 -82 -75 -75 
-71 -82 -80 -76 -71 
-73 -89 -80 -79 -70 
-78 -88 -80 -84 -76 
-72 -86 -81 -78 -71 
-69 -82 -84 -81 -72 
-71 -86 -80 -73 -72 
-70 -83 -81 -74 -70 
-73 -81 -81 -83 -72 
-77 -82 -80 -85 -71 
-69 -78 -79 -82 -74 
-66 -83 -82 -75 -84 
-65 -81 -82 -76 -69 
-65 -89 -82 -78 -74 
-68 -88 -78 -78 -82 
-68 -86 -79 -76 -76 
-67 -84 -84 -75 -72 
-67 -85 -81 -77 -72 
-68 -85 -80 -76 -70 
-68 -82 -78 -75 -70 
-67 -83 -88 -75 -69 
-68 -81 -80 -83 -76 
-67 -84 -80 -82 -75 
-67 -83 -81 -76 -74 
-68 -84 -86 -74 -70 
-67 -87 -79 -74 -75 
-66 -86 -79 -77 -76 
-66 -86 -79 -78 -76 
-68 -85 -82 -74 -76 
-66 -85 -83 -84 -78 
-68 -79 -79 -75 -76 
-67 -89 -83 -76 -79 
-67 -82 -81 -77 -76 
-67 -81 -79 -77 -69 
-67 -83 -80 -79 -84 
-66 -83 -79 -80 -78 
-66 -85 -80 -84 -76 
-67 -83 -81 -81 -74 
-66 -85 -78 -79 -84 
-68 -87 -79 -75 -71 
-67 -88 -84 -76 -78 
-66 -83 -88 -77 -71 
-68 -80 -79 -79 -83 
-67 -84 -82 -80 -69 
-67 -80 -81 -77 -72 
-67 -85 -78 -78 -72 
-68 -81 -85 -74 -75 
-66 -81 -81 -82 -70 
-68 -86 -83 -79 -77 
-71 -86 -81 -79 -70 
-72 -81 -80 -79 -71 
-72 -80 -81 -76 -74 
-73 -87 -83 -84 -77 
-75 -83 -82 -80 -74 
-73 -87 -85 -80 -73 
-69 -84 -85 -77 -71 
-70 -84 -87 -74 -80 
-68 -79 -84 -83 -76 
-66 -84 -79 -77 -68 
-67 -86 -87 -75 -82 
-66 -87 -84 -77 -74 
-67 -80 -82 -78 -70 
-67 -82 -85 -76 -75 
-66 -90 -81 -76 -77 
-67 -82 -78 -76 -76 
-68 -86 -89 -75 -76 
-66 -83 -84 -78 -77 
-68 -84 -85 -79 -79 
-65 -80 -84 -81 -78 
-69 -88 -81 -75 -84 
-66 -83 -84 -79 -74 
-67 -81 -81 -80 -77 
-68 -89 -80 -74 -79 
-70 -82 -84 -79 -75 
-66 -83 -86 -81 -77 
-70 -86 -80 -80 -78 
-67 -84 -86 -75 -74 
-69 -89 -90 -79 -82 
-69 -82 -86 -74 -75 
-67 -84 -81 -74 -74 
-67 -82 -86 -81 -75 
-66 -80 -81 -82 -76 
-68 -83 -81 -81 -75 
-66 -83 -82 -81 -80 
-67 -86 -84 -79 -74 
-68 -84 -82 -80 -73 
-67 -80 -82 -75 -75 
-67 -87 -86 -76 -79 
-68 -82 -84 -75 -76 
-67 -86 -79 -80 -72 
-67 -86 -87 -78 -75 
-67 -89 -84 -81 -79 
-66 -80 -80 -82 -80 
-66 -83 -89 -85 -67 
-66 -81 -81 -75 -73 
-68 -84 -86 -80 -73 
-69 -85 -82 -78 -73 
-69 -89 -82 -75 -67 
-69 -85 -83 -80 -67 
-70 -85 -83 -77 -67 
-69 -85 -83 -81 -74 
-70 -84 -83 -75 -67 
-69 -86 -85 -81 -74 
-73 -85 -84 -75 -73 
-74 -88 -81 -75 -77 
-73 -87 -81 -76 -73 
-73 -83 -88 -74 -70 
-70 -83 -81 -74 -82 
-73 -82 -84 -79 -71 
-70 -87 -82 -78 -71 
-69 -82 -82 -84 -70 
-68 -86 -84 -76 -74 
-67 -83 -80 -78 -73 
-67 -80 -83 -75 -75 
-66 -80 -83 -77 -76 
-66 -81 -85 -85 -79 
-66 -80 -85 -88 -77 
-67 -82 -83 -90 -72 
-67 -80 -82 -77 -70 
-68 -83 -81 -76 -75 
-68 -83 -83 -88 -74 
-67 -84 -93 -75 -69 
-69 -83 -81 -75 -72 
-71 -83 -81 -77 -69 
-72 -84 -86 -77 -77 
-69 -83 -81 -77 -73 
-69 -84 -87 -83 -83 
-67 -92 -82 -80 -73 
-67 -83 -81 -82 -73 
-68 -85 -84 -81 -76 
-66 -85 -82 -78 -72 
-66 -81 -83 -84 -74 
-71 -81 -84 -81 -77 
-75 -83 -86 -76 -73 
-74 -81 -85 -82 -75 
-72 -81 -85 -88 -72 
-72 -81 -88 -75 -73 
-71 -83 -84 -74 -73 
-71 -85 -84 -85 -74 
-71 -81 -83 -74 -75 
-72 -83 -84 -75 -80 
-72 -81 -84 -75 -75 
-72 -85 -84 -76 -72 
-72 -83 -81 -76 -76 
-71 -81 -83 -76 -73 
-71 -81 -87 -76 -73 
-72 -81 -81 -76 -77 
-72 -82 -82 -76 -77 
-74 -83 -87 -83 -76 
-71 -83 -83 -75 -83 
-72 -81 -84 -75 -77 
-71 -84 -86 -76 -71 
-73 -85 -82 -76 -81 
-72 -84 -81 -77 -78 
-74 -89 -87 -90 -69 
-74 -83 -87 -80 -75 
-70 -83 -82 -76 -76 
-68 -87 -86 -76 -72 
-68 -88 -78 -83 -70 
-67 -85 -81 -79 -81 
-67 -84 -88 -81 -71 
-67 -87 -82 -79 -70 
-67 -81 -82 -79 -75 
-67 -86 -86 -77 -73 
-67 -85 -84 -78 -77 
-66 -84 -83 -81 -78 
-68 -86 -82 -84 -70 
-68 -84 -84 -74 -72 
-68 -83 -88 -80 -73 
-67 -91 -87 -75 -70 
-65 -86 -81 -78 -77 
-65 -87 -82 -76 -68 
-70 -86 -82 -86 -74 
-66 -90 -81 -79 -73 
-67 -83 -83 -76 -71 
-69 -85 -92 -76 -70 
-67 -86 -81 -79 -72 
-66 -80 -85 -75 -77 
-68 -83 -86 -76 -77 
-67 -83 -83 -75 -74 
-68 -83 -81 -86 -77 
-66 -84 -84 -79 -82 
-68 -81 -85 -78 -71 
-67 -84 -81 -82 -80 
-69 -80 -81 -75 -69 
-66 -88 -83 -78 -78 
-66 -85 -81 -76 -69 
-65 -92 -85 -86 -79 
-68 -84 -84 -75 -70 
-67 -86 -82 -83 -75 
-68 -81 -84 -80 -72 
-66 -86 -82 -78 -72 
-69 -88 -87 -79 -75 
-68 -84 -84 -74 -76 
-69 -83 -83 -83 -74 
-68 -81 -82 -76 -74 
-74 -82 -88 -80 -77 
-70 -83 -78 -77 -71 
-71 -85 -85 -76 -72 
-72 -81 -85 -75 -72 
-72 -81 -86 -77 -72 
-73 -84 -84 -79 -71 
-72 -84 -84 -79 -72 
-72 -86 -85 -75 -72 
-71 -86 -89 -77 -74 
-71 -80 -83 -78 -74 
-72 -83 -81 -78 -74 
-73 -79 -88 -77 -72 