294 13
-67 -76 -77 -72 -75 
-67 -77 -74 -69 -75 
-71 -81 -73 -75 -82 
-67 -72 -74 -70 -81 
-69 -77 -73 -78 -81 
-70 -77 -74 -75 -81 
-68 -73 -73 -75 -82 
-67 -73 -73 -69 -83 
-67 -77 -73 -69 -82 
-71 -77 -73 -69 -78 
-68 -77 -74 -75 -78 
-67 -77 -71 -69 -80 
-69 -78 -75 -75 -81 
-69 -72 -75 -75 -82 
-69 -72 -71 -69 -77 
-67 -72 -77 -69 -76 
-71 -73 -71 -69 -82 
-69 -72 -73 -85 -76 
-67 -72 -73 -69 -82 
-67 -83 -77 -75 -75 
-70 -73 -71 -85 -81 
-69 -73 -74 -77 -81 
-67 -77 -74 -77 -84 
-67 -72 -71 -70 -81 
-71 -83 -74 -86 -74 
-69 -76 -75 -72 -74 
-69 -72 -75 -72 -81 
-66 -72 -77 -70 -83 
-67 -72 -71 -75 -82 
-66 -78 -76 -75 -82 
-66 -78 -76 -76 -81 
-67 -75 -77 -84 -79 
-67 -72 -71 -70 -83 
-68 -78 -77 -74 -78 
-68 -77 -73 -70 -81 
-69 -73 -76 -85 -81 
-67 -73 -74 -72 -81 
-71 -85 -76 -75 -79 
-67 -84 -75 -76 -74 
-67 -73 -74 -80 -74 
-67 -72 -75 -75 -77 
-71 -72 -78 -86 -80 
-67 -72 -74 -72 -76 
-71 -72 -73 -74 -73 
-66 -73 -72 -83 -74 
-68 -72 -74 -72 -78 
-67 -72 -78 -83 -85 
-69 -73 -74 -76 -81 
-69 -73 -73 -76 -78 
-68 -73 -75 -72 -84 
-67 -72 -74 -83 -80 
-67 -77 -76 -75 -82 
-67 -73 -73 -73 -84 
-70 -83 -77 -70 -79 
-67 -72 -76 -81 -78 
-68 -73 -77 -69 -77 
-68 -78 -74 -75 -84 
-66 -73 -74 -69 -78 
-67 -73 -73 -75 -77 
-66 -83 -75 -75 -77 
-67 -72 -78 -86 -77 
-66 -72 -74 -75 -76 
-66 -84 -71 -86 -84 
-66 -72 -78 -81 -75 
-71 -72 -71 -72 -79 
-67 -84 -75 -70 -80 
-69 -78 -75 -89 -75 
-68 -72 -73 -72 -75 
-71 -72 -74 -70 -86 
-66 -73 -75 -75 -80 
-66 -83 -77 -87 -77 
-70 -72 -71 -76 -84 
-67 -78 -71 -86 -77 
-67 -72 -75 -75 -80 
-66 -84 -72 -81 -77 
-68 -75 -72 -75 -77 
-67 -73 -75 -70 -76 
-68 -72 -73 -80 -80 
-71 -83 -73 -70 -80 
-71 -79 -75 -86 -76 
-67 -73 -72 -70 -78 
-70 -73 -75 -70 -79 
-66 -72 -72 -75 -81 
-69 -72 -73 -70 -75 
-67 -73 -75 -70 -75 
-70 -84 -72 -85 -83 
-67 -73 -77 -75 -75 
-68 -85 -74 -70 -75 
-69 -76 -75 -70 -83 
-71 -73 -75 -75 -82 
-67 -73 -77 -70 -75 
-66 -73 -74 -70 -75 
-67 -73 -78 -70 -74 
-71 -78 -76 -70 -80 
-67 -72 -74 -71 -75 
-67 -72 -72 -86 -75 
-67 -84 -78 -71 -84 
-71 -73 -72 -75 -76 
-67 -72 -75 -75 -81 
-69 -78 -78 -70 -76 
-67 -76 -74 -76 -75 
-68 -73 -77 -70 -78 
-67 -82 -74 -76 -80 
-69 -74 -78 -70 -80 
-67 -84 -75 -79 -78 
-65 -73 -78 -70 -74 
-69 -83 -75 -75 -73 
-66 -77 -73 -75 -71 
-67 -78 -75 -75 -71 
-68 -74 -78 -74 -78 
-66 -77 -76 -70 -77 
-68 -71 -71 -80 -74 
-71 -74 -71 -74 -75 
-68 -85 -77 -80 -68 
-71 -74 -71 -71 -78 
-69 -74 -73 -74 -75 
-67 -73 -74 -78 -75 
-70 -74 -76 -78 -76 
-69 -72 -76 -72 -74 
-67 -74 -74 -74 -75 
-68 -72 -75 -82 -75 
-70 -73 -72 -70 -75 
-70 -72 -74 -76 -75 
-67 -73 -76 -84 -73 
-69 -74 -74 -77 -75 
-67 -74 -77 -77 -72 
-68 -72 -75 -74 -74 
-67 -74 -75 -70 -77 
-69 -74 -75 -74 -77 
-68 -72 -76 -72 -78 
-71 -87 -77 -75 -74 
-66 -73 -76 -75 -85 
-67 -86 -71 -82 -80 
-65 -73 -78 -72 -75 
-70 -72 -74 -79 -81 
-66 -84 -71 -74 -74 
-69 -72 -76 -74 -74 
-67 -79 -76 -74 -77 
-64 -72 -72 -74 -82 
-69 -75 -75 -74 -76 
-68 -73 -76 -70 -76 
-67 -73 -76 -82 -76 
-71 -73 -72 -70 -73 
-67 -83 -76 -82 -76 
-69 -72 -71 -70 -77 
-65 -80 -76 -81 -73 
-66 -77 -76 -75 -78 
-68 -74 -76 -75 -75 
-71 -71 -71 -70 -74 
-68 -71 -76 -80 -77 
-71 -72 -73 -76 -82 
-69 -74 -73 -72 -81 
-68 -78 -73 -71 -78 
-68 -75 -71 -76 -81 
-68 -74 -75 -75 -74 
-70 -81 -77 -71 -79 
-70 -74 -76 -71 -81 
-67 -72 -74 -70 -75 
-72 -73 -75 -71 -77 
-68 -74 -73 -71 -74 
-67 -78 -75 -74 -78 
-66 -72 -72 -83 -77 
-65 -74 -82 -75 -79 
-66 -72 -73 -76 -78 
-66 -84 -74 -71 -76 
-68 -77 -74 -77 -79 
-66 -72 -73 -75 -79 
-71 -74 -75 -76 -78 
-66 -72 -75 -73 -71 
-68 -72 -72 -79 -77 
-72 -74 -79 -73 -77 
-69 -72 -74 -75 -74 
-72 -73 -75 -79 -78 
-78 -81 -71 -72 -76 
-74 -72 -77 -80 -76 
-72 -73 -71 -72 -76 
-72 -72 -75 -75 -72 
-71 -73 -74 -75 -82 
-66 -81 -70 -73 -82 
-68 -72 -78 -82 -71 
-66 -72 -77 -78 -74 
-65 -83 -81 -72 -79 
-65 -72 -75 -77 -86 
-67 -76 -77 -78 -75 
-66 -74 -77 -71 -82 
-69 -77 -72 -75 -86 
-68 -75 -77 -82 -78 
-67 -71 -72 -71 -85 
-70 -74 -76 -80 -80 
-69 -83 -72 -71 -77 
-69 -74 -76 -79 -78 
-66 -73 -72 -71 -81 
-67 -74 -73 -76 -77 
-68 -74 -74 -78 -76 
-74 -82 -77 -70 -75 
-72 -72 -71 -82 -77 
-67 -72 -76 -72 -78 
-69 -75 -74 -72 -77 
-72 -72 -74 -79 -78 
-80 -74 -75 -70 -75 
-72 -72 -75 -80 -77 
-67 -86 -76 -70 -77 
-76 -71 -74 -79 -77 
-67 -75 -76 -70 -77 
-71 -73 -75 -81 -77 
-68 -82 -74 -74 -75 
-69 -74 -74 -70 -76 
-69 -73 -74 -78 -76 
-67 -74 -75 -80 -79 
-69 -72 -72 -71 -74 
-69 -85 -73 -70 -75 
-69 -72 -77 -75 -75 
-66 -84 -72 -82 -75 
-72 -73 -78 -70 -81 
-67 -83 -73 -71 -76 
-66 -76 -73 -78 -75 
-67 -80 -75 -86 -82 
-69 -72 -76 -80 -73 
-64 -82 -77 -72 -77 
-66 -78 -75 -72 -73 
-69 -73 -77 -74 -71 
-68 -75 -74 -72 -75 
-69 -74 -73 -72 -73 
-70 -84 -76 -76 -73 
-78 -72 -73 -72 -73 
-74 -73 -78 -71 -74 
-76 -73 -73 -80 -75 
-78 -75 -75 -74 -75 
-74 -79 -75 -74 -74 
-71 -78 -77 -83 -76 
-75 -74 -73 -74 -77 
-72 -78 -75 -81 -76 
-74 -73 -71 -74 -75 
-71 -75 -77 -76 -77 
-72 -72 -72 -78 -74 
-77 -78 -73 -74 -74 
-77 -74 -77 -80 -76 
-79 -73 -72 -75 -76 
-78 -71 -73 -77 -74 
-75 -73 -77 -72 -75 
-77 -85 -72 -76 -74 
-74 -72 -72 -74 -78 
-77 -73 -77 -72 -75 
-75 -72 -72 -72 -78 
-76 -74 -73 -72 -74 
-80 -83 -73 -78 -76 
-78 -79 -73 -73 -74 
-74 -72 -77 -77 -75 
-80 -84 -72 -74 -78 
-75 -73 -77 -77 -75 
-78 -73 -73 -73 -75 
-76 -72 -75 -74 -76 
-83 -74 -75 -74 -77 
-75 -73 -73 -73 -77 
-75 -72 -76 -74 -76 
-74 -72 -73 -75 -76 
-75 -73 -79 -75 -75 
-80 -73 -73 -74 -73 
-77 -72 -79 -76 -76 
-80 -73 -72 -75 -76 
-77 -73 -75 -75 -75 
-76 -85 -72 -72 -77 
-76 -72 -79 -75 -72 
-78 -79 -75 -74 -76 
-76 -71 -74 -76 -74 
-77 -72 -76 -78 -74 
-79 -79 -76 -74 -75 
-79 -72 -72 -76 -77 
-77 -73 -73 -74 -74 
-81 -73 -72 -73 -74 
-75 -73 -76 -74 -73 
-80 -72 -73 -73 -75 
-74 -73 -78 -78 -76 
-81 -72 -75 -74 -74 
-76 -72 -73 -74 -75 
-75 -71 -73 -72 -76 
-77 -72 -77 -73 -77 
-78 -72 -75 -73 -74 
-81 -73 -77 -73 -75 
-77 -72 -75 -74 -75 
-83 -74 -73 -72 -74 
-74 -73 -75 -72 -76 
-75 -73 -78 -74 -77 
-74 -72 -75 -75 -75 
-75 -85 -72 -74 -74 
-74 -72 -73 -72 -76 
-79 -72 -73 -74 -75 
-75 -72 -79 -77 -77 
-77 -72 -73 -73 -76 
-74 -73 -72 -74 -76 
-76 -72 -73 -77 -74 
-82 -86 -74 -74 -74 
-76 -72 -72 -73 -72 
-81 -73 -75 -77 -76 