267 14
-67 -74 -79 -79 -75 
-68 -75 -75 -81 -75 
-68 -75 -77 -79 -80 
-67 -75 -76 -81 -79 
-67 -73 -75 -79 -75 
-68 -73 -76 -80 -76 
-68 -75 -77 -81 -89 
-68 -75 -79 -79 -76 
-70 -74 -81 -79 -76 
-67 -76 -76 -79 -76 
-69 -75 -78 -80 -75 
-68 -76 -78 -81 -75 
-70 -75 -81 -79 -77 
-69 -73 -78 -80 -76 
-70 -76 -78 -79 -88 
-68 -81 -78 -81 -75 
-67 -73 -74 -81 -82 
-70 -73 -81 -81 -75 
-69 -75 -76 -79 -75 
-68 -74 -77 -80 -75 
-68 -75 -76 -78 -74 
-68 -74 -77 -80 -76 
-68 -74 -78 -80 -76 
-68 -75 -76 -81 -75 
-68 -74 -76 -78 -75 
-67 -75 -80 -81 -75 
-68 -74 -79 -81 -74 
-70 -73 -79 -79 -75 
-67 -75 -75 -82 -76 
-68 -74 -83 -81 -75 
-67 -75 -75 -81 -74 
-67 -74 -75 -84 -75 
-68 -73 -75 -83 -72 
-68 -74 -76 -80 -72 
-67 -74 -77 -80 -71 
-70 -73 -77 -82 -77 
-68 -75 -77 -83 -71 
-71 -75 -78 -88 -69 
-71 -74 -78 -81 -75 
-67 -81 -78 -83 -71 
-70 -71 -77 -80 -70 
-70 -80 -78 -83 -78 
-68 -73 -77 -82 -70 
-66 -75 -76 -79 -75 
-68 -75 -76 -80 -69 
-66 -74 -76 -87 -75 
-68 -79 -76 -78 -77 
-66 -73 -79 -80 -71 
-68 -80 -81 -81 -68 
-69 -73 -77 -81 -76 
-69 -80 -76 -78 -69 
-67 -73 -78 -79 -70 
-68 -75 -84 -77 -75 
-68 -86 -77 -85 -70 
-68 -75 -84 -78 -70 
-67 -75 -77 -81 -69 
-67 -85 -80 -80 -73 
-67 -75 -84 -81 -74 
-67 -75 -78 -77 -73 
-67 -75 -79 -81 -69 
-68 -85 -78 -81 -72 
-67 -76 -78 -77 -69 
-67 -75 -78 -77 -69 
-67 -79 -81 -77 -73 
-67 -79 -81 -78 -73 
-67 -75 -81 -82 -68 
-66 -75 -81 -81 -73 
-67 -81 -78 -77 -72 
-67 -75 -80 -76 -72 
-67 -75 -80 -81 -72 
-67 -75 -78 -77 -69 
-67 -76 -84 -81 -69 
-67 -74 -80 -77 -70 
-67 -75 -78 -77 -73 
-68 -75 -78 -81 -73 
-67 -75 -78 -77 -77 
-68 -75 -78 -78 -73 
-67 -75 -78 -81 -69 
-67 -75 -84 -81 -68 
-67 -75 -83 -76 -77 
-68 -75 -84 -81 -69 
-67 -78 -79 -81 -69 
-67 -75 -78 -81 -73 
-67 -80 -81 -81 -73 
-67 -75 -84 -86 -69 
-68 -75 -78 -81 -78 
-67 -74 -78 -76 -69 
-67 -75 -78 -77 -73 
-68 -75 -78 -81 -71 
-67 -75 -78 -76 -69 
-67 -74 -80 -77 -68 
-67 -75 -83 -86 -69 
-67 -75 -83 -77 -72 
-67 -75 -77 -79 -73 
-68 -75 -79 -81 -69 
-67 -75 -84 -81 -77 
-67 -76 -84 -77 -68 
-67 -85 -78 -77 -69 
-67 -74 -85 -77 -73 
-67 -74 -79 -79 -71 
-68 -75 -84 -81 -73 
-68 -75 -81 -77 -73 
-68 -75 -78 -77 -77 
-67 -74 -80 -77 -72 
-67 -75 -83 -81 -69 
-67 -85 -78 -76 -77 
-68 -75 -81 -77 -69 
-68 -75 -78 -82 -69 
-67 -75 -78 -76 -73 
-68 -86 -78 -86 -77 
-67 -75 -78 -76 -69 
-67 -75 -81 -77 -73 
-68 -75 -83 -79 -72 
-67 -75 -78 -86 -78 
-68 -75 -78 -76 -73 
-66 -75 -78 -77 -69 
-67 -74 -78 -77 -77 
-67 -80 -83 -81 -67 
-67 -75 -78 -77 -69 
-67 -75 -78 -86 -72 
-67 -76 -81 -77 -72 
-67 -76 -84 -79 -72 
-67 -76 -81 -81 -73 
-68 -74 -78 -80 -77 
-67 -75 -81 -81 -69 
-67 -75 -84 -83 -73 
-67 -76 -81 -81 -73 
-67 -76 -83 -83 -77 
-67 -74 -77 -81 -68 
-67 -75 -84 -81 -71 
-67 -75 -84 -81 -69 
-67 -76 -84 -81 -69 
-67 -78 -80 -77 -72 
-68 -75 -80 -86 -69 
-67 -75 -84 -81 -73 
-67 -75 -78 -79 -68 
-67 -80 -82 -77 -69 
-68 -75 -78 -76 -77 
-67 -75 -78 -81 -69 
-68 -75 -78 -81 -69 
-67 -74 -78 -77 -78 
-68 -85 -78 -81 -69 
-67 -75 -78 -82 -69 
-67 -75 -78 -77 -73 
-67 -85 -78 -86 -73 
-67 -75 -80 -81 -72 
-67 -75 -84 -79 -77 
-67 -75 -79 -77 -69 
-67 -85 -77 -86 -78 
-68 -75 -79 -77 -69 
-67 -81 -78 -81 -73 
-67 -75 -84 -81 -77 
-68 -76 -78 -77 -69 
-67 -75 -78 -79 -69 
-67 -80 -78 -81 -69 
-68 -75 -78 -77 -69 
-66 -75 -78 -83 -69 
-68 -75 -84 -86 -68 
-67 -75 -84 -86 -72 
-67 -76 -84 -77 -77 
-67 -75 -84 -77 -72 
-67 -74 -78 -81 -69 
-67 -75 -82 -81 -73 
-67 -75 -78 -78 -72 
-67 -75 -79 -86 -69 
-67 -86 -78 -77 -78 
-67 -75 -81 -77 -69 
-66 -75 -79 -81 -73 
-66 -87 -80 -77 -69 
-66 -74 -82 -81 -69 
-66 -80 -81 -78 -70 
-67 -75 -78 -81 -79 
-67 -74 -81 -78 -70 
-66 -79 -82 -77 -69 
-67 -75 -80 -81 -72 
-67 -74 -84 -81 -78 
-67 -75 -85 -82 -70 
-67 -74 -78 -81 -74 
-66 -74 -84 -80 -69 
-67 -74 -84 -77 -69 
-67 -75 -79 -77 -69 
-67 -76 -85 -86 -78 
-67 -76 -85 -77 -69 
-67 -85 -77 -81 -69 
-66 -75 -78 -81 -69 
-66 -75 -80 -83 -69 
-66 -79 -77 -78 -70 
-66 -75 -81 -80 -72 
-67 -74 -77 -79 -72 
-67 -83 -76 -80 -73 
-67 -73 -76 -81 -71 
-67 -83 -83 -79 -80 
-69 -74 -76 -80 -75 
-68 -73 -79 -82 -70 
-69 -75 -83 -83 -71 
-70 -75 -77 -82 -69 
-68 -75 -77 -79 -78 
-68 -73 -78 -79 -73 
-68 -74 -81 -80 -76 
-67 -74 -77 -85 -72 
-68 -84 -79 -84 -72 
-68 -73 -76 -86 -68 
-68 -73 -77 -80 -72 
-67 -73 -77 -81 -76 
-67 -73 -74 -78 -73 
-67 -80 -80 -80 -75 
-68 -79 -78 -78 -75 
-66 -75 -78 -83 -73 
-68 -74 -78 -83 -75 
-67 -78 -77 -82 -77 
-68 -75 -77 -79 -75 
-68 -74 -77 -82 -78 
-67 -72 -77 -81 -75 
-64 -72 -76 -78 -77 
-68 -83 -80 -80 -71 
-64 -72 -76 -80 -71 
-64 -75 -80 -78 -77 
-67 -81 -75 -78 -77 
-70 -71 -82 -88 -79 
-68 -77 -82 -86 -71 
-70 -73 -85 -84 -78 
-67 -73 -79 -81 -71 
-70 -77 -80 -80 -77 
-68 -76 -80 -84 -73 
-67 -74 -75 -83 -72 
-68 -74 -76 -78 -75 
-67 -81 -74 -77 -73 
-67 -74 -75 -80 -72 
-70 -79 -82 -79 -75 
-69 -73 -80 -79 -75 
-68 -74 -76 -79 -72 
-67 -73 -79 -81 -73 
-68 -73 -80 -82 -72 
-68 -73 -79 -83 -74 
-67 -74 -78 -85 -74 
-69 -73 -77 -85 -73 
-68 -73 -79 -87 -73 
-69 -73 -79 -86 -74 
-69 -73 -80 -86 -74 
-68 -73 -84 -86 -74 
-68 -73 -79 -86 -71 
-67 -74 -78 -86 -75 
-69 -73 -80 -82 -74 
-69 -73 -80 -79 -74 
-67 -74 -80 -89 -74 
-67 -75 -78 -77 -73 
-66 -71 -78 -76 -75 
-68 -73 -78 -77 -72 
-68 -73 -80 -77 -75 
-69 -74 -75 -89 -73 
-67 -79 -80 -79 -71 
-68 -84 -79 -84 -73 
-69 -76 -77 -82 -76 
-69 -73 -78 -83 -75 
-70 -74 -81 -82 -71 
-68 -74 -82 -84 -84 
-69 -73 -78 -84 -71 
-68 -73 -81 -85 -72 
-67 -75 -82 -80 -71 
-69 -87 -80 -78 -72 
-66 -75 -83 -77 -71 
-69 -75 -79 -81 -71 
-68 -79 -78 -78 -71 
-68 -84 -79 -77 -81 
-69 -73 -78 -83 -71 
-69 -75 -84 -84 -76 
-67 -75 -79 -88 -74 