319 15
-69 -73 -75 -82 -69 
-69 -72 -85 -69 -70 
-70 -71 -76 -76 -71 
-70 -80 -75 -84 -74 
-69 -72 -75 -84 -70 
-73 -71 -83 -68 -70 
-70 -73 -84 -77 -69 
-70 -75 -84 -81 -74 
-69 -71 -76 -68 -71 
-73 -79 -83 -83 -74 
-72 -73 -76 -82 -69 
-71 -75 -77 -68 -75 
-70 -79 -76 -83 -71 
-71 -73 -83 -68 -71 
-70 -75 -83 -68 -69 
-71 -79 -76 -83 -76 
-69 -71 -75 -83 -70 
-70 -75 -77 -88 -71 
-71 -71 -76 -84 -69 
-70 -71 -75 -84 -72 
-70 -76 -83 -81 -75 
-70 -76 -80 -67 -71 
-69 -79 -80 -87 -71 
-69 -74 -76 -68 -74 
-71 -71 -76 -84 -70 
-69 -71 -76 -76 -71 
-71 -79 -79 -85 -71 
-69 -73 -75 -85 -74 
-70 -71 -77 -67 -69 
-70 -73 -75 -85 -75 
-70 -72 -76 -67 -69 
-70 -76 -80 -68 -73 
-70 -71 -76 -84 -71 
-69 -72 -76 -67 -72 
-70 -76 -77 -67 -71 
-70 -75 -77 -84 -70 
-70 -76 -78 -67 -71 
-69 -75 -76 -67 -71 
-69 -76 -83 -68 -69 
-72 -75 -77 -84 -72 
-69 -71 -75 -67 -69 
-70 -79 -78 -84 -71 
-71 -73 -75 -67 -69 
-70 -71 -77 -67 -71 
-69 -73 -82 -85 -74 
-69 -71 -77 -67 -71 
-72 -73 -75 -90 -71 
-70 -79 -82 -85 -71 
-68 -73 -75 -67 -74 
-70 -80 -82 -89 -69 
-72 -72 -79 -67 -72 
-69 -76 -75 -76 -72 
-72 -72 -77 -67 -69 
-69 -71 -75 -85 -71 
-69 -80 -82 -85 -71 
-69 -73 -76 -84 -69 
-70 -72 -76 -67 -71 
-69 -75 -79 -84 -71 
-70 -71 -75 -84 -75 
-69 -73 -78 -68 -71 
-70 -76 -76 -68 -73 
-70 -71 -75 -84 -75 
-70 -79 -76 -68 -73 
-71 -73 -77 -84 -69 
-69 -71 -83 -67 -75 
-71 -71 -78 -75 -75 
-70 -76 -78 -68 -72 
-69 -80 -83 -84 -71 
-71 -73 -76 -84 -70 
-71 -74 -78 -75 -71 
-69 -73 -83 -68 -74 
-71 -76 -83 -84 -70 
-72 -80 -77 -68 -71 
-70 -74 -81 -68 -71 
-70 -72 -83 -84 -71 
-70 -71 -76 -84 -71 
-72 -71 -77 -92 -74 
-69 -73 -83 -85 -71 
-69 -75 -76 -68 -72 
-70 -74 -78 -84 -71 
-70 -76 -80 -68 -69 
-71 -76 -77 -68 -75 
-70 -71 -84 -68 -73 
-70 -73 -83 -84 -71 
-71 -80 -79 -84 -73 
-70 -76 -79 -83 -70 
-70 -76 -76 -84 -69 
-69 -76 -76 -68 -75 
-69 -71 -79 -68 -70 
-70 -71 -75 -85 -71 
-69 -79 -75 -68 -73 
-70 -79 -77 -68 -71 
-70 -76 -76 -68 -75 
-69 -76 -79 -67 -71 
-72 -75 -77 -85 -72 
-69 -71 -76 -84 -71 
-72 -71 -83 -68 -70 
-70 -71 -75 -85 -71 
-69 -72 -80 -68 -71 
-69 -77 -77 -84 -71 
-71 -71 -77 -84 -74 
-69 -71 -76 -84 -71 
-72 -80 -75 -68 -71 
-70 -76 -76 -68 -71 
-70 -73 -77 -84 -69 
-69 -79 -75 -68 -75 
-70 -71 -77 -84 -71 
-70 -71 -83 -75 -71 
-71 -73 -76 -68 -75 
-69 -71 -84 -83 -71 
-70 -72 -76 -68 -70 
-71 -80 -77 -68 -71 
-70 -73 -75 -68 -69 
-70 -72 -80 -83 -76 
-70 -75 -76 -68 -72 
-70 -71 -77 -91 -69 
-70 -73 -84 -68 -75 
-70 -71 -76 -84 -71 
-69 -75 -80 -67 -72 
-70 -76 -76 -68 -72 
-70 -73 -76 -68 -71 
-69 -75 -83 -68 -71 
-72 -80 -83 -84 -69 
-69 -74 -75 -68 -72 
-69 -71 -76 -68 -70 
-70 -71 -83 -68 -71 
-69 -79 -77 -88 -69 
-69 -74 -77 -84 -72 
-69 -80 -82 -84 -69 
-72 -76 -79 -68 -70 
-69 -71 -75 -68 -72 
-71 -80 -77 -84 -69 
-69 -73 -83 -68 -71 
-71 -71 -83 -84 -74 
-70 -72 -75 -84 -69 
-69 -72 -79 -68 -71 
-70 -71 -80 -84 -71 
-69 -71 -82 -76 -71 
-72 -73 -75 -68 -71 
-69 -76 -78 -73 -71 
-69 -72 -76 -68 -69 
-70 -75 -78 -68 -72 
-70 -75 -76 -68 -73 
-70 -80 -80 -84 -75 
-71 -71 -75 -68 -69 
-71 -76 -77 -84 -73 
-70 -71 -78 -68 -75 
-70 -74 -77 -85 -71 
-70 -71 -77 -91 -71 
-71 -79 -82 -67 -69 
-69 -71 -83 -84 -74 
-70 -73 -77 -68 -69 
-69 -71 -83 -84 -71 
-70 -75 -82 -68 -69 
-70 -80 -77 -68 -72 
-69 -71 -83 -84 -71 
-70 -80 -75 -68 -71 
-70 -80 -78 -76 -74 
-69 -71 -83 -91 -69 
-70 -73 -78 -85 -71 
-69 -80 -75 -90 -69 
-71 -73 -78 -68 -75 
-70 -76 -80 -68 -71 
-70 -76 -80 -84 -70 
-69 -80 -76 -82 -72 
-69 -71 -77 -84 -75 
-70 -73 -76 -84 -69 
-69 -71 -75 -89 -75 
-71 -80 -78 -68 -69 
-70 -75 -76 -68 -72 
-70 -72 -80 -68 -70 
-70 -74 -76 -68 -71 
-69 -74 -76 -84 -70 
-69 -71 -76 -85 -71 
-71 -73 -75 -68 -75 
-70 -73 -83 -84 -71 
-69 -71 -76 -68 -71 
-70 -72 -75 -68 -75 
-71 -71 -83 -84 -71 
-71 -75 -77 -68 -75 
-70 -71 -77 -76 -72 
-69 -80 -83 -68 -72 
-69 -75 -80 -85 -70 
-70 -72 -78 -85 -72 
-70 -74 -77 -68 -69 
-69 -77 -79 -68 -70 
-69 -80 -80 -68 -70 
-71 -73 -75 -84 -71 
-70 -80 -83 -84 -69 
-70 -76 -80 -84 -72 
-70 -73 -76 -68 -76 
-70 -80 -78 -84 -71 
-70 -74 -76 -89 -70 
-70 -80 -77 -84 -70 
-70 -74 -83 -88 -70 
-71 -80 -78 -68 -71 
-70 -76 -83 -84 -73 
-70 -72 -79 -83 -70 
-70 -71 -77 -83 -76 
-70 -74 -84 -68 -71 
-70 -72 -79 -68 -71 
-71 -75 -84 -88 -70 
-70 -80 -76 -68 -76 
-71 -76 -76 -84 -73 
-70 -73 -83 -68 -69 
-71 -80 -77 -84 -75 
-71 -75 -77 -84 -73 
-71 -71 -84 -68 -70 
-70 -79 -83 -84 -76 
-71 -73 -76 -68 -71 
-71 -77 -76 -68 -73 
-70 -80 -83 -84 -69 
-70 -72 -83 -68 -70 
-71 -71 -75 -68 -70 
-70 -80 -83 -89 -71 
-71 -71 -75 -68 -77 
-71 -80 -78 -77 -70 
-69 -71 -76 -87 -73 
-71 -80 -76 -83 -70 
-69 -72 -79 -82 -71 
-71 -77 -77 -72 -70 
-69 -74 -75 -84 -70 
-70 -72 -76 -77 -71 
-69 -71 -76 -85 -72 
-70 -80 -75 -84 -71 
-70 -74 -83 -82 -71 
-70 -77 -75 -82 -72 
-68 -77 -78 -78 -71 
-71 -71 -75 -69 -69 
-72 -70 -83 -77 -75 
-71 -81 -76 -69 -73 
-71 -73 -75 -80 -70 
-68 -75 -79 -75 -72 
-70 -74 -75 -83 -76 
-69 -71 -79 -73 -73 
-69 -74 -75 -69 -71 
-71 -80 -75 -80 -71 
-68 -75 -82 -84 -72 
-68 -81 -75 -70 -79 
-70 -76 -83 -70 -71 
-70 -83 -78 -76 -75 
-70 -74 -79 -82 -71 
-73 -75 -75 -70 -70 
-71 -84 -75 -81 -70 
-68 -73 -75 -68 -69 
-69 -77 -75 -69 -77 
-71 -73 -76 -69 -74 
-71 -72 -81 -78 -71 
-68 -75 -75 -69 -69 
-73 -74 -81 -80 -78 
-69 -74 -84 -69 -71 
-72 -74 -75 -73 -71 
-68 -84 -83 -80 -82 
-73 -73 -82 -68 -69 
-67 -75 -75 -84 -87 
-67 -81 -84 -69 -68 
-69 -75 -75 -80 -75 
-73 -79 -84 -68 -71 
-75 -75 -75 -79 -76 
-68 -72 -77 -68 -69 
-68 -75 -75 -74 -73 
-66 -76 -74 -82 -67 
-71 -76 -75 -76 -78 
-69 -78 -88 -70 -68 
-70 -72 -83 -69 -73 
-70 -72 -75 -77 -67 
-69 -75 -75 -68 -70 
-69 -80 -77 -68 -71 
-68 -80 -78 -68 -70 
-67 -70 -76 -75 -68 
-69 -71 -76 -76 -71 
-71 -71 -75 -86 -75 
-68 -70 -76 -78 -71 
-72 -78 -75 -69 -68 
-70 -75 -77 -82 -69 
-71 -77 -79 -68 -69 
-71 -73 -83 -81 -71 
-70 -76 -78 -79 -71 
-69 -73 -81 -79 -76 
-74 -77 -76 -69 -73 
-73 -74 -77 -82 -82 
-88 -84 -75 -68 -72 
-71 -74 -78 -85 -82 
-70 -77 -75 -72 -71 
-72 -72 -78 -68 -70 
-74 -73 -78 -74 -74 
-73 -75 -84 -69 -71 
-68 -73 -76 -69 -73 
-71 -73 -75 -81 -72 
-67 -75 -83 -69 -75 
-72 -73 -80 -69 -74 
-73 -74 -75 -82 -68 
-68 -74 -75 -69 -71 
-70 -77 -78 -69 -73 
-70 -74 -82 -75 -76 
-68 -85 -75 -69 -72 
-66 -81 -76 -75 -73 
-73 -75 -77 -75 -69 
-75 -70 -85 -82 -72 
-69 -74 -74 -78 -71 
-70 -73 -79 -79 -84 
-68 -74 -74 -76 -65 
-69 -74 -80 -68 -71 
-77 -71 -74 -85 -66 
-85 -72 -80 -76 -68 
-73 -75 -77 -74 -75 
-72 -78 -79 -72 -67 
-77 -79 -73 -78 -70 
-77 -80 -78 -76 -65 
-73 -71 -76 -70 -70 
-82 -75 -74 -69 -67 
-73 -78 -87 -78 -68 
-71 -77 -77 -68 -69 
-71 -82 -73 -68 -75 
-72 -71 -79 -78 -69 
-72 -74 -76 -69 -79 
-71 -72 -75 -70 -73 
-70 -73 -75 -82 -70 
-68 -72 -76 -70 -67 