249 2
-69 -76 -79 -67 -82 
-70 -77 -73 -66 -76 
-68 -77 -83 -63 -84 
-70 -77 -72 -65 -80 
-69 -80 -78 -67 -77 
-70 -76 -72 -64 -79 
-68 -77 -83 -64 -78 
-73 -78 -78 -69 -80 
-70 -76 -73 -66 -80 
-69 -77 -83 -64 -76 
-68 -77 -78 -66 -80 
-69 -77 -77 -66 -77 
-68 -77 -73 -66 -77 
-71 -77 -77 -68 -79 
-71 -80 -76 -66 -76 
-69 -81 -74 -67 -77 
-71 -77 -78 -64 -79 
-69 -78 -72 -66 -78 
-70 -78 -76 -64 -80 
-69 -81 -76 -67 -76 
-70 -80 -75 -66 -80 
-69 -76 -73 -67 -79 
-69 -79 -73 -66 -77 
-71 -81 -78 -68 -76 
-69 -81 -78 -68 -77 
-70 -81 -73 -69 -79 
-69 -81 -73 -68 -80 
-69 -77 -78 -66 -79 
-69 -77 -78 -67 -80 
-70 -78 -73 -66 -83 
-70 -76 -78 -65 -78 
-69 -77 -78 -65 -80 
-69 -78 -77 -65 -78 
-70 -76 -77 -65 -78 
-70 -78 -71 -65 -83 
-67 -76 -77 -65 -78 
-69 -78 -72 -65 -82 
-69 -80 -73 -65 -80 
-70 -77 -73 -68 -80 
-68 -77 -78 -66 -78 
-69 -80 -78 -67 -78 
-70 -80 -78 -67 -78 
-70 -81 -73 -66 -78 
-69 -83 -73 -67 -79 
-68 -78 -73 -65 -78 
-69 -81 -79 -65 -80 
-70 -78 -73 -65 -80 
-72 -83 -78 -69 -78 
-71 -76 -79 -68 -77 
-71 -77 -73 -67 -80 
-71 -77 -79 -68 -79 
-68 -77 -79 -67 -76 
-71 -77 -76 -67 -76 
-69 -77 -79 -67 -76 
-71 -78 -73 -67 -82 
-69 -77 -73 -66 -78 
-69 -77 -73 -67 -79 
-70 -78 -79 -69 -82 
-68 -78 -73 -69 -76 
-69 -77 -79 -67 -76 
-70 -84 -79 -66 -78 
-71 -78 -73 -69 -77 
-70 -78 -73 -67 -80 
-69 -77 -73 -67 -79 
-68 -78 -79 -65 -78 
-70 -76 -73 -66 -77 
-70 -78 -75 -67 -80 
-69 -78 -79 -67 -77 
-68 -77 -79 -66 -82 
-70 -77 -78 -65 -78 
-69 -77 -79 -66 -81 
-70 -77 -77 -68 -79 
-71 -77 -73 -70 -78 
-68 -78 -78 -65 -79 
-70 -77 -72 -66 -77 
-69 -77 -72 -65 -79 
-69 -77 -72 -65 -78 
-70 -77 -72 -66 -77 
-70 -77 -72 -65 -79 
-68 -78 -78 -66 -77 
-71 -77 -72 -65 -77 
-68 -77 -78 -67 -81 
-71 -81 -78 -70 -79 
-69 -77 -78 -68 -80 
-71 -77 -72 -65 -77 
-68 -77 -73 -64 -79 
-70 -77 -78 -65 -79 
-69 -79 -78 -65 -78 
-70 -77 -73 -66 -80 
-71 -84 -73 -70 -77 
-69 -77 -73 -65 -79 
-69 -79 -79 -65 -82 
-69 -77 -78 -67 -80 
-71 -78 -79 -67 -79 
-69 -79 -79 -65 -79 
-69 -80 -71 -68 -80 
-71 -77 -79 -66 -77 
-70 -77 -73 -66 -79 
-69 -79 -84 -65 -76 
-71 -78 -80 -67 -75 
-68 -84 -79 -62 -78 
-69 -77 -81 -64 -76 
-70 -81 -84 -68 -79 
-68 -78 -78 -64 -81 
-70 -79 -73 -66 -80 
-69 -78 -73 -66 -80 
-71 -79 -73 -67 -79 
-68 -77 -77 -65 -80 
-71 -80 -73 -65 -77 
-70 -79 -79 -64 -79 
-71 -79 -73 -69 -80 
-68 -78 -86 -66 -80 
-71 -78 -73 -69 -78 
-69 -79 -73 -67 -79 
-67 -78 -81 -67 -77 
-69 -78 -78 -66 -80 
-69 -80 -78 -69 -80 
-71 -78 -85 -64 -80 
-70 -80 -78 -69 -77 
-70 -78 -82 -66 -78 
-69 -79 -73 -65 -81 
-69 -78 -85 -66 -79 
-70 -78 -85 -65 -80 
-70 -79 -73 -64 -79 
-70 -79 -74 -67 -79 
-68 -77 -78 -64 -77 
-70 -82 -84 -64 -81 
-69 -80 -79 -67 -79 
-68 -80 -78 -68 -79 
-69 -80 -78 -67 -78 
-71 -79 -73 -66 -80 
-70 -82 -80 -67 -80 
-70 -79 -84 -66 -78 
-68 -78 -75 -64 -80 
-71 -78 -83 -65 -77 
-71 -84 -83 -63 -80 
-70 -81 -73 -65 -80 
-67 -79 -77 -64 -80 
-68 -79 -78 -69 -80 
-68 -79 -79 -67 -78 
-69 -78 -75 -65 -79 
-70 -80 -72 -69 -80 
-68 -79 -78 -65 -80 
-70 -79 -78 -66 -77 
-70 -82 -83 -65 -79 
-69 -79 -80 -67 -79 
-69 -79 -77 -66 -77 
-69 -81 -72 -64 -81 
-71 -83 -72 -66 -79 
-70 -78 -78 -68 -78 
-70 -83 -78 -65 -78 
-70 -79 -84 -69 -81 
-68 -80 -77 -65 -77 
-68 -80 -72 -67 -79 
-70 -79 -78 -65 -78 
-68 -83 -72 -69 -81 
-70 -81 -73 -64 -80 
-69 -80 -78 -64 -79 
-69 -78 -78 -66 -78 
-70 -79 -78 -64 -79 
-68 -79 -84 -70 -79 
-71 -82 -79 -65 -79 
-71 -77 -72 -66 -80 
-70 -80 -73 -65 -79 
-70 -76 -73 -64 -76 
-68 -78 -83 -65 -78 
-71 -78 -73 -70 -75 
-71 -82 -73 -66 -79 
-69 -78 -75 -65 -78 
-69 -79 -78 -66 -76 
-71 -76 -74 -69 -76 
-71 -79 -80 -65 -80 
-68 -77 -72 -71 -78 
-71 -81 -73 -66 -80 
-69 -76 -72 -67 -80 
-68 -77 -78 -66 -76 
-71 -78 -82 -64 -81 
-69 -78 -81 -67 -80 
-69 -77 -75 -66 -82 
-71 -76 -73 -66 -81 
-68 -78 -72 -66 -80 
-69 -81 -81 -71 -78 
-69 -76 -83 -68 -78 
-70 -78 -79 -69 -82 
-71 -78 -82 -70 -80 
-71 -80 -81 -67 -83 
-69 -84 -81 -69 -77 
-70 -78 -82 -71 -78 
-71 -79 -75 -69 -79 
-69 -80 -76 -67 -77 
-71 -78 -73 -68 -80 
-68 -78 -79 -73 -77 
-69 -82 -75 -71 -78 
-72 -80 -85 -70 -78 
-67 -77 -75 -76 -78 
-70 -76 -72 -75 -78 
-70 -77 -75 -71 -79 
-69 -80 -72 -74 -77 
-70 -77 -79 -72 -74 
-69 -80 -80 -70 -77 
-74 -79 -78 -70 -76 
-66 -77 -81 -66 -82 
-72 -77 -74 -66 -77 
-74 -79 -77 -66 -79 
-69 -80 -80 -64 -77 
-69 -77 -80 -67 -82 
-71 -74 -80 -63 -79 
-70 -79 -86 -65 -75 
-70 -78 -74 -67 -82 
-69 -79 -73 -66 -80 
-70 -80 -74 -63 -89 
-70 -77 -74 -68 -84 
-67 -78 -78 -67 -83 
-68 -75 -79 -66 -81 
-69 -75 -76 -66 -82 
-72 -81 -77 -63 -82 
-71 -84 -86 -66 -84 
-69 -75 -81 -65 -83 
-67 -76 -86 -73 -77 
-68 -81 -82 -67 -84 
-68 -84 -74 -67 -81 
-69 -79 -85 -68 -75 
-67 -77 -77 -67 -75 
-67 -73 -74 -69 -76 
-70 -73 -82 -62 -86 
-69 -81 -80 -65 -83 
-71 -82 -80 -64 -82 
-70 -83 -83 -74 -84 
-70 -83 -80 -68 -75 
-69 -72 -75 -65 -81 
-67 -74 -75 -70 -81 
-72 -77 -79 -67 -78 
-74 -76 -85 -68 -81 
-68 -75 -75 -65 -79 
-70 -80 -77 -65 -77 
-73 -80 -75 -69 -80 
-73 -75 -75 -65 -77 
-68 -75 -77 -68 -81 
-72 -84 -78 -65 -84 
-71 -83 -75 -65 -76 
-68 -84 -78 -63 -75 
-69 -84 -75 -70 -79 
-70 -84 -84 -65 -83 
-69 -79 -74 -65 -79 
-69 -77 -78 -65 -80 
-73 -80 -75 -64 -78 
-74 -77 -74 -65 -81 
-82 -76 -81 -67 -78 
-78 -77 -84 -66 -80 