277 3
-75 -82 -80 -67 -80 
-75 -70 -83 -72 -85 
-76 -69 -78 -68 -86 
-75 -82 -78 -71 -85 
-75 -78 -78 -70 -85 
-75 -69 -82 -68 -82 
-76 -86 -78 -72 -85 
-76 -86 -79 -67 -82 
-74 -87 -76 -68 -84 
-74 -77 -84 -70 -85 
-74 -83 -84 -66 -83 
-75 -85 -82 -70 -82 
-76 -76 -85 -67 -84 
-75 -77 -79 -75 -83 
-75 -70 -78 -66 -80 
-75 -85 -77 -74 -83 
-75 -69 -80 -66 -85 
-75 -69 -82 -71 -84 
-75 -86 -80 -66 -84 
-75 -69 -80 -69 -82 
-75 -86 -77 -74 -84 
-74 -70 -84 -71 -84 
-75 -91 -82 -66 -82 
-75 -82 -81 -67 -85 
-75 -69 -79 -70 -83 
-75 -85 -83 -69 -83 
-75 -70 -80 -71 -81 
-75 -85 -83 -69 -84 
-75 -85 -81 -70 -82 
-76 -77 -79 -69 -85 
-74 -83 -80 -75 -80 
-75 -85 -79 -66 -83 
-74 -78 -78 -71 -81 
-75 -87 -80 -65 -83 
-74 -73 -81 -71 -83 
-75 -84 -84 -67 -84 
-74 -70 -80 -66 -85 
-76 -81 -81 -72 -80 
-77 -70 -79 -69 -83 
-75 -84 -79 -70 -83 
-74 -85 -83 -74 -79 
-77 -80 -81 -66 -86 
-77 -78 -81 -69 -81 
-75 -83 -76 -73 -80 
-74 -71 -80 -66 -82 
-74 -80 -78 -67 -84 
-75 -76 -82 -72 -81 
-75 -73 -81 -66 -79 
-75 -81 -81 -68 -80 
-77 -73 -78 -67 -80 
-75 -88 -81 -75 -83 
-76 -83 -77 -69 -81 
-76 -88 -84 -75 -82 
-74 -70 -81 -66 -84 
-75 -79 -78 -67 -81 
-75 -81 -83 -72 -81 
-75 -70 -84 -65 -78 
-74 -80 -78 -67 -87 
-73 -81 -79 -74 -81 
-74 -71 -79 -68 -83 
-73 -86 -81 -68 -83 
-74 -70 -81 -69 -88 
-77 -84 -82 -74 -82 
-73 -78 -84 -67 -81 
-74 -81 -78 -72 -84 
-74 -80 -80 -68 -83 
-75 -70 -80 -70 -80 
-75 -85 -83 -74 -83 
-75 -81 -78 -68 -81 
-74 -80 -80 -76 -83 
-74 -78 -78 -72 -80 
-74 -79 -76 -71 -80 
-74 -85 -79 -67 -81 
-78 -82 -78 -67 -79 
-75 -85 -79 -67 -82 
-77 -82 -77 -67 -80 
-74 -84 -79 -81 -81 
-73 -78 -79 -67 -80 
-77 -72 -78 -67 -80 
-73 -84 -79 -67 -82 
-73 -78 -78 -73 -80 
-74 -71 -79 -73 -80 
-75 -78 -78 -73 -81 
-73 -86 -78 -67 -82 
-74 -71 -79 -79 -81 
-77 -83 -79 -67 -82 
-74 -82 -77 -78 -81 
-73 -86 -78 -67 -80 
-75 -77 -77 -79 -80 
-75 -71 -78 -67 -80 
-75 -78 -77 -69 -78 
-74 -78 -76 -75 -81 
-75 -78 -79 -67 -81 
-75 -77 -78 -73 -81 
-72 -82 -79 -67 -80 
-73 -82 -79 -65 -81 
-77 -85 -79 -80 -81 
-73 -82 -79 -67 -81 
-75 -82 -78 -73 -80 
-74 -72 -79 -80 -80 
-74 -82 -78 -74 -81 
-73 -82 -77 -67 -81 
-77 -71 -77 -67 -82 
-73 -72 -79 -80 -82 
-73 -78 -77 -67 -81 
-74 -78 -79 -67 -79 
-77 -82 -79 -80 -80 
-74 -86 -79 -67 -81 
-75 -84 -79 -67 -81 
-77 -82 -77 -67 -81 
-74 -82 -78 -67 -81 
-75 -82 -78 -73 -81 
-74 -82 -78 -73 -82 
-75 -85 -77 -73 -82 
-74 -79 -79 -67 -82 
-73 -82 -79 -67 -81 
-77 -72 -78 -80 -82 
-73 -84 -80 -71 -82 
-73 -82 -79 -67 -81 
-73 -77 -79 -67 -82 
-75 -79 -77 -80 -80 
-73 -71 -79 -67 -80 
-74 -83 -77 -67 -82 
-73 -86 -77 -67 -81 
-77 -78 -79 -67 -80 
-74 -71 -77 -67 -82 
-75 -78 -79 -67 -81 
-74 -71 -78 -67 -80 
-75 -86 -77 -72 -83 
-73 -71 -79 -67 -84 
-74 -71 -78 -67 -83 
-75 -82 -79 -72 -84 
-74 -81 -79 -78 -84 
-73 -71 -79 -67 -81 
-74 -78 -79 -67 -79 
-74 -86 -80 -67 -82 
-73 -71 -79 -67 -82 
-74 -84 -80 -72 -81 
-74 -86 -78 -66 -81 
-73 -81 -80 -73 -84 
-77 -82 -79 -71 -82 
-73 -76 -80 -77 -83 
-74 -71 -78 -66 -83 
-73 -81 -81 -77 -82 
-73 -69 -81 -67 -81 
-75 -86 -81 -76 -83 
-74 -76 -80 -66 -82 
-74 -77 -80 -68 -82 
-75 -78 -79 -70 -82 
-74 -81 -79 -70 -82 
-75 -76 -79 -69 -82 
-73 -87 -81 -66 -82 
-75 -81 -79 -67 -82 
-75 -76 -81 -70 -82 
-75 -88 -81 -67 -82 
-75 -81 -81 -75 -83 
-75 -84 -80 -67 -82 
-75 -80 -81 -70 -81 
-75 -71 -78 -66 -83 
-73 -81 -81 -75 -82 
-75 -71 -79 -71 -82 
-75 -71 -78 -66 -83 
-73 -81 -81 -69 -82 
-75 -81 -79 -70 -81 
-75 -81 -78 -70 -82 
-75 -76 -81 -74 -82 
-74 -84 -79 -67 -82 
-74 -78 -78 -69 -83 
-74 -77 -77 -66 -82 
-73 -74 -77 -68 -82 
-76 -77 -80 -67 -84 
-76 -81 -80 -76 -79 
-73 -70 -78 -73 -82 
-73 -80 -82 -71 -81 
-74 -77 -84 -70 -83 
-78 -84 -83 -70 -83 
-76 -77 -82 -66 -87 
-73 -76 -79 -70 -82 
-76 -73 -83 -66 -81 
-73 -80 -86 -70 -89 
-73 -80 -83 -74 -86 
-75 -84 -81 -69 -82 
-75 -81 -84 -65 -84 
-73 -83 -83 -68 -83 
-74 -78 -80 -66 -81 
-75 -84 -80 -67 -81 
-74 -75 -83 -72 -88 
-74 -71 -81 -67 -83 
-74 -74 -80 -68 -87 
-75 -70 -81 -73 -80 
-74 -78 -79 -71 -82 
-77 -82 -84 -66 -81 
-75 -80 -80 -71 -89 
-74 -83 -80 -71 -81 
-74 -81 -83 -66 -86 
-76 -78 -79 -71 -88 
-74 -88 -84 -75 -85 
-75 -80 -80 -69 -85 
-75 -81 -80 -70 -81 
-75 -80 -80 -68 -87 
-75 -71 -84 -70 -82 
-73 -83 -84 -69 -84 
-73 -82 -83 -73 -84 
-73 -80 -82 -70 -83 
-73 -71 -80 -73 -83 
-75 -80 -84 -69 -82 
-73 -80 -87 -69 -81 
-80 -79 -88 -71 -85 
-74 -80 -82 -71 -86 
-75 -80 -82 -71 -81 
-75 -75 -88 -68 -81 
-73 -79 -86 -67 -83 
-76 -75 -82 -69 -86 
-76 -80 -88 -69 -85 
-73 -79 -85 -69 -81 
-76 -79 -81 -69 -81 
-76 -75 -84 -70 -80 
-77 -79 -80 -71 -86 
-73 -80 -84 -70 -80 
-73 -76 -80 -68 -81 
-74 -77 -80 -68 -84 
-75 -81 -81 -69 -81 
-76 -75 -83 -66 -83 
-72 -71 -82 -71 -82 
-77 -84 -77 -67 -81 
-75 -71 -80 -72 -80 
-76 -74 -83 -68 -84 
-77 -78 -85 -67 -88 
-76 -70 -81 -69 -84 
-76 -71 -84 -69 -79 
-74 -70 -80 -70 -86 
-76 -77 -83 -66 -78 
-76 -69 -81 -67 -82 
-76 -78 -81 -68 -80 
-74 -81 -82 -68 -81 
-75 -93 -82 -75 -81 
-76 -70 -79 -74 -83 
-76 -71 -82 -66 -82 
-74 -79 -81 -72 -82 
-75 -70 -77 -76 -85 
-75 -89 -79 -69 -84 
-75 -70 -81 -76 -79 
-74 -82 -79 -69 -80 
-75 -82 -81 -69 -83 
-75 -82 -79 -71 -83 
-75 -85 -81 -67 -82 
-73 -78 -77 -66 -83 
-75 -79 -79 -66 -81 
-75 -84 -81 -72 -78 
-74 -69 -80 -65 -82 
-75 -89 -81 -67 -81 
-77 -84 -83 -68 -80 
-75 -71 -78 -66 -82 
-74 -81 -79 -68 -80 
-76 -71 -80 -69 -81 
-75 -71 -80 -73 -81 
-76 -71 -81 -66 -80 
-77 -80 -82 -73 -82 
-74 -70 -81 -70 -81 
-74 -79 -81 -71 -80 
-78 -83 -85 -67 -80 
-75 -75 -82 -70 -80 
-75 -81 -84 -74 -80 
-75 -71 -82 -68 -82 
-74 -71 -84 -68 -80 
-78 -90 -82 -68 -80 
-77 -71 -82 -66 -81 
-78 -80 -82 -75 -80 
-74 -80 -81 -74 -79 
-74 -73 -81 -66 -80 
-77 -80 -83 -66 -82 
-76 -72 -82 -69 -80 
-74 -87 -85 -66 -79 
-76 -80 -83 -68 -79 
-76 -72 -81 -66 -83 
-76 -86 -81 -74 -78 
-74 -86 -79 -69 -81 