333 4
-77 -67 -73 -62 -70 
-76 -68 -78 -65 -71 
-77 -68 -74 -63 -76 
-75 -65 -79 -65 -73 
-78 -68 -74 -70 -75 
-75 -67 -78 -65 -70 
-76 -67 -79 -63 -76 
-80 -68 -78 -69 -72 
-76 -67 -79 -65 -75 
-81 -69 -78 -69 -72 
-78 -67 -78 -67 -73 
-77 -69 -80 -65 -74 
-75 -66 -74 -65 -71 
-76 -69 -78 -65 -74 
-78 -69 -77 -70 -72 
-84 -66 -80 -65 -76 
-75 -67 -78 -68 -74 
-75 -67 -78 -66 -74 
-76 -67 -78 -70 -77 
-84 -69 -78 -65 -74 
-76 -67 -78 -62 -77 
-76 -68 -77 -65 -74 
-84 -68 -77 -63 -77 
-82 -67 -77 -67 -74 
-75 -68 -78 -64 -73 
-79 -69 -78 -67 -72 
-79 -68 -77 -67 -71 
-79 -69 -76 -63 -73 
-77 -69 -74 -68 -75 
-75 -66 -77 -60 -73 
-79 -69 -74 -64 -74 
-76 -66 -76 -64 -71 
-79 -68 -78 -65 -73 
-74 -65 -75 -62 -72 
-78 -68 -75 -67 -73 
-73 -67 -76 -67 -76 
-76 -68 -77 -63 -76 
-73 -66 -74 -65 -74 
-76 -70 -77 -63 -76 
-77 -66 -76 -68 -75 
-81 -67 -77 -66 -73 
-76 -69 -78 -67 -77 
-79 -69 -72 -66 -72 
-76 -66 -79 -67 -72 
-75 -67 -78 -62 -73 
-76 -67 -74 -61 -71 
-76 -67 -75 -66 -74 
-76 -69 -76 -65 -74 
-75 -67 -72 -68 -75 
-75 -68 -75 -65 -72 
-82 -65 -74 -68 -75 
-76 -69 -77 -62 -72 
-80 -68 -76 -62 -74 
-75 -67 -74 -69 -73 
-81 -70 -80 -61 -70 
-79 -67 -74 -63 -73 
-80 -68 -77 -61 -72 
-76 -68 -80 -65 -74 
-81 -67 -74 -69 -72 
-78 -68 -80 -61 -74 
-77 -67 -74 -69 -76 
-79 -67 -76 -62 -72 
-82 -68 -74 -63 -74 
-77 -67 -76 -60 -76 
-80 -68 -76 -61 -75 
-77 -67 -76 -66 -74 
-83 -67 -80 -71 -74 
-77 -68 -77 -62 -76 
-83 -67 -80 -70 -72 
-77 -68 -76 -62 -75 
-83 -66 -74 -65 -72 
-77 -70 -76 -66 -76 
-80 -67 -74 -63 -71 
-80 -69 -74 -68 -75 
-83 -69 -75 -70 -76 
-77 -67 -80 -62 -72 
-77 -68 -74 -66 -75 
-77 -67 -80 -70 -74 
-77 -67 -76 -63 -73 
-82 -67 -75 -62 -72 
-77 -68 -77 -62 -75 
-78 -70 -80 -65 -74 
-77 -67 -74 -62 -75 
-78 -69 -77 -62 -74 
-78 -67 -77 -70 -76 
-77 -67 -76 -67 -74 
-82 -67 -76 -66 -74 
-76 -68 -74 -62 -75 
-79 -68 -75 -63 -71 
-76 -69 -80 -65 -70 
-75 -68 -77 -64 -73 
-82 -68 -74 -60 -73 
-76 -67 -77 -65 -74 
-75 -68 -79 -69 -73 
-82 -66 -74 -65 -71 
-77 -70 -80 -65 -76 
-76 -66 -76 -62 -73 
-76 -66 -78 -63 -73 
-76 -66 -76 -66 -72 
-76 -68 -73 -63 -74 
-84 -68 -76 -63 -73 
-77 -68 -75 -65 -72 
-75 -66 -78 -68 -71 
-75 -68 -75 -68 -72 
-75 -67 -75 -68 -72 
-75 -66 -80 -66 -74 
-81 -69 -77 -63 -76 
-76 -69 -80 -64 -74 
-76 -68 -76 -70 -72 
-77 -67 -77 -66 -75 
-76 -68 -77 -67 -72 
-75 -69 -74 -68 -74 
-75 -68 -78 -66 -72 
-76 -67 -78 -64 -73 
-75 -68 -76 -67 -72 
-76 -68 -77 -65 -74 
-75 -68 -76 -67 -72 
-74 -68 -77 -65 -73 
-74 -68 -75 -63 -72 
-84 -69 -79 -68 -75 
-73 -68 -76 -62 -75 
-77 -67 -76 -65 -73 
-76 -68 -79 -67 -71 
-74 -67 -80 -68 -72 
-76 -69 -74 -65 -71 
-76 -68 -74 -66 -72 
-80 -68 -81 -70 -74 
-76 -67 -75 -66 -75 
-78 -67 -76 -65 -72 
-75 -68 -74 -64 -74 
-82 -66 -80 -65 -71 
-76 -68 -77 -62 -74 
-76 -66 -80 -66 -74 
-76 -65 -74 -71 -71 
-76 -68 -80 -63 -75 
-77 -65 -74 -72 -74 
-76 -68 -80 -66 -75 
-83 -67 -74 -69 -75 
-76 -67 -81 -64 -72 
-81 -70 -80 -69 -71 
-78 -68 -78 -64 -71 
-76 -70 -75 -63 -75 
-77 -67 -77 -71 -72 
-78 -68 -81 -69 -71 
-84 -69 -81 -63 -74 
-75 -67 -75 -63 -73 
-82 -67 -78 -61 -75 
-76 -68 -76 -63 -75 
-82 -67 -76 -63 -75 
-75 -68 -79 -68 -72 
-78 -66 -77 -65 -73 
-75 -69 -75 -62 -71 
-82 -68 -79 -66 -74 
-74 -65 -76 -65 -74 
-74 -66 -78 -67 -74 
-83 -68 -76 -70 -71 
-74 -66 -82 -63 -75 
-74 -65 -73 -71 -71 
-75 -66 -75 -67 -71 
-75 -67 -76 -64 -74 
-78 -68 -77 -65 -74 
-77 -69 -73 -67 -74 
-76 -66 -81 -64 -75 
-76 -69 -74 -66 -74 
-78 -66 -78 -64 -73 
-79 -67 -76 -65 -75 
-73 -67 -82 -74 -75 
-74 -70 -75 -64 -73 
-80 -68 -79 -65 -73 
-77 -66 -80 -71 -73 
-84 -70 -75 -65 -74 
-74 -67 -76 -63 -73 
-76 -67 -74 -71 -73 
-77 -70 -81 -66 -74 
-84 -67 -74 -71 -75 
-82 -70 -78 -64 -70 
-74 -66 -76 -67 -72 
-81 -66 -79 -62 -73 
-76 -66 -75 -62 -71 
-75 -66 -78 -70 -74 
-75 -66 -78 -67 -72 
-77 -68 -73 -71 -72 
-75 -67 -76 -66 -74 
-77 -68 -75 -66 -71 
-77 -67 -79 -67 -74 
-81 -67 -75 -67 -75 
-75 -70 -75 -71 -72 
-74 -68 -77 -66 -71 
-80 -66 -76 -68 -72 
-79 -68 -76 -69 -73 
-77 -67 -76 -63 -74 
-80 -68 -80 -62 -73 
-75 -70 -76 -65 -72 
-75 -67 -77 -62 -74 
-83 -68 -79 -66 -75 
-76 -68 -75 -64 -75 
-73 -68 -79 -67 -73 
-81 -67 -77 -70 -74 
-75 -70 -74 -66 -75 
-80 -68 -75 -68 -72 
-76 -66 -75 -70 -73 
-77 -69 -79 -68 -75 
-83 -67 -73 -63 -72 
-77 -68 -80 -71 -73 
-83 -67 -72 -66 -72 
-75 -68 -79 -66 -72 
-75 -65 -76 -62 -72 
-77 -65 -78 -71 -75 
-79 -68 -77 -68 -74 
-83 -65 -74 -66 -73 
-77 -68 -79 -71 -75 
-76 -65 -76 -65 -73 
-79 -68 -77 -71 -74 
-76 -70 -79 -68 -73 
-77 -67 -78 -62 -75 
-83 -70 -76 -63 -72 
-76 -67 -79 -63 -73 
-74 -66 -77 -63 -74 
-76 -70 -75 -63 -75 
-80 -69 -79 -71 -74 
-80 -67 -72 -66 -71 
-75 -66 -74 -64 -72 
-75 -68 -76 -67 -74 
-75 -68 -78 -68 -74 
-78 -66 -74 -68 -73 
-76 -68 -74 -63 -74 
-79 -65 -78 -67 -73 
-75 -69 -72 -65 -75 
-76 -69 -75 -60 -73 
-75 -66 -80 -72 -71 
-77 -68 -74 -61 -72 
-75 -67 -79 -67 -74 
-82 -68 -77 -67 -72 
-80 -67 -78 -66 -72 
-79 -67 -79 -61 -72 
-75 -69 -74 -63 -75 
-79 -67 -79 -64 -74 
-85 -67 -74 -74 -71 
-76 -67 -76 -64 -74 
-76 -68 -74 -63 -76 
-77 -68 -79 -63 -74 
-80 -68 -78 -63 -71 
-77 -70 -77 -73 -76 
-81 -68 -81 -63 -75 
-75 -69 -75 -72 -75 
-76 -68 -82 -66 -72 
-79 -70 -75 -72 -71 
-82 -66 -80 -66 -74 
-77 -69 -80 -67 -71 
-78 -68 -79 -65 -73 
-79 -67 -80 -64 -71 
-76 -66 -74 -72 -74 
-75 -65 -77 -67 -75 
-85 -66 -81 -67 -73 
-75 -69 -75 -71 -74 
-81 -69 -81 -66 -72 
-73 -66 -79 -70 -70 
-75 -68 -81 -64 -76 
-75 -68 -77 -64 -74 
-78 -69 -78 -71 -75 
-75 -68 -78 -69 -73 
-76 -69 -76 -70 -75 
-76 -67 -77 -70 -75 
-76 -66 -76 -67 -75 
-77 -71 -74 -70 -77 
-76 -67 -80 -66 -74 
-77 -69 -80 -66 -71 
-78 -67 -81 -64 -74 
-77 -67 -78 -65 -73 
-76 -66 -80 -66 -77 
-77 -69 -77 -70 -73 
-74 -69 -77 -63 -73 
-77 -67 -75 -71 -74 
-74 -71 -80 -64 -72 
-75 -68 -75 -67 -73 
-75 -66 -78 -62 -73 
-74 -66 -74 -63 -77 
-73 -69 -77 -67 -76 
-80 -70 -70 -64 -71 
-72 -69 -68 -66 -73 
-82 -67 -80 -70 -73 
-74 -70 -71 -66 -77 
-73 -66 -77 -63 -78 
-82 -71 -84 -69 -72 
-77 -67 -78 -67 -74 
-80 -66 -74 -64 -71 
-73 -71 -76 -62 -76 
-78 -68 -76 -66 -82 
-83 -68 -75 -67 -75 
-87 -68 -76 -67 -75 
-82 -69 -76 -66 -77 
-80 -67 -73 -67 -82 
-79 -68 -74 -61 -81 
-79 -68 -77 -63 -81 
-78 -62 -81 -68 -81 
-83 -65 -76 -65 -80 
-77 -70 -83 -68 -83 
-82 -67 -78 -65 -83 
-81 -70 -79 -70 -82 
-79 -67 -78 -63 -83 
-76 -68 -80 -63 -79 
-81 -68 -81 -66 -80 
-77 -67 -80 -63 -79 
-77 -68 -80 -66 -80 
-77 -67 -85 -67 -81 
-78 -70 -77 -69 -81 
-78 -66 -82 -66 -84 
-78 -68 -78 -68 -80 
-79 -70 -76 -69 -82 
-78 -69 -75 -64 -81 
-81 -68 -86 -67 -80 
-77 -68 -76 -70 -79 
-82 -70 -75 -66 -84 
-78 -66 -75 -62 -83 
-78 -69 -85 -70 -79 
-82 -69 -75 -62 -82 
-78 -66 -75 -70 -80 
-81 -69 -74 -65 -83 
-80 -68 -75 -63 -79 
-81 -68 -83 -63 -84 
-81 -67 -76 -66 -81 
-81 -68 -75 -63 -84 
-80 -67 -74 -68 -80 
-83 -68 -75 -63 -81 
-79 -66 -79 -62 -77 
-83 -67 -76 -64 -83 
-79 -67 -77 -62 -77 
-76 -67 -78 -64 -78 
-75 -67 -75 -68 -79 
-81 -68 -81 -65 -81 
-76 -67 -75 -71 -75 
-73 -67 -75 -64 -80 
-73 -66 -78 -62 -74 