328 5
-78 -76 -68 -72 -78 
-76 -80 -70 -72 -89 
-78 -72 -68 -70 -81 
-76 -80 -67 -72 -89 
-78 -66 -70 -73 -81 
-77 -66 -69 -72 -82 
-78 -66 -68 -71 -85 
-77 -76 -68 -72 -75 
-78 -72 -69 -73 -82 
-78 -71 -68 -72 -88 
-76 -81 -69 -71 -83 
-76 -68 -67 -74 -89 
-76 -80 -67 -72 -88 
-78 -66 -67 -70 -83 
-77 -66 -67 -71 -89 
-75 -80 -68 -71 -83 
-75 -68 -68 -72 -75 
-77 -69 -68 -72 -83 
-77 -72 -67 -73 -75 
-76 -73 -68 -72 -83 
-76 -66 -68 -70 -75 
-76 -66 -68 -71 -78 
-76 -73 -68 -71 -82 
-76 -66 -68 -71 -88 
-76 -80 -67 -74 -75 
-76 -75 -67 -72 -83 
-77 -71 -68 -70 -89 
-77 -73 -68 -70 -75 
-76 -75 -68 -70 -83 
-76 -73 -68 -73 -83 
-76 -76 -68 -72 -75 
-76 -72 -68 -71 -75 
-76 -81 -68 -70 -84 
-75 -75 -67 -72 -74 
-77 -69 -68 -72 -74 
-76 -80 -69 -73 -91 
-76 -72 -67 -71 -74 
-75 -67 -67 -72 -86 
-76 -67 -67 -74 -74 
-75 -67 -67 -74 -92 
-76 -71 -67 -71 -85 
-77 -72 -68 -71 -74 
-76 -69 -70 -71 -74 
-76 -76 -68 -74 -74 
-75 -73 -67 -74 -75 
-75 -75 -67 -72 -74 
-79 -75 -68 -73 -84 
-77 -73 -67 -73 -74 
-75 -80 -69 -71 -85 
-78 -67 -68 -74 -92 
-77 -72 -68 -72 -84 
-77 -67 -67 -72 -74 
-79 -67 -67 -72 -91 
-75 -73 -68 -72 -74 
-75 -69 -68 -71 -85 
-75 -69 -67 -75 -74 
-75 -69 -68 -73 -74 
-77 -67 -67 -72 -74 
-76 -80 -68 -72 -74 
-75 -73 -68 -73 -74 
-75 -76 -68 -74 -84 
-76 -69 -68 -71 -74 
-76 -71 -68 -71 -74 
-76 -67 -68 -71 -84 
-76 -80 -67 -71 -82 
-76 -72 -69 -75 -85 
-77 -73 -68 -74 -74 
-75 -72 -68 -71 -84 
-75 -67 -68 -72 -91 
-76 -67 -70 -71 -78 
-76 -72 -67 -72 -74 
-79 -80 -70 -71 -92 
-76 -72 -67 -72 -74 
-76 -80 -68 -72 -85 
-76 -72 -69 -71 -74 
-75 -80 -68 -75 -74 
-76 -75 -68 -74 -74 
-75 -67 -68 -72 -74 
-75 -79 -67 -72 -85 
-78 -71 -68 -74 -89 
-77 -68 -68 -72 -75 
-75 -71 -69 -74 -83 
-76 -81 -67 -71 -75 
-77 -76 -68 -72 -74 
-77 -67 -69 -71 -81 
-77 -80 -67 -71 -88 
-77 -72 -69 -72 -81 
-77 -76 -68 -72 -75 
-79 -81 -67 -72 -82 
-77 -72 -68 -70 -81 
-79 -80 -69 -72 -89 
-78 -81 -67 -72 -78 
-77 -72 -69 -70 -75 
-78 -76 -67 -72 -81 
-79 -81 -67 -71 -89 
-76 -66 -67 -73 -75 
-77 -67 -68 -74 -83 
-76 -80 -67 -71 -74 
-77 -72 -68 -72 -93 
-76 -69 -69 -74 -74 
-76 -76 -68 -71 -74 
-77 -72 -69 -71 -84 
-78 -67 -67 -74 -74 
-76 -66 -68 -71 -84 
-76 -80 -67 -74 -74 
-77 -67 -69 -74 -79 
-76 -67 -68 -71 -79 
-76 -67 -67 -70 -74 
-79 -72 -69 -71 -82 
-76 -72 -67 -70 -75 
-77 -79 -69 -72 -82 
-76 -69 -67 -71 -76 
-77 -73 -68 -70 -76 
-75 -81 -67 -72 -80 
-75 -72 -67 -71 -76 
-76 -79 -69 -70 -76 
-75 -72 -68 -73 -89 
-76 -80 -68 -71 -76 
-75 -76 -68 -72 -90 
-75 -72 -67 -71 -81 
-75 -72 -68 -73 -76 
-76 -73 -68 -73 -81 
-76 -72 -69 -72 -82 
-76 -79 -67 -70 -75 
-76 -73 -67 -71 -76 
-76 -69 -67 -71 -76 
-76 -76 -68 -71 -76 
-75 -66 -67 -71 -82 
-75 -66 -67 -73 -76 
-76 -66 -68 -73 -76 
-75 -72 -67 -70 -81 
-75 -69 -68 -71 -76 
-75 -76 -68 -71 -81 
-75 -73 -68 -72 -76 
-76 -72 -67 -70 -89 
-75 -80 -69 -72 -78 
-76 -72 -68 -70 -76 
-75 -80 -69 -73 -81 
-75 -72 -67 -72 -82 
-75 -80 -68 -70 -89 
-77 -72 -67 -72 -76 
-75 -80 -68 -70 -82 
-76 -72 -68 -72 -76 
-75 -75 -68 -70 -76 
-74 -80 -68 -73 -81 
-76 -76 -69 -72 -77 
-74 -69 -68 -73 -76 
-75 -72 -68 -71 -76 
-74 -80 -69 -72 -82 
-76 -72 -67 -71 -79 
-74 -73 -68 -71 -82 
-75 -66 -68 -70 -88 
-75 -77 -67 -71 -82 
-75 -72 -68 -71 -77 
-75 -66 -69 -72 -89 
-75 -75 -69 -70 -89 
-75 -66 -67 -70 -77 
-75 -75 -68 -73 -83 
-75 -69 -67 -71 -86 
-76 -66 -67 -70 -82 
-75 -80 -67 -73 -88 
-76 -66 -69 -70 -81 
-74 -71 -68 -71 -76 
-75 -75 -68 -71 -76 
-75 -81 -67 -72 -82 
-75 -69 -67 -70 -76 
-74 -80 -67 -72 -82 
-75 -72 -67 -70 -76 
-74 -66 -67 -72 -83 
-75 -72 -67 -70 -76 
-75 -66 -69 -73 -82 
-75 -66 -67 -70 -76 
-75 -72 -67 -70 -82 
-75 -66 -68 -70 -76 
-76 -66 -69 -72 -89 
-75 -81 -67 -70 -83 
-75 -69 -68 -72 -76 
-75 -69 -67 -71 -76 
-75 -69 -68 -71 -76 
-75 -80 -67 -72 -87 
-76 -80 -67 -71 -81 
-75 -66 -69 -72 -76 
-74 -72 -67 -70 -89 
-75 -80 -69 -73 -79 
-74 -76 -68 -70 -76 
-75 -72 -67 -72 -83 
-74 -80 -67 -73 -87 
-75 -67 -67 -73 -76 
-75 -66 -68 -72 -76 
-74 -75 -67 -74 -76 
-75 -71 -67 -73 -88 
-75 -68 -69 -72 -83 
-75 -73 -67 -70 -76 
-76 -72 -69 -74 -83 
-76 -80 -67 -71 -76 
-76 -66 -69 -73 -82 
-75 -66 -67 -70 -82 
-74 -80 -67 -70 -83 
-76 -72 -67 -73 -88 
-75 -73 -68 -71 -83 
-75 -80 -67 -72 -76 
-75 -72 -68 -73 -82 
-75 -73 -67 -72 -76 
-76 -72 -69 -70 -82 
-75 -80 -67 -72 -76 
-75 -69 -68 -73 -79 
-74 -76 -67 -70 -83 
-75 -66 -68 -74 -83 
-73 -71 -67 -70 -76 
-74 -72 -67 -71 -76 
-75 -67 -67 -71 -83 
-74 -73 -67 -74 -83 
-75 -67 -68 -72 -83 
-74 -80 -68 -70 -76 
-74 -69 -67 -74 -76 
-74 -67 -69 -74 -83 
-75 -71 -67 -71 -76 
-75 -66 -69 -71 -84 
-76 -66 -67 -73 -85 
-74 -67 -67 -70 -83 
-75 -73 -67 -74 -88 
-75 -66 -67 -71 -83 
-75 -72 -67 -74 -76 
-75 -80 -69 -73 -83 
-74 -72 -67 -70 -76 
-75 -76 -68 -73 -75 
-75 -80 -69 -70 -83 
-75 -76 -68 -71 -83 
-75 -81 -67 -70 -88 
-75 -66 -69 -72 -83 
-75 -79 -67 -74 -88 
-75 -66 -68 -72 -82 
-75 -66 -68 -74 -83 
-75 -75 -67 -70 -83 
-74 -66 -68 -71 -88 
-75 -76 -67 -71 -84 
-75 -72 -67 -74 -76 
-75 -76 -67 -71 -76 
-75 -80 -69 -72 -75 
-75 -68 -67 -71 -75 
-75 -71 -67 -74 -88 
-75 -66 -67 -70 -81 
-74 -66 -67 -70 -84 
-75 -72 -68 -71 -76 
-75 -66 -67 -72 -87 
-75 -66 -68 -72 -75 
-75 -76 -67 -72 -75 
-75 -72 -69 -70 -87 
-75 -76 -67 -72 -75 
-75 -80 -67 -74 -87 
-75 -72 -67 -74 -84 
-75 -80 -67 -70 -87 
-75 -66 -68 -74 -87 
-75 -66 -68 -74 -87 
-75 -76 -67 -72 -88 
-75 -76 -67 -71 -84 
-75 -72 -68 -71 -76 
-75 -66 -67 -70 -87 
-75 -69 -67 -74 -86 
-75 -66 -67 -73 -81 
-75 -72 -69 -70 -83 
-75 -67 -67 -72 -86 
-75 -71 -69 -70 -83 
-75 -75 -68 -71 -83 
-76 -67 -67 -71 -76 
-75 -72 -69 -72 -87 
-76 -80 -67 -70 -84 
-75 -76 -67 -71 -79 
-75 -72 -67 -72 -87 
-75 -76 -67 -74 -84 
-75 -80 -69 -70 -75 
-75 -66 -67 -73 -87 
-75 -81 -69 -74 -81 
-75 -71 -67 -72 -75 
-75 -66 -67 -72 -87 
-75 -80 -69 -70 -75 
-75 -72 -67 -72 -75 
-76 -72 -69 -70 -76 
-75 -80 -67 -73 -87 
-76 -66 -69 -70 -84 
-75 -69 -67 -71 -82 
-75 -66 -68 -70 -88 
-75 -66 -68 -70 -75 
-75 -66 -68 -73 -85 
-75 -72 -68 -74 -84 
-75 -66 -67 -74 -75 
-75 -66 -67 -72 -79 
-74 -80 -68 -71 -83 
-74 -66 -66 -71 -92 
-75 -69 -66 -71 -79 
-74 -66 -66 -71 -74 
-74 -70 -64 -72 -86 
-76 -80 -66 -75 -72 
-77 -71 -65 -71 -82 
-78 -72 -66 -72 -78 
-75 -71 -69 -70 -76 
-74 -75 -68 -70 -74 
-71 -75 -70 -69 -75 
-72 -67 -69 -69 -82 
-73 -71 -72 -69 -74 
-72 -81 -69 -76 -80 
-75 -66 -68 -70 -76 
-73 -78 -71 -73 -79 
-71 -71 -68 -68 -79 
-77 -77 -67 -68 -84 
-81 -67 -69 -70 -77 
-77 -68 -68 -72 -80 
-77 -66 -70 -73 -86 
-77 -78 -70 -69 -80 
-76 -69 -68 -71 -79 
-83 -67 -67 -70 -82 
-75 -71 -69 -69 -80 
-83 -65 -67 -71 -71 
-83 -75 -68 -69 -85 
-86 -67 -67 -74 -83 
-89 -72 -67 -75 -81 
-81 -74 -66 -70 -80 
-82 -73 -68 -74 -73 
-84 -71 -67 -70 -81 
-81 -70 -68 -74 -73 
-76 -71 -68 -70 -82 
-78 -68 -67 -71 -74 
-82 -73 -67 -69 -74 
-84 -72 -67 -72 -82 
-82 -69 -69 -72 -74 
-82 -67 -68 -76 -81 
-79 -74 -67 -71 -74 
-82 -71 -69 -77 -81 