239 6
-84 -70 -73 -69 -73 
-78 -69 -77 -74 -75 
-85 -69 -73 -69 -77 
-84 -72 -83 -68 -77 
-84 -69 -73 -69 -73 
-73 -70 -77 -73 -73 
-80 -72 -78 -72 -73 
-79 -73 -74 -73 -69 
-78 -72 -78 -73 -76 
-84 -69 -76 -69 -72 
-85 -69 -78 -73 -73 
-84 -91 -78 -73 -69 
-73 -69 -73 -69 -73 
-84 -70 -83 -73 -73 
-73 -73 -74 -69 -75 
-73 -72 -73 -69 -72 
-84 -69 -74 -77 -69 
-73 -71 -74 -73 -72 
-73 -80 -74 -77 -72 
-84 -70 -74 -72 -72 
-78 -79 -85 -68 -73 
-86 -72 -74 -69 -72 
-85 -72 -84 -76 -76 
-72 -70 -79 -71 -73 
-72 -77 -74 -69 -76 
-72 -75 -74 -69 -72 
-72 -77 -73 -72 -72 
-72 -68 -79 -69 -75 
-84 -69 -84 -69 -75 
-84 -72 -77 -72 -71 
-72 -72 -75 -76 -74 
-83 -72 -73 -69 -76 
-78 -72 -79 -72 -73 
-76 -87 -79 -73 -72 
-72 -72 -74 -72 -69 
-72 -72 -74 -69 -75 
-84 -70 -74 -69 -72 
-83 -78 -79 -73 -71 
-84 -78 -75 -73 -71 
-73 -72 -78 -69 -71 
-85 -80 -81 -73 -75 
-72 -72 -74 -69 -74 
-85 -72 -74 -69 -74 
-76 -69 -74 -71 -72 
-85 -72 -80 -77 -74 
-73 -70 -74 -69 -69 
-73 -88 -79 -73 -72 
-86 -69 -79 -73 -75 
-81 -79 -80 -69 -75 
-72 -78 -78 -73 -75 
-73 -69 -75 -73 -69 
-84 -72 -74 -77 -76 
-79 -72 -74 -69 -72 
-78 -69 -74 -73 -75 
-73 -80 -75 -73 -75 
-84 -70 -78 -71 -72 
-73 -69 -73 -69 -71 
-73 -73 -79 -71 -71 
-73 -69 -86 -72 -72 
-73 -71 -78 -72 -75 
-73 -70 -79 -69 -69 
-73 -88 -79 -73 -72 
-87 -72 -75 -68 -69 
-85 -88 -74 -73 -72 
-73 -69 -77 -74 -75 
-86 -76 -77 -71 -71 
-85 -69 -79 -73 -75 
-85 -72 -74 -69 -75 
-79 -72 -86 -77 -76 
-85 -69 -74 -66 -76 
-85 -69 -74 -69 -75 
-78 -72 -74 -73 -75 
-83 -69 -86 -77 -76 
-73 -89 -74 -69 -75 
-73 -68 -80 -73 -72 
-73 -79 -79 -73 -69 
-73 -69 -75 -72 -72 
-73 -69 -78 -71 -72 
-84 -71 -75 -69 -71 
-73 -79 -76 -72 -72 
-73 -78 -74 -69 -75 
-85 -69 -80 -69 -72 
-85 -72 -85 -69 -69 
-85 -72 -80 -73 -75 
-85 -89 -74 -77 -69 
-85 -72 -86 -69 -75 
-73 -88 -74 -77 -76 
-85 -69 -74 -69 -75 
-73 -69 -74 -69 -72 
-73 -69 -74 -72 -72 
-73 -87 -74 -69 -76 
-73 -72 -74 -69 -75 
-73 -79 -86 -69 -72 
-85 -72 -74 -77 -75 
-85 -72 -74 -72 -69 
-84 -78 -74 -72 -72 
-84 -69 -79 -69 -72 
-73 -88 -74 -73 -72 
-73 -70 -80 -72 -72 
-73 -78 -74 -69 -72 
-73 -78 -79 -72 -72 
-84 -69 -79 -76 -72 
-84 -80 -73 -72 -76 
-73 -76 -79 -71 -72 
-84 -78 -78 -69 -71 
-84 -79 -79 -69 -71 
-73 -71 -74 -76 -74 
-84 -88 -84 -69 -69 
-73 -72 -85 -76 -74 
-84 -88 -74 -69 -69 
-84 -70 -84 -76 -75 
-73 -72 -74 -72 -71 
-79 -72 -74 -71 -72 
-85 -69 -74 -69 -76 
-85 -87 -74 -69 -69 
-73 -69 -74 -77 -76 
-73 -78 -75 -72 -75 
-85 -78 -81 -72 -73 
-73 -77 -78 -73 -72 
-73 -69 -80 -69 -72 
-73 -69 -75 -72 -71 
-85 -69 -74 -69 -75 
-84 -72 -73 -70 -76 
-84 -73 -77 -72 -72 
-84 -71 -79 -73 -69 
-84 -71 -74 -70 -72 
-73 -72 -73 -70 -75 
-73 -72 -78 -70 -74 
-84 -69 -79 -72 -75 
-84 -78 -74 -73 -71 
-84 -80 -74 -76 -71 
-73 -72 -74 -70 -72 
-84 -72 -79 -70 -73 
-84 -69 -79 -72 -72 
-85 -72 -80 -72 -72 
-73 -70 -74 -73 -73 
-78 -72 -74 -69 -73 
-73 -69 -80 -76 -72 
-73 -87 -74 -70 -76 
-73 -78 -80 -70 -72 
-73 -78 -79 -70 -75 
-73 -69 -73 -70 -72 
-73 -72 -78 -70 -74 
-84 -72 -77 -75 -73 
-73 -79 -78 -70 -71 
-82 -77 -74 -70 -72 
-82 -69 -75 -70 -72 
-82 -77 -85 -73 -77 
-79 -71 -76 -69 -68 
-81 -74 -76 -78 -71 
-80 -69 -75 -72 -78 
-80 -75 -86 -72 -75 
-73 -74 -80 -72 -74 
-80 -70 -83 -72 -69 
-73 -75 -83 -83 -72 
-74 -77 -83 -73 -72 
-81 -83 -77 -75 -70 
-80 -73 -85 -77 -77 
-81 -75 -78 -74 -73 
-72 -70 -81 -74 -70 
-72 -69 -77 -77 -76 
-81 -68 -82 -70 -75 
-80 -76 -76 -77 -74 
-77 -73 -74 -73 -75 
-79 -76 -86 -73 -73 
-80 -79 -77 -76 -71 
-78 -72 -77 -84 -69 
-78 -72 -71 -74 -72 
-74 -70 -72 -69 -79 
-81 -73 -73 -75 -70 
-85 -72 -79 -75 -76 
-85 -70 -84 -71 -82 
-79 -78 -75 -73 -77 
-79 -76 -73 -71 -79 
-79 -76 -72 -75 -83 
-80 -71 -80 -75 -69 
-75 -80 -74 -70 -80 
-73 -73 -72 -70 -80 
-77 -69 -72 -72 -69 
-76 -77 -74 -75 -80 
-72 -70 -75 -72 -82 
-75 -74 -71 -72 -69 
-85 -75 -72 -70 -79 
-80 -88 -89 -72 -85 
-79 -74 -81 -72 -69 
-87 -89 -73 -71 -85 
-79 -70 -81 -70 -69 
-82 -70 -80 -72 -69 
-73 -70 -73 -71 -84 
-80 -78 -87 -72 -83 
-73 -70 -88 -72 -86 
-86 -89 -74 -74 -87 
-80 -70 -73 -71 -69 
-86 -79 -80 -71 -70 
-73 -90 -74 -70 -87 
-83 -70 -73 -71 -69 
-79 -79 -89 -72 -86 
-80 -79 -78 -72 -70 
-88 -74 -73 -71 -87 
-81 -80 -73 -72 -70 
-76 -72 -73 -72 -77 
-84 -73 -90 -74 -77 
-73 -70 -81 -72 -78 
-83 -70 -82 -72 -70 
-84 -79 -73 -71 -70 
-72 -76 -73 -72 -86 
-72 -70 -74 -71 -70 
-80 -70 -74 -71 -70 
-84 -80 -74 -71 -85 
-73 -78 -74 -73 -87 
-73 -87 -74 -74 -70 
-84 -71 -74 -73 -87 
-81 -70 -74 -71 -70 
-78 -77 -74 -72 -70 
-81 -70 -74 -73 -70 
-81 -70 -92 -72 -88 
-77 -74 -74 -72 -87 
-73 -74 -74 -73 -87 
-84 -81 -73 -72 -70 
-81 -70 -73 -74 -88 
-84 -78 -73 -72 -86 
-77 -80 -74 -72 -70 
-73 -74 -74 -72 -87 
-81 -69 -74 -72 -70 
-81 -74 -75 -71 -85 
-73 -72 -75 -72 -78 
-80 -72 -73 -72 -70 
-72 -70 -74 -71 -88 
-78 -88 -71 -73 -69 
-73 -70 -78 -72 -78 
-77 -76 -72 -73 -81 
-83 -75 -82 -77 -69 
-78 -71 -75 -72 -73 
-76 -72 -78 -74 -80 
-83 -84 -74 -78 -77 
-73 -73 -73 -72 -78 
-75 -80 -83 -71 -76 
-74 -71 -72 -75 -77 
-80 -71 -71 -71 -77 