292 7
-79 -77 -72 -83 -75 
-74 -87 -72 -75 -84 
-87 -76 -71 -80 -75 
-77 -77 -71 -79 -82 
-79 -87 -72 -78 -81 
-75 -76 -81 -79 -81 
-74 -76 -75 -84 -75 
-77 -77 -80 -83 -82 
-84 -75 -71 -81 -81 
-74 -77 -71 -76 -80 
-76 -77 -71 -77 -74 
-78 -77 -72 -80 -81 
-75 -76 -80 -78 -79 
-74 -77 -71 -80 -83 
-74 -77 -74 -76 -80 
-86 -75 -72 -75 -79 
-73 -85 -71 -78 -83 
-76 -75 -80 -76 -79 
-73 -82 -71 -80 -80 
-75 -80 -78 -78 -78 
-80 -77 -74 -76 -78 
-75 -77 -75 -76 -77 
-74 -76 -72 -78 -83 
-75 -77 -71 -77 -77 
-75 -74 -71 -83 -81 
-78 -80 -79 -78 -74 
-75 -75 -71 -78 -75 
-75 -76 -73 -81 -81 
-74 -86 -76 -74 -81 
-75 -79 -71 -81 -82 
-74 -76 -71 -80 -79 
-82 -77 -74 -75 -77 
-76 -75 -71 -78 -78 
-74 -76 -77 -81 -81 
-74 -76 -71 -79 -78 
-74 -75 -77 -81 -77 
-87 -77 -77 -79 -80 
-74 -75 -77 -82 -80 
-76 -76 -77 -81 -80 
-74 -76 -83 -78 -81 
-74 -76 -82 -78 -74 
-76 -87 -71 -74 -81 
-74 -77 -83 -81 -81 
-78 -77 -77 -76 -78 
-77 -86 -71 -75 -81 
-74 -75 -82 -79 -81 
-74 -86 -71 -75 -77 
-77 -75 -81 -79 -75 
-74 -76 -82 -76 -81 
-82 -75 -76 -77 -75 
-80 -77 -71 -77 -78 
-74 -86 -71 -75 -81 
-81 -81 -76 -76 -75 
-77 -77 -83 -79 -81 
-77 -76 -74 -76 -75 
-77 -87 -76 -76 -77 
-77 -77 -82 -80 -74 
-89 -87 -71 -74 -81 
-77 -75 -71 -79 -81 
-74 -86 -82 -74 -74 
-75 -76 -71 -76 -78 
-74 -76 -76 -76 -81 
-74 -80 -70 -79 -81 
-75 -86 -71 -80 -77 
-77 -81 -76 -77 -81 
-74 -83 -71 -74 -81 
-74 -81 -71 -77 -76 
-74 -76 -76 -78 -75 
-77 -77 -71 -81 -81 
-74 -78 -71 -79 -81 
-89 -76 -82 -79 -75 
-76 -77 -71 -74 -81 
-77 -87 -70 -74 -75 
-77 -76 -71 -79 -78 
-74 -76 -71 -77 -81 
-74 -76 -71 -76 -75 
-75 -81 -71 -77 -81 
-74 -77 -71 -77 -77 
-82 -78 -71 -80 -81 
-74 -81 -71 -76 -75 
-77 -76 -76 -74 -75 
-81 -75 -82 -78 -81 
-74 -77 -82 -81 -81 
-81 -77 -76 -78 -81 
-74 -76 -71 -81 -78 
-74 -77 -74 -75 -75 
-77 -77 -82 -81 -81 
-75 -76 -71 -75 -78 
-77 -76 -76 -79 -81 
-74 -86 -82 -77 -78 
-74 -75 -71 -79 -75 
-80 -86 -75 -77 -78 
-74 -77 -71 -79 -81 
-77 -86 -71 -75 -75 
-77 -81 -76 -79 -81 
-74 -76 -82 -77 -81 
-77 -77 -71 -78 -81 
-88 -76 -71 -81 -81 
-74 -77 -82 -79 -75 
-74 -76 -76 -81 -78 
-74 -76 -71 -79 -78 
-89 -76 -71 -77 -81 
-74 -77 -76 -80 -78 
-77 -76 -82 -74 -81 
-75 -76 -71 -77 -78 
-74 -81 -76 -78 -79 
-74 -77 -71 -80 -77 
-77 -76 -74 -81 -81 
-74 -77 -71 -77 -78 
-74 -82 -83 -77 -78 
-74 -77 -76 -78 -81 
-77 -85 -82 -81 -75 
-77 -76 -71 -81 -78 
-83 -76 -76 -81 -81 
-77 -76 -71 -78 -78 
-77 -78 -76 -75 -79 
-77 -76 -71 -77 -78 
-76 -77 -71 -78 -78 
-74 -87 -71 -81 -81 
-77 -77 -74 -79 -75 
-74 -86 -71 -81 -80 
-77 -77 -74 -78 -75 
-74 -77 -71 -77 -81 
-75 -81 -76 -77 -77 
-87 -81 -71 -79 -75 
-74 -76 -71 -75 -77 
-81 -76 -71 -77 -77 
-75 -76 -76 -78 -78 
-77 -78 -82 -79 -81 
-77 -76 -76 -78 -75 
-77 -77 -76 -77 -77 
-77 -81 -71 -78 -78 
-77 -81 -73 -77 -81 
-77 -82 -71 -78 -78 
-75 -81 -71 -78 -78 
-77 -81 -71 -78 -78 
-77 -77 -76 -78 -81 
-74 -87 -71 -75 -75 
-77 -80 -71 -75 -81 
-74 -76 -71 -81 -81 
-76 -78 -76 -74 -75 
-77 -76 -82 -80 -81 
-77 -78 -82 -80 -81 
-75 -76 -76 -77 -75 
-74 -76 -71 -77 -78 
-76 -76 -71 -80 -80 
-76 -77 -74 -77 -78 
-77 -86 -71 -81 -75 
-74 -76 -82 -79 -81 
-77 -86 -77 -75 -81 
-75 -76 -76 -79 -81 
-75 -77 -82 -75 -81 
-74 -86 -82 -77 -81 
-75 -77 -82 -77 -78 
-77 -87 -71 -78 -75 
-75 -80 -73 -77 -75 
-81 -78 -71 -79 -78 
-77 -76 -71 -75 -81 
-75 -77 -71 -79 -75 
-77 -87 -71 -81 -81 
-74 -79 -71 -75 -78 
-81 -78 -71 -80 -80 
-77 -76 -71 -75 -75 
-77 -76 -71 -77 -81 
-89 -77 -82 -81 -78 
-75 -76 -71 -75 -81 
-74 -86 -76 -81 -81 
-74 -80 -71 -79 -82 
-76 -87 -71 -75 -81 
-77 -76 -83 -78 -81 
-75 -82 -76 -76 -75 
-79 -76 -71 -80 -81 
-75 -76 -71 -79 -75 
-76 -76 -72 -79 -81 
-75 -75 -76 -81 -78 
-75 -76 -83 -77 -76 
-77 -76 -83 -77 -78 
-74 -75 -71 -79 -81 
-75 -87 -71 -79 -80 
-87 -76 -72 -81 -81 
-75 -75 -83 -75 -75 
-74 -76 -83 -80 -78 
-77 -77 -71 -80 -78 
-75 -76 -76 -77 -78 
-77 -78 -71 -80 -75 
-75 -82 -75 -79 -75 
-77 -81 -71 -78 -79 
-77 -81 -71 -80 -81 
-75 -76 -78 -77 -77 
-75 -75 -71 -80 -82 
-74 -76 -71 -80 -77 
-75 -78 -71 -78 -78 
-77 -76 -71 -79 -81 
-88 -87 -82 -75 -75 
-77 -78 -71 -79 -80 
-77 -76 -76 -77 -78 
-77 -78 -78 -74 -78 
-75 -83 -71 -81 -80 
-77 -78 -76 -76 -79 
-78 -77 -83 -75 -82 
-74 -78 -80 -81 -76 
-73 -77 -71 -80 -81 
-78 -76 -71 -81 -74 
-88 -75 -72 -75 -74 
-73 -87 -70 -79 -74 
-75 -77 -71 -82 -80 
-75 -75 -70 -87 -76 
-75 -75 -76 -75 -76 
-80 -77 -77 -75 -76 
-75 -86 -70 -78 -71 
-76 -80 -74 -78 -77 
-77 -78 -80 -75 -77 
-76 -78 -86 -84 -80 
-74 -78 -76 -83 -79 
-75 -81 -70 -78 -83 
-75 -79 -71 -84 -79 
-81 -84 -71 -74 -81 
-73 -78 -74 -82 -77 
-78 -79 -70 -77 -83 
-75 -82 -71 -77 -76 
-72 -78 -71 -79 -75 
-77 -78 -73 -76 -81 
-80 -78 -72 -78 -79 
-75 -79 -73 -80 -76 
-86 -83 -70 -78 -74 
-91 -79 -72 -81 -78 
-78 -76 -72 -78 -75 
-73 -80 -75 -80 -76 
-86 -76 -75 -75 -81 
-79 -87 -76 -81 -76 
-76 -76 -85 -75 -79 
-83 -77 -71 -76 -80 
-75 -78 -73 -84 -78 
-77 -79 -79 -77 -83 
-82 -78 -85 -76 -79 
-81 -76 -71 -76 -75 
-82 -76 -77 -75 -73 
-74 -77 -71 -76 -82 
-84 -77 -71 -79 -72 
-76 -85 -72 -76 -81 
-77 -78 -81 -83 -72 
-75 -78 -82 -86 -76 
-74 -80 -84 -84 -76 
-76 -75 -77 -74 -81 
-75 -81 -72 -79 -75 
-77 -78 -72 -84 -82 
-79 -80 -71 -79 -74 
-77 -77 -72 -79 -80 
-77 -77 -71 -79 -80 
-76 -79 -71 -78 -78 
-74 -77 -69 -76 -74 
-74 -77 -71 -79 -78 
-74 -76 -75 -84 -78 
-74 -77 -75 -80 -81 
-73 -76 -71 -74 -79 
-79 -77 -85 -77 -79 
-73 -79 -84 -80 -74 
-73 -83 -72 -88 -74 
-87 -77 -72 -74 -82 
-73 -83 -72 -79 -74 
-73 -80 -83 -73 -81 
-86 -78 -71 -75 -78 
-73 -83 -83 -78 -74 
-73 -76 -72 -75 -80 
-73 -80 -72 -74 -79 
-88 -75 -71 -82 -80 
-73 -83 -72 -74 -74 
-74 -75 -72 -79 -81 
-76 -80 -71 -75 -78 
-88 -83 -82 -73 -79 
-76 -75 -72 -80 -78 
-77 -75 -77 -76 -79 
-85 -77 -72 -79 -83 
-73 -75 -72 -87 -78 
-73 -80 -72 -87 -83 
-85 -83 -72 -78 -74 
-74 -77 -72 -87 -83 
-73 -83 -72 -78 -83 
-77 -75 -72 -74 -74 
-73 -76 -83 -87 -83 
-76 -76 -77 -82 -78 
-74 -77 -71 -79 -77 
-74 -75 -72 -76 -80 
-77 -83 -81 -82 -75 
-75 -76 -72 -79 -83 
-77 -80 -74 -80 -83 
-75 -77 -71 -75 -80 
-75 -77 -81 -81 -81 
-75 -78 -77 -81 -75 
-78 -76 -71 -81 -85 
-73 -78 -71 -84 -75 
-75 -79 -80 -83 -81 