274 8
-72 -69 -69 -72 -64 
-72 -70 -69 -75 -75 
-71 -68 -71 -71 -64 
-74 -70 -68 -77 -75 
-72 -66 -70 -70 -72 
-79 -68 -71 -73 -68 
-72 -68 -68 -74 -76 
-83 -69 -71 -70 -65 
-75 -65 -74 -70 -72 
-74 -66 -74 -71 -73 
-75 -68 -68 -70 -71 
-78 -66 -74 -71 -77 
-76 -66 -71 -72 -71 
-78 -70 -68 -72 -77 
-76 -66 -74 -70 -71 
-78 -68 -71 -72 -78 
-70 -66 -68 -72 -65 
-74 -66 -71 -71 -71 
-79 -68 -74 -69 -78 
-77 -70 -68 -71 -65 
-80 -68 -74 -70 -78 
-71 -70 -71 -71 -65 
-76 -68 -68 -69 -78 
-71 -70 -71 -72 -65 
-81 -68 -69 -70 -77 
-71 -70 -74 -71 -65 
-76 -68 -68 -70 -77 
-72 -66 -68 -70 -71 
-81 -68 -71 -71 -65 
-71 -70 -68 -71 -77 
-81 -68 -68 -72 -71 
-82 -70 -74 -72 -65 
-71 -68 -68 -71 -71 
-74 -69 -71 -71 -68 
-83 -68 -74 -70 -65 
-72 -70 -72 -71 -70 
-75 -68 -73 -70 -71 
-83 -65 -68 -72 -65 
-76 -68 -74 -70 -75 
-71 -66 -70 -72 -65 
-76 -66 -74 -71 -71 
-76 -66 -70 -71 -78 
-76 -70 -68 -71 -74 
-76 -68 -71 -70 -78 
-71 -68 -74 -72 -72 
-76 -70 -68 -70 -65 
-71 -66 -74 -72 -71 
-72 -70 -68 -71 -68 
-73 -68 -72 -71 -65 
-83 -68 -68 -71 -77 
-72 -69 -74 -71 -71 
-75 -70 -74 -70 -65 
-72 -67 -72 -70 -71 
-75 -68 -72 -69 -70 
-77 -65 -74 -72 -65 
-75 -68 -72 -71 -71 
-79 -67 -73 -69 -64 
-72 -70 -74 -70 -78 
-74 -68 -68 -71 -71 
-72 -65 -74 -70 -78 
-79 -66 -71 -72 -70 
-77 -66 -69 -70 -74 
-75 -68 -74 -72 -78 
-73 -65 -74 -71 -68 
-72 -65 -67 -70 -65 
-75 -68 -74 -70 -78 
-72 -70 -69 -72 -65 
-84 -65 -72 -71 -65 
-75 -68 -72 -72 -71 
-84 -66 -72 -70 -65 
-78 -70 -72 -71 -68 
-74 -68 -70 -70 -71 
-73 -67 -70 -70 -64 
-76 -67 -74 -71 -68 
-74 -66 -67 -72 -71 
-84 -67 -74 -71 -64 
-79 -65 -70 -70 -77 
-72 -67 -70 -72 -71 
-73 -70 -72 -71 -74 
-75 -69 -74 -71 -71 
-77 -69 -73 -71 -74 
-76 -67 -68 -70 -65 
-72 -70 -73 -71 -68 
-75 -66 -68 -70 -71 
-72 -67 -72 -71 -64 
-74 -68 -70 -72 -79 
-79 -65 -69 -71 -68 
-79 -66 -69 -71 -71 
-84 -66 -67 -70 -65 
-84 -70 -72 -72 -70 
-72 -68 -68 -70 -71 
-75 -68 -73 -70 -71 
-74 -66 -72 -72 -77 
-85 -68 -72 -71 -74 
-75 -70 -74 -71 -71 
-85 -67 -72 -72 -77 
-84 -69 -71 -71 -68 
-75 -68 -71 -70 -71 
-72 -70 -74 -72 -71 
-79 -67 -70 -70 -78 
-72 -67 -72 -70 -71 
-73 -67 -74 -72 -72 
-73 -68 -67 -70 -78 
-74 -67 -74 -71 -64 
-72 -67 -69 -70 -77 
-87 -68 -74 -71 -65 
-73 -70 -72 -72 -74 
-75 -66 -73 -71 -71 
-91 -68 -71 -70 -71 
-74 -68 -70 -71 -76 
-74 -68 -70 -70 -73 
-74 -69 -71 -71 -71 
-75 -66 -72 -72 -76 
-73 -66 -72 -71 -68 
-73 -69 -68 -70 -72 
-86 -68 -72 -72 -77 
-75 -70 -75 -72 -72 
-80 -66 -68 -72 -71 
-73 -69 -72 -71 -70 
-72 -70 -72 -72 -78 
-75 -68 -75 -71 -71 
-77 -69 -71 -72 -71 
-72 -70 -68 -72 -65 
-75 -69 -75 -71 -71 
-75 -67 -75 -71 -65 
-83 -71 -68 -72 -78 
-75 -66 -72 -71 -65 
-72 -66 -71 -73 -74 
-73 -65 -68 -71 -71 
-73 -67 -68 -72 -65 
-75 -70 -68 -72 -78 
-72 -66 -75 -72 -65 
-82 -68 -68 -71 -78 
-75 -70 -72 -72 -65 
-82 -68 -68 -72 -78 
-75 -70 -72 -71 -64 
-81 -66 -68 -72 -78 
-75 -70 -72 -71 -65 
-72 -65 -68 -72 -78 
-73 -68 -68 -71 -71 
-75 -70 -75 -72 -65 
-72 -68 -71 -71 -71 
-71 -66 -67 -71 -78 
-78 -69 -71 -71 -71 
-75 -65 -72 -72 -65 
-78 -68 -69 -71 -71 
-75 -71 -71 -72 -78 
-73 -66 -72 -71 -71 
-72 -68 -75 -73 -71 
-75 -68 -72 -71 -71 
-72 -66 -75 -72 -65 
-75 -68 -72 -71 -71 
-73 -65 -75 -72 -68 
-76 -68 -72 -71 -79 
-76 -68 -71 -71 -65 
-78 -65 -66 -71 -71 
-76 -70 -70 -72 -75 
-73 -65 -75 -71 -71 
-76 -68 -71 -71 -65 
-82 -65 -75 -71 -75 
-71 -68 -75 -72 -65 
-83 -70 -67 -71 -78 
-71 -68 -75 -72 -65 
-81 -67 -69 -71 -68 
-72 -68 -72 -71 -78 
-71 -69 -71 -71 -71 
-75 -70 -71 -72 -65 
-82 -68 -75 -71 -71 
-74 -66 -69 -72 -65 
-74 -67 -72 -71 -75 
-72 -71 -72 -72 -72 
-75 -66 -75 -71 -65 
-83 -68 -72 -72 -72 
-73 -68 -72 -71 -65 
-73 -70 -68 -71 -71 
-79 -68 -68 -72 -77 
-72 -66 -75 -71 -66 
-72 -68 -69 -72 -68 
-83 -68 -75 -70 -77 
-75 -70 -71 -72 -65 
-75 -67 -71 -71 -71 
-72 -65 -70 -73 -70 
-72 -70 -69 -72 -65 
-70 -68 -72 -72 -72 
-79 -66 -70 -75 -71 
-75 -69 -68 -71 -77 
-84 -68 -72 -72 -66 
-74 -69 -71 -71 -70 
-72 -67 -69 -71 -68 
-76 -69 -70 -74 -66 
-72 -66 -70 -72 -72 
-69 -67 -68 -72 -81 
-76 -64 -75 -70 -70 
-84 -67 -72 -72 -69 
-82 -70 -74 -68 -77 
-69 -69 -70 -70 -69 
-71 -69 -70 -71 -87 
-73 -70 -76 -71 -72 
-71 -67 -71 -71 -71 
-74 -67 -72 -69 -72 
-73 -68 -72 -70 -72 
-72 -69 -71 -72 -72 
-75 -69 -71 -72 -72 
-81 -67 -71 -70 -72 
-80 -70 -70 -73 -72 
-71 -68 -71 -71 -73 
-74 -68 -71 -71 -73 
-74 -69 -73 -71 -72 
-80 -68 -68 -74 -89 
-74 -71 -75 -71 -73 
-71 -69 -71 -73 -72 
-75 -68 -69 -72 -72 
-74 -66 -69 -70 -72 
-71 -68 -71 -70 -72 
-74 -67 -70 -72 -72 
-77 -68 -71 -71 -72 
-72 -67 -72 -71 -73 
-73 -68 -71 -72 -72 
-74 -70 -74 -72 -72 
-68 -66 -69 -70 -73 
-72 -69 -71 -72 -72 
-71 -69 -71 -73 -72 
-74 -69 -72 -70 -72 
-74 -68 -69 -72 -72 
-71 -69 -69 -72 -72 
-71 -68 -71 -72 -72 
-82 -69 -71 -70 -72 
-81 -69 -71 -70 -72 
-78 -68 -71 -70 -72 
-82 -69 -71 -69 -72 
-75 -67 -71 -70 -72 
-75 -66 -70 -71 -72 
-78 -68 -69 -72 -72 
-73 -69 -71 -71 -72 
-77 -67 -73 -71 -72 
-68 -65 -71 -74 -72 
-76 -67 -71 -71 -72 
-71 -68 -70 -72 -72 
-75 -66 -69 -72 -72 
-75 -68 -72 -72 -71 
-68 -67 -71 -72 -72 
-73 -66 -71 -71 -72 
-75 -68 -71 -72 -72 
-71 -68 -72 -72 -72 
-71 -67 -71 -70 -72 
-81 -66 -71 -72 -72 
-78 -66 -72 -71 -72 
-71 -68 -74 -71 -72 
-82 -68 -72 -71 -72 
-75 -71 -69 -70 -72 
-71 -68 -69 -71 -72 
-74 -69 -72 -71 -72 
-71 -68 -71 -70 -72 
-82 -66 -70 -71 -72 
-84 -68 -71 -72 -72 
-74 -68 -71 -72 -72 
-74 -68 -70 -71 -80 
-74 -68 -71 -71 -71 
-80 -70 -72 -71 -71 
-73 -69 -72 -72 -70 
-71 -70 -73 -71 -72 
-75 -67 -71 -71 -70 
-78 -67 -72 -73 -81 
-69 -67 -70 -72 -72 
-77 -68 -71 -70 -77 
-69 -70 -71 -71 -86 
-82 -69 -68 -69 -70 
-68 -65 -70 -72 -82 
-78 -67 -74 -73 -79 
-77 -67 -70 -75 -84 
-76 -69 -72 -73 -70 
-79 -67 -71 -71 -70 
-72 -70 -75 -73 -85 
-76 -68 -72 -71 -70 