216 9
-87 -77 -78 -77 -81 
-76 -76 -77 -75 -82 
-78 -77 -74 -71 -82 
-90 -77 -81 -77 -81 
-78 -77 -74 -77 -87 
-78 -80 -78 -72 -80 
-78 -77 -82 -78 -81 
-77 -80 -75 -76 -81 
-79 -77 -77 -73 -80 
-78 -77 -75 -77 -83 
-78 -77 -75 -74 -81 
-79 -80 -76 -75 -84 
-85 -85 -82 -70 -84 
-79 -77 -76 -78 -84 
-86 -75 -74 -71 -85 
-77 -79 -77 -75 -84 
-84 -76 -81 -70 -80 
-78 -79 -84 -74 -81 
-77 -81 -77 -77 -82 
-85 -77 -86 -76 -84 
-83 -82 -80 -74 -83 
-87 -78 -80 -73 -85 
-84 -77 -80 -72 -80 
-80 -76 -81 -71 -82 
-80 -78 -80 -78 -78 
-80 -75 -81 -80 -84 
-81 -83 -80 -76 -84 
-77 -77 -72 -70 -85 
-87 -74 -74 -73 -83 
-87 -76 -73 -78 -79 
-74 -80 -77 -75 -81 
-79 -79 -72 -74 -82 
-85 -80 -78 -72 -80 
-75 -81 -76 -79 -82 
-84 -77 -74 -77 -80 
-77 -80 -78 -80 -80 
-82 -78 -79 -76 -83 
-84 -78 -82 -75 -80 
-78 -76 -74 -77 -81 
-82 -81 -79 -76 -81 
-82 -82 -77 -75 -80 
-80 -83 -80 -70 -79 
-82 -80 -81 -74 -78 
-82 -82 -77 -75 -78 
-88 -81 -75 -73 -78 
-76 -82 -75 -77 -78 
-76 -82 -79 -70 -83 
-88 -81 -75 -77 -83 
-81 -81 -78 -74 -79 
-76 -82 -75 -77 -81 
-86 -82 -75 -74 -83 
-76 -81 -75 -78 -79 
-75 -80 -81 -78 -83 
-76 -82 -77 -74 -79 
-86 -82 -75 -78 -83 
-87 -81 -78 -78 -82 
-75 -80 -76 -77 -79 
-76 -82 -80 -73 -78 
-79 -81 -76 -73 -83 
-76 -82 -75 -73 -83 
-81 -80 -80 -74 -83 
-82 -81 -77 -74 -81 
-75 -81 -77 -73 -79 
-88 -82 -75 -78 -78 
-81 -81 -80 -78 -80 
-81 -80 -80 -70 -82 
-75 -81 -79 -75 -81 
-76 -80 -78 -72 -83 
-76 -81 -80 -74 -79 
-87 -81 -81 -78 -79 
-76 -81 -75 -77 -78 
-76 -83 -75 -77 -79 
-75 -81 -75 -77 -79 
-76 -83 -81 -78 -79 
-86 -81 -77 -77 -80 
-86 -81 -77 -73 -82 
-75 -81 -76 -75 -79 
-75 -82 -77 -74 -79 
-75 -81 -75 -70 -79 
-76 -81 -75 -74 -81 
-88 -80 -77 -78 -79 
-89 -83 -75 -78 -81 
-75 -81 -80 -70 -82 
-75 -82 -76 -75 -82 
-76 -80 -76 -73 -82 
-75 -81 -75 -73 -79 
-86 -80 -81 -78 -79 
-76 -80 -80 -77 -82 
-86 -81 -76 -78 -79 
-75 -81 -78 -74 -82 
-75 -80 -76 -75 -82 
-80 -80 -75 -75 -79 
-75 -82 -75 -74 -82 
-87 -81 -75 -73 -79 
-75 -81 -77 -75 -82 
-76 -81 -78 -75 -79 
-81 -81 -77 -70 -79 
-78 -80 -77 -75 -79 
-76 -81 -75 -77 -79 
-75 -81 -75 -77 -79 
-76 -82 -78 -78 -83 
-76 -81 -75 -74 -79 
-76 -83 -75 -74 -79 
-76 -82 -75 -74 -80 
-75 -81 -77 -74 -81 
-76 -80 -80 -78 -81 
-76 -81 -78 -74 -81 
-87 -81 -81 -77 -79 
-75 -81 -78 -74 -83 
-87 -82 -75 -77 -82 
-75 -82 -75 -78 -82 
-76 -81 -77 -78 -79 
-76 -81 -76 -70 -79 
-76 -83 -75 -73 -82 
-76 -81 -75 -78 -83 
-76 -80 -76 -73 -79 
-81 -80 -77 -77 -82 
-76 -80 -80 -77 -79 
-76 -81 -80 -73 -79 
-76 -80 -80 -70 -79 
-76 -81 -77 -77 -79 
-76 -80 -77 -75 -79 
-76 -82 -77 -72 -79 
-87 -80 -78 -78 -79 
-87 -82 -77 -78 -82 
-76 -81 -77 -74 -79 
-76 -81 -80 -78 -83 
-76 -83 -75 -77 -79 
-88 -82 -76 -76 -80 
-76 -81 -77 -72 -82 
-87 -81 -76 -75 -80 
-76 -81 -81 -70 -82 
-76 -80 -80 -78 -79 
-75 -80 -76 -76 -79 
-76 -81 -77 -78 -79 
-87 -82 -80 -78 -79 
-75 -81 -75 -70 -83 
-87 -83 -80 -78 -79 
-84 -81 -77 -73 -82 
-80 -83 -75 -80 -79 
-78 -80 -77 -76 -78 
-87 -79 -83 -69 -79 
-89 -79 -77 -78 -78 
-87 -77 -74 -76 -79 
-83 -79 -74 -75 -78 
-80 -81 -74 -77 -83 
-77 -78 -77 -78 -84 
-78 -76 -77 -78 -77 
-83 -79 -74 -76 -82 
-75 -75 -78 -83 -87 
-85 -80 -79 -74 -80 
-80 -79 -78 -80 -83 
-78 -76 -74 -73 -79 
-84 -77 -74 -75 -80 
-85 -76 -78 -74 -81 
-81 -78 -72 -74 -77 
-85 -75 -72 -73 -80 
-85 -76 -74 -74 -80 
-83 -78 -74 -75 -83 
-84 -78 -76 -80 -84 
-84 -76 -80 -76 -83 
-82 -78 -81 -73 -83 
-84 -80 -74 -82 -83 
-80 -75 -78 -87 -82 
-85 -77 -75 -82 -80 
-79 -77 -77 -82 -83 
-84 -77 -74 -85 -82 
-83 -76 -75 -77 -83 
-83 -80 -75 -78 -84 
-79 -82 -75 -77 -83 
-80 -81 -77 -77 -84 
-81 -80 -75 -77 -85 
-79 -76 -77 -82 -84 
-83 -78 -79 -80 -85 
-84 -79 -76 -78 -87 
-82 -81 -77 -83 -86 
-80 -83 -76 -78 -84 
-83 -78 -78 -79 -85 
-80 -77 -80 -78 -86 
-81 -80 -77 -83 -86 
-80 -78 -76 -83 -86 
-82 -79 -76 -78 -86 
-81 -79 -76 -84 -86 
-81 -75 -76 -80 -86 
-80 -84 -76 -78 -85 
-80 -78 -76 -78 -86 
-82 -80 -74 -77 -86 
-81 -80 -77 -80 -87 
-86 -80 -73 -80 -84 
-80 -77 -74 -80 -87 
-80 -84 -80 -77 -84 
-81 -79 -74 -80 -85 
-80 -83 -74 -80 -87 
-83 -79 -74 -80 -86 
-86 -80 -76 -78 -87 
-82 -81 -76 -83 -86 
-84 -81 -76 -79 -86 
-83 -78 -76 -80 -81 
-77 -78 -74 -80 -80 
-84 -78 -74 -74 -81 
-82 -77 -75 -75 -82 
-79 -78 -74 -76 -83 
-89 -79 -75 -75 -77 
-77 -78 -74 -77 -78 
-77 -81 -74 -75 -84 
-77 -79 -73 -75 -79 
-80 -81 -74 -73 -77 
-79 -80 -74 -75 -77 
-79 -78 -73 -74 -84 
-79 -80 -71 -77 -76 
-81 -79 -72 -74 -76 
-79 -80 -73 -80 -76 
-82 -80 -74 -79 -74 
-80 -81 -72 -76 -84 
-83 -81 -73 -78 -75 
-84 -76 -74 -78 -86 