2016-05-19 23:22:18.857493 -66 -57 -65 -56 -61 
2016-05-19 23:22:18.959502 -69 -73 -72 -51 -59 
2016-05-19 23:22:19.268540 -69 -58 -61 -55 -61 
2016-05-19 23:22:19.372559 -60 -56 -57 -59 -61 
2016-05-19 23:22:19.477590 -63 -57 -57 -60 -63 
2016-05-19 23:22:19.687600 -57 -59 -54 -53 -63 
2016-05-19 23:22:19.789611 -62 -67 -65 -71 -57 
2016-05-19 23:22:19.891623 -67 -57 -54 -60 -57 
2016-05-19 23:22:20.102655 -54 -60 -56 -57 -61 
2016-05-19 23:22:20.323678 -68 -67 -59 -52 -60 
2016-05-19 23:22:20.429694 -57 -74 -60 -57 -70 
2016-05-19 23:22:20.629731 -54 -60 -57 -60 -57 
2016-05-19 23:22:20.730733 -55 -73 -63 -54 -61 
2016-05-19 23:22:20.835747 -54 -67 -57 -62 -61 
2016-05-19 23:22:20.934760 -52 -59 -62 -57 -62 
2016-05-19 23:22:21.041774 -82 -51 -58 -45 -63 
2016-05-19 23:22:21.148785 -59 -65 -59 -52 -65 
2016-05-19 23:22:21.260802 -59 -54 -51 -41 -62 
2016-05-19 23:22:21.361816 -62 -65 -62 -57 -60 
2016-05-19 23:22:21.470830 -53 -59 -74 -58 -60 
2016-05-19 23:22:21.575844 -61 -54 -66 -51 -61 
2016-05-19 23:22:21.698858 -61 -63 -64 -62 -60 
2016-05-19 23:22:22.329943 -62 -57 -62 -45 -61 
2016-05-19 23:22:22.537002 -62 -52 -62 -47 -60 
2016-05-19 23:22:22.638979 -61 -53 -50 -50 -68 
2016-05-19 23:22:22.744997 -72 -54 -51 -43 -71 
2016-05-19 23:22:22.852011 -59 -55 -51 -53 -61 
2016-05-19 23:22:22.994026 -51 -55 -53 -44 -74 
2016-05-19 23:22:23.175053 -60 -55 -51 -53 -68 
2016-05-19 23:22:23.274062 -51 -55 -56 -48 -69 
2016-05-19 23:22:23.410083 -63 -52 -51 -57 -69 
2016-05-19 23:22:23.805135 -58 -55 -53 -50 -68 
2016-05-19 23:22:23.910148 -54 -64 -61 -47 -63 
2016-05-19 23:22:24.129174 -56 -59 -64 -54 -76 
2016-05-19 23:22:24.332204 -58 -56 -62 -63 -70 
2016-05-19 23:22:24.487224 -64 -58 -60 -54 -61 
2016-05-19 23:22:24.756259 -58 -61 -64 -56 -75 
2016-05-19 23:22:24.914276 -62 -58 -62 -60 -60 
2016-05-19 23:22:25.020293 -54 -62 -68 -50 -70 
2016-05-19 23:22:25.272326 -57 -61 -65 -59 -69 
2016-05-19 23:22:25.423349 -52 -62 -61 -63 -65 
2016-05-19 23:22:25.629376 -52 -58 -56 -59 -63 
2016-05-19 23:22:25.798398 -52 -59 -61 -55 -63 
2016-05-19 23:22:26.259452 -55 -58 -59 -52 -69 
2016-05-19 23:22:26.468487 -59 -66 -58 -48 -67 
2016-05-19 23:22:26.725515 -63 -62 -62 -51 -64 
2016-05-19 23:22:26.832529 -53 -54 -57 -51 -66 
2016-05-19 23:22:27.040557 -62 -50 -61 -49 -64 
2016-05-19 23:22:27.148580 -56 -55 -61 -60 -67 
2016-05-19 23:22:27.571626 -56 -52 -70 -55 -63 
2016-05-19 23:22:27.678655 -51 -49 -57 -48 -72 
2016-05-19 23:22:27.784652 -57 -58 -57 -58 -65 
2016-05-19 23:22:28.098703 -58 -53 -59 -59 -67 
2016-05-19 23:22:28.405736 -57 -54 -67 -53 -66 
2016-05-19 23:22:28.517750 -51 -54 -70 -50 -72 
2016-05-19 23:22:28.622778 -76 -67 -74 -53 -64 
2016-05-19 23:22:28.730801 -54 -53 -64 -53 -71 
2016-05-19 23:22:28.910802 -50 -59 -69 -54 -65 
2016-05-19 23:22:29.114825 -62 -59 -65 -58 -64 
2016-05-19 23:22:29.314852 -54 -58 -66 -54 -65 
2016-05-19 23:22:29.421868 -67 -58 -62 -49 -61 
2016-05-19 23:22:29.557886 -50 -55 -66 -46 -59 
2016-05-19 23:22:29.658904 -61 -66 -57 -45 -73 
2016-05-19 23:22:29.892931 -57 -63 -68 -46 -75 
2016-05-19 23:22:29.997951 -61 -58 -62 -50 -78 
2016-05-19 23:22:30.156965 -64 -65 -62 -56 -76 
2016-05-19 23:22:30.369989 -71 -63 -67 -51 -69 
2016-05-19 23:22:30.683033 -64 -75 -68 -56 -74 
2016-05-19 23:22:30.796048 -74 -76 -72 -59 -73 
2016-05-19 23:22:30.898061 -62 -63 -68 -53 -79 
2016-05-19 23:22:31.001076 -62 -60 -67 -58 -67 
2016-05-19 23:22:31.120088 -71 -64 -68 -59 -72 
2016-05-19 23:22:31.420127 -63 -65 -67 -55 -69 
2016-05-19 23:22:31.627156 -64 -64 -65 -56 -69 
2016-05-19 23:22:31.838184 -64 -67 -64 -55 -74 
75
