2016-05-19 22:58:22.766074 -73 -60 -74 -64 -74 
2016-05-19 22:58:22.980098 -83 -60 -78 -76 -67 
2016-05-19 22:58:23.190126 -68 -62 -76 -62 -69 
2016-05-19 22:58:23.364155 -68 -60 -72 -65 -66 
2016-05-19 22:58:23.473166 -67 -61 -65 -60 -64 
2016-05-19 22:58:23.609187 -65 -72 -71 -60 -69 
2016-05-19 22:58:23.816211 -71 -58 -70 -66 -75 
2016-05-19 22:58:23.979236 -64 -61 -76 -63 -66 
2016-05-19 22:58:24.181258 -68 -60 -69 -63 -74 
2016-05-19 22:58:24.320274 -67 -58 -63 -64 -67 
2016-05-19 22:58:24.427290 -71 -57 -66 -62 -64 
2016-05-19 22:58:24.532304 -67 -59 -68 -65 -62 
2016-05-19 22:58:24.633317 -70 -51 -68 -59 -68 
2016-05-19 22:58:24.741331 -74 -55 -74 -73 -66 
2016-05-19 22:58:25.037370 -73 -61 -64 -59 -73 
2016-05-19 22:58:25.139387 -59 -60 -67 -60 -77 
2016-05-19 22:58:25.247397 -65 -61 -65 -72 -77 
2016-05-19 22:58:25.357412 -67 -56 -54 -79 -66 
2016-05-19 22:58:25.530431 -69 -60 -64 -61 -66 
2016-05-19 22:58:25.634451 -68 -61 -60 -64 -78 
2016-05-19 22:58:25.736462 -66 -51 -59 -60 -65 
2016-05-19 22:58:25.840472 -73 -64 -61 -62 -66 
2016-05-19 22:58:25.942488 -66 -56 -60 -55 -71 
2016-05-19 22:58:26.097508 -69 -62 -61 -66 -68 
2016-05-19 22:58:26.198521 -73 -59 -64 -64 -69 
2016-05-19 22:58:26.368552 -65 -56 -63 -66 -65 
2016-05-19 22:58:26.580576 -74 -61 -69 -62 -67 
2016-05-19 22:58:26.787598 -66 -58 -76 -62 -61 
2016-05-19 22:58:26.979627 -68 -61 -77 -60 -73 
2016-05-19 22:58:27.136645 -62 -62 -65 -59 -64 
2016-05-19 22:58:27.243657 -64 -57 -61 -51 -67 
2016-05-19 22:58:27.350669 -64 -66 -67 -61 -64 
2016-05-19 22:58:27.460683 -67 -58 -85 -51 -65 
2016-05-19 22:58:27.659716 -64 -59 -67 -60 -70 
2016-05-19 22:58:27.775726 -69 -57 -63 -63 -65 
2016-05-19 22:58:27.880738 -69 -54 -75 -52 -72 
2016-05-19 22:58:27.982754 -81 -53 -63 -63 -63 
2016-05-19 22:58:28.200781 -71 -59 -63 -59 -67 
2016-05-19 22:58:28.301796 -66 -54 -64 -52 -71 
2016-05-19 22:58:28.409814 -76 -63 -67 -61 -64 
2016-05-19 22:58:28.724854 -69 -56 -73 -54 -76 
2016-05-19 22:58:28.916876 -65 -58 -68 -51 -62 
2016-05-19 22:58:29.125901 -70 -58 -68 -55 -69 
2016-05-19 22:58:29.336931 -68 -59 -68 -55 -59 
2016-05-19 22:58:29.440942 -66 -65 -69 -57 -60 
2016-05-19 22:58:29.575960 -68 -66 -70 -52 -63 
2016-05-19 22:58:29.786990 -64 -55 -64 -56 -68 
2016-05-19 22:58:29.893008 -63 -53 -74 -53 -64 
2016-05-19 22:58:30.000022 -65 -67 -83 -60 -62 
2016-05-19 22:58:30.106030 -64 -58 -73 -53 -71 
2016-05-19 22:58:30.209045 -82 -56 -72 -64 -63 
2016-05-19 22:58:30.314059 -75 -63 -75 -53 -75 
2016-05-19 22:58:30.506082 -70 -60 -67 -64 -67 
2016-05-19 22:58:30.655107 -77 -56 -75 -59 -77 
2016-05-19 22:58:30.758117 -73 -62 -84 -75 -65 
2016-05-19 22:58:30.863131 -74 -54 -76 -57 -60 
2016-05-19 22:58:30.968145 -75 -61 -65 -79 -62 
2016-05-19 22:58:31.075162 -69 -53 -75 -55 -62 
2016-05-19 22:58:31.352202 -68 -54 -75 -54 -63 
2016-05-19 22:58:31.562231 -64 -57 -68 -60 -61 
2016-05-19 22:58:31.769257 -66 -60 -68 -60 -63 
2016-05-19 22:58:31.887271 -67 -72 -75 -79 -65 
2016-05-19 22:58:32.033291 -67 -71 -73 -69 -65 
2016-05-19 22:58:32.142305 -69 -54 -72 -54 -68 
2016-05-19 22:58:32.253319 -67 -55 -72 -52 -64 
2016-05-19 22:58:32.362334 -68 -80 -77 -74 -71 
2016-05-19 22:58:32.468348 -68 -54 -80 -51 -62 
2016-05-19 22:58:32.612366 -71 -52 -75 -52 -63 
2016-05-19 22:58:32.819393 -70 -56 -80 -64 -64 
2016-05-19 22:58:33.021417 -66 -58 -85 -61 -78 
2016-05-19 22:58:33.117432 -72 -58 -82 -52 -65 
2016-05-19 22:58:33.294455 -68 -69 -75 -52 -69 
2016-05-19 22:58:33.605502 -71 -56 -73 -52 -67 
2016-05-19 22:58:33.759517 -65 -59 -90 -51 -67 
2016-05-19 22:58:33.958542 -65 -56 -81 -59 -68 
2016-05-19 22:58:34.070562 -65 -57 -76 -52 -74 
2016-05-19 22:58:34.273584 -62 -56 -73 -59 -62 
2016-05-19 22:58:34.378597 -77 -62 -69 -67 -72 
2016-05-19 22:58:34.498613 -70 -55 -81 -50 -66 
2016-05-19 22:58:34.805658 -67 -56 -75 -60 -73 
2016-05-19 22:58:34.925675 -68 -62 -82 -52 -65 
2016-05-19 22:58:35.114694 -62 -57 -76 -59 -63 
2016-05-19 22:58:35.282715 -74 -56 -71 -58 -69 
2016-05-19 22:58:35.427734 -75 -59 -78 -50 -68 
2016-05-19 22:58:35.528747 -69 -54 -72 -54 -66 
2016-05-19 22:58:35.793783 -74 -55 -69 -71 -68 
2016-05-19 22:58:35.972805 -64 -55 -69 -51 -76 
2016-05-19 22:58:36.217838 -66 -62 -78 -68 -71 
2016-05-19 22:58:36.329852 -67 -58 -72 -52 -63 
2016-05-19 22:58:36.436863 -75 -56 -85 -74 -74 
2016-05-19 22:58:36.547880 -69 -54 -75 -51 -63 
2016-05-19 22:58:36.674924 -62 -62 -72 -67 -78 
2016-05-19 22:58:36.785909 -67 -55 -79 -50 -64 
2016-05-19 22:58:36.886922 -65 -69 -73 -68 -77 
2016-05-19 22:58:37.193965 -74 -59 -75 -52 -64 
2016-05-19 22:58:37.299979 -65 -56 -70 -51 -79 
2016-05-19 22:58:37.503005 -64 -53 -67 -55 -63 
2016-05-19 22:58:37.611025 -63 -61 -68 -55 -62 
2016-05-19 22:58:37.798044 -68 -71 -71 -63 -66 
2016-05-19 22:58:37.899057 -65 -51 -65 -66 -76 
2016-05-19 22:58:38.005071 -69 -74 -66 -58 -63 
2016-05-19 22:58:38.212096 -69 -57 -73 -67 -76 
2016-05-19 22:58:38.346121 -70 -63 -74 -61 -69 
2016-05-19 22:58:38.592144 -75 -54 -73 -58 -72 
2016-05-19 22:58:38.695161 -64 -61 -64 -52 -63 
2016-05-19 22:58:38.800175 -68 -65 -74 -64 -65 
2016-05-19 22:58:38.906210 -61 -64 -63 -68 -74 
2016-05-19 22:58:39.115216 -69 -71 -72 -60 -75 
2016-05-19 22:58:39.224230 -57 -62 -68 -68 -81 
2016-05-19 22:58:39.397250 -67 -63 -65 -58 -74 
2016-05-19 22:58:39.502263 -80 -55 -63 -68 -72 
2016-05-19 22:58:39.684290 -72 -62 -64 -61 -64 
2016-05-19 22:58:39.999331 -75 -59 -68 -71 -65 
2016-05-19 22:58:40.167350 -68 -60 -68 -68 -62 
2016-05-19 22:58:40.379381 -61 -61 -68 -61 -66 
2016-05-19 22:58:40.590409 -64 -58 -70 -62 -63 
2016-05-19 22:58:40.698452 -61 -66 -61 -66 -70 
2016-05-19 22:58:40.807427 -65 -81 -68 -71 -60 
2016-05-19 22:58:40.906446 -63 -64 -72 -53 -64 
2016-05-19 22:58:41.163476 -64 -69 -73 -70 -63 
2016-05-19 22:58:41.265498 -67 -59 -68 -64 -63 
2016-05-19 22:58:41.369511 -71 -69 -71 -61 -69 
2016-05-19 22:58:41.473516 -67 -57 -65 -57 -75 
2016-05-19 22:58:41.575532 -57 -70 -77 -67 -61 
2016-05-19 22:58:41.705547 -61 -67 -71 -61 -64 
2016-05-19 22:58:41.812559 -71 -64 -71 -62 -70 
2016-05-19 22:58:42.059594 -64 -64 -63 -60 -69 
2016-05-19 22:58:42.263620 -60 -60 -73 -62 -68 
2016-05-19 22:58:42.365633 -63 -69 -77 -57 -69 
2016-05-19 22:58:42.534655 -64 -63 -61 -62 -71 
2016-05-19 22:58:42.736685 -60 -64 -61 -58 -71 
2016-05-19 22:58:42.839695 -68 -81 -71 -57 -65 
2016-05-19 22:58:42.949709 -71 -65 -62 -62 -62 
2016-05-19 22:58:43.158736 -58 -64 -69 -54 -62 
2016-05-19 22:58:43.262748 -63 -65 -64 -62 -69 
2016-05-19 22:58:43.367761 -62 -58 -76 -57 -66 
2016-05-19 22:58:43.508783 -63 -69 -66 -66 -67 
2016-05-19 22:58:43.614796 -62 -77 -63 -62 -72 
2016-05-19 22:58:43.823824 -57 -66 -68 -71 -70 
2016-05-19 22:58:44.029851 -63 -66 -67 -62 -64 
2016-05-19 22:58:44.239878 -67 -66 -60 -60 -69 
2016-05-19 22:58:44.391902 -71 -70 -66 -81 -65 
2016-05-19 22:58:44.496915 -59 -68 -56 -61 -62 
2016-05-19 22:58:44.596928 -59 -74 -58 -63 -69 
2016-05-19 22:58:44.698938 -64 -66 -62 -64 -65 
2016-05-19 22:58:44.803951 -60 -67 -61 -67 -66 
2016-05-19 22:58:45.121997 -75 -69 -62 -57 -65 
2016-05-19 22:58:45.298013 -59 -76 -64 -56 -63 
2016-05-19 22:58:45.445035 -67 -63 -60 -56 -63 
2016-05-19 22:58:45.641061 -65 -72 -69 -60 -59 
2016-05-19 22:58:45.744074 -64 -69 -63 -54 -68 
2016-05-19 22:58:45.923095 -71 -68 -60 -58 -62 
2016-05-19 22:58:46.028109 -72 -71 -64 -58 -62 
2016-05-19 22:58:46.238136 -59 -69 -61 -60 -74 
2016-05-19 22:58:46.344153 -57 -62 -58 -55 -62 
2016-05-19 22:58:46.552183 -68 -71 -66 -57 -68 
2016-05-19 22:58:46.658191 -62 -62 -63 -59 -83 
2016-05-19 22:58:46.868218 -55 -68 -64 -52 -62 
2016-05-19 22:58:47.163257 -62 -62 -59 -56 -75 
2016-05-19 22:58:47.322283 -59 -63 -60 -53 -71 
2016-05-19 22:58:47.426294 -66 -74 -59 -58 -81 
2016-05-19 22:58:47.527312 -61 -63 -84 -71 -63 
2016-05-19 22:58:47.796343 -66 -66 -67 -58 -74 
2016-05-19 22:58:48.008368 -64 -66 -69 -55 -77 
2016-05-19 22:58:48.223396 -64 -63 -64 -61 -69 
2016-05-19 22:58:48.353413 -67 -62 -63 -50 -78 
2016-05-19 22:58:48.771470 -54 -68 -64 -59 -65 
2016-05-19 22:58:48.878481 -58 -79 -69 -65 -65 
2016-05-19 22:58:48.983495 -74 -66 -61 -66 -68 
2016-05-19 22:58:49.086512 -56 -69 -71 -59 -63 
2016-05-19 22:58:49.199525 -60 -58 -66 -62 -66 
2016-05-19 22:58:49.394551 -64 -69 -72 -66 -65 
2016-05-19 22:58:49.507570 -56 -77 -67 -56 -67 
2016-05-19 22:58:49.618577 -65 -69 -65 -61 -69 
2016-05-19 22:58:49.832617 -60 -59 -67 -64 -62 
2016-05-19 22:58:49.932626 -57 -60 -68 -58 -80 
2016-05-19 22:58:50.097646 -67 -61 -66 -62 -67 
2016-05-19 22:58:50.455698 -60 -67 -68 -56 -68 
2016-05-19 22:58:50.563701 -62 -66 -63 -53 -68 
2016-05-19 22:58:50.726738 -60 -62 -70 -56 -74 
2016-05-19 22:58:50.830739 -54 -71 -64 -57 -73 
2016-05-19 22:58:50.932757 -66 -59 -66 -62 -74 
2016-05-19 22:58:51.073768 -57 -88 -77 -61 -79 
2016-05-19 22:58:51.179785 -64 -57 -61 -64 -64 
2016-05-19 22:58:51.387824 -62 -68 -62 -64 -65 
2016-05-19 22:58:51.496833 -56 -60 -65 -64 -62 
2016-05-19 22:58:51.602853 -72 -73 -64 -58 -71 
2016-05-19 22:58:51.804874 -61 -67 -60 -63 -68 
2016-05-19 22:58:51.910888 -55 -57 -75 -62 -77 
2016-05-19 22:58:52.017906 -62 -72 -67 -61 -69 
2016-05-19 22:58:52.224928 -60 -60 -66 -61 -68 
2016-05-19 22:58:52.429956 -74 -60 -60 -65 -68 
2016-05-19 22:58:52.536969 -59 -61 -72 -68 -66 
2016-05-19 22:58:52.640983 -68 -67 -59 -56 -68 
2016-05-19 22:58:52.809001 -58 -65 -76 -62 -70 
2016-05-19 22:58:53.069036 -59 -64 -60 -65 -74 
2016-05-19 22:58:53.290067 -61 -65 -86 -56 -74 
2016-05-19 22:58:53.424081 -57 -62 -71 -73 -71 
2016-05-19 22:58:53.610109 -60 -65 -68 -75 -70 
2016-05-19 22:58:53.714119 -59 -63 -76 -64 -68 
2016-05-19 22:58:53.817136 -62 -65 -62 -54 -66 
2016-05-19 22:58:54.024160 -57 -69 -65 -51 -70 
2016-05-19 22:58:54.262194 -59 -74 -65 -53 -72 
2016-05-19 22:58:54.365208 -70 -68 -74 -66 -65 
2016-05-19 22:58:54.467221 -55 -61 -65 -60 -55 
2016-05-19 22:58:54.577236 -65 -59 -72 -61 -62 
2016-05-19 22:58:54.682249 -65 -62 -65 -60 -65 
2016-05-19 22:58:54.893282 -75 -65 -67 -62 -65 
2016-05-19 22:58:55.065300 -70 -69 -72 -75 -65 
2016-05-19 22:58:55.271326 -68 -68 -75 -71 -67 
2016-05-19 22:58:55.590368 -68 -70 -72 -70 -66 
2016-05-19 22:58:55.794391 -69 -72 -70 -68 -67 
2016-05-19 22:58:56.088438 -74 -68 -74 -63 -65 
2016-05-19 22:58:56.196447 -70 -70 -75 -67 -66 
2016-05-19 22:58:56.517489 -72 -78 -73 -65 -68 
2016-05-19 22:58:56.632504 -68 -62 -75 -66 -75 
2016-05-19 22:58:56.780524 -84 -69 -69 -62 -64 
2016-05-19 22:58:56.985551 -82 -73 -78 -60 -67 
2016-05-19 22:58:57.097587 -72 -74 -72 -61 -71 
2016-05-19 22:58:57.201579 -74 -72 -68 -63 -68 
2016-05-19 22:58:57.309589 -70 -82 -73 -61 -78 
2016-05-19 22:58:57.518625 -71 -73 -75 -62 -66 
2016-05-19 22:58:57.623638 -73 -73 -71 -71 -63 
2016-05-19 22:58:57.763658 -70 -65 -74 -61 -75 
224
