2016-05-19 22:57:01.141420 -58 -61 -66 -69 -61 
2016-05-19 22:57:01.244431 -60 -63 -70 -64 -62 
2016-05-19 22:57:01.347447 -57 -60 -68 -70 -65 
2016-05-19 22:57:01.555482 -58 -61 -71 -66 -61 
2016-05-19 22:57:01.769500 -61 -71 -67 -65 -64 
2016-05-19 22:57:01.873520 -71 -62 -66 -64 -70 
2016-05-19 22:57:01.980530 -62 -77 -68 -61 -62 
2016-05-19 22:57:02.186556 -52 -64 -70 -62 -61 
2016-05-19 22:57:02.289568 -64 -61 -65 -61 -60 
2016-05-19 22:57:02.390583 -56 -59 -82 -69 -62 
2016-05-19 22:57:02.553610 -60 -69 -68 -68 -70 
2016-05-19 22:57:02.661620 -64 -60 -82 -63 -60 
2016-05-19 22:57:02.770634 -58 -66 -61 -74 -60 
2016-05-19 22:57:02.876648 -58 -68 -64 -61 -71 
2016-05-19 22:57:02.979657 -61 -66 -67 -67 -70 
2016-05-19 22:57:03.085676 -53 -63 -66 -57 -64 
2016-05-19 22:57:03.187687 -54 -67 -65 -63 -62 
2016-05-19 22:57:03.399713 -59 -61 -63 -64 -62 
2016-05-19 22:57:03.718763 -64 -65 -69 -66 -62 
2016-05-19 22:57:03.865777 -72 -67 -65 -68 -69 
2016-05-19 22:57:03.969786 -59 -68 -67 -60 -62 
2016-05-19 22:57:04.068808 -60 -68 -69 -70 -61 
2016-05-19 22:57:04.170815 -52 -67 -67 -62 -59 
2016-05-19 22:57:04.361840 -52 -77 -70 -71 -74 
2016-05-19 22:57:04.468860 -53 -63 -79 -64 -65 
2016-05-19 22:57:04.645878 -67 -63 -63 -68 -65 
2016-05-19 22:57:04.873913 -63 -74 -67 -72 -61 
2016-05-19 22:57:04.986923 -56 -62 -68 -62 -65 
2016-05-19 22:57:05.091934 -55 -60 -66 -68 -69 
2016-05-19 22:57:05.198953 -75 -64 -63 -65 -65 
2016-05-19 22:57:05.298966 -61 -62 -67 -62 -69 
2016-05-19 22:57:05.407976 -66 -71 -62 -64 -72 
2016-05-19 22:57:05.511990 -58 -55 -72 -71 -69 
2016-05-19 22:57:05.615001 -58 -60 -69 -68 -62 
2016-05-19 22:57:05.721017 -56 -57 -61 -74 -64 
2016-05-19 22:57:06.114073 -63 -63 -66 -64 -66 
2016-05-19 22:57:06.216082 -62 -60 -75 -63 -83 
2016-05-19 22:57:06.317095 -63 -64 -69 -75 -61 
2016-05-19 22:57:06.608133 -62 -58 -71 -67 -65 
2016-05-19 22:57:06.768154 -58 -66 -64 -63 -69 
2016-05-19 22:57:06.927175 -68 -57 -64 -69 -61 
2016-05-19 22:57:07.034194 -70 -63 -62 -76 -80 
2016-05-19 22:57:07.237215 -68 -70 -63 -61 -58 
2016-05-19 22:57:07.338228 -59 -57 -66 -81 -62 
2016-05-19 22:57:07.439246 -63 -65 -76 -62 -63 
2016-05-19 22:57:07.543255 -62 -60 -62 -63 -60 
2016-05-19 22:57:07.646269 -57 -61 -64 -66 -69 
2016-05-19 22:57:07.752282 -64 -70 -62 -65 -66 
2016-05-19 22:57:07.857296 -58 -59 -65 -66 -62 
2016-05-19 22:57:07.958310 -73 -68 -62 -66 -65 
2016-05-19 22:57:08.116330 -75 -62 -65 -69 -63 
2016-05-19 22:57:08.321356 -68 -65 -63 -66 -71 
2016-05-19 22:57:08.529388 -65 -61 -64 -66 -69 
2016-05-19 22:57:08.628397 -68 -54 -61 -69 -58 
2016-05-19 22:57:08.761414 -66 -57 -67 -70 -63 
2016-05-19 22:57:08.866428 -63 -74 -64 -67 -55 
2016-05-19 22:57:08.973442 -65 -56 -62 -64 -59 
2016-05-19 22:57:09.182470 -63 -58 -61 -64 -66 
2016-05-19 22:57:09.286487 -59 -60 -65 -68 -65 
2016-05-19 22:57:09.569524 -61 -62 -61 -61 -59 
2016-05-19 22:57:09.699542 -61 -63 -62 -67 -57 
2016-05-19 22:57:09.807551 -65 -60 -60 -70 -55 
2016-05-19 22:57:09.908564 -65 -62 -62 -63 -61 
2016-05-19 22:57:10.119596 -64 -61 -63 -70 -59 
2016-05-19 22:57:10.221605 -65 -60 -68 -74 -61 
2016-05-19 22:57:10.327619 -67 -63 -63 -59 -62 
2016-05-19 22:57:10.433632 -67 -61 -60 -71 -61 
2016-05-19 22:57:10.537646 -64 -63 -63 -58 -61 
2016-05-19 22:57:10.741673 -59 -60 -61 -59 -60 
2016-05-19 22:57:10.847687 -59 -61 -62 -70 -57 
2016-05-19 22:57:10.956705 -67 -63 -61 -77 -59 
2016-05-19 22:57:11.171722 -63 -64 -61 -72 -61 
2016-05-19 22:57:11.804808 -62 -63 -78 -64 -59 
2016-05-19 22:57:12.001830 -60 -72 -64 -58 -62 
2016-05-19 22:57:12.211858 -62 -77 -80 -59 -56 
2016-05-19 22:57:12.440885 -65 -64 -83 -66 -57 
2016-05-19 22:57:12.547901 -58 -74 -61 -68 -62 
2016-05-19 22:57:12.743927 -59 -66 -65 -63 -54 
2016-05-19 22:57:12.953954 -59 -61 -69 -62 -61 
2016-05-19 22:57:13.060966 -67 -64 -61 -58 -56 
2016-05-19 22:57:13.270994 -66 -62 -68 -62 -59 
2016-05-19 22:57:13.589037 -62 -61 -65 -63 -59 
2016-05-19 22:57:13.706050 -68 -62 -63 -59 -60 
2016-05-19 22:57:13.812067 -61 -60 -62 -68 -61 
2016-05-19 22:57:13.917080 -63 -62 -64 -58 -61 
2016-05-19 22:57:14.126105 -65 -63 -63 -66 -59 
2016-05-19 22:57:14.730190 -63 -63 -67 -70 -59 
2016-05-19 22:57:14.867204 -64 -61 -67 -68 -58 
2016-05-19 22:57:14.975222 -65 -60 -63 -65 -61 
2016-05-19 22:57:15.160247 -64 -61 -67 -66 -57 
2016-05-19 22:57:15.263256 -63 -62 -63 -69 -60 
2016-05-19 22:57:15.366277 -62 -60 -68 -63 -59 
2016-05-19 22:57:15.474283 -63 -62 -61 -61 -60 
2016-05-19 22:57:15.687312 -64 -68 -62 -63 -60 
2016-05-19 22:57:15.809327 -64 -61 -65 -62 -60 
2016-05-19 22:57:15.912341 -63 -65 -62 -62 -62 
2016-05-19 22:57:16.018355 -64 -65 -66 -70 -60 
2016-05-19 22:57:16.183377 -61 -64 -62 -75 -58 
2016-05-19 22:57:16.295402 -57 -56 -65 -72 -69 
2016-05-19 22:57:16.540426 -68 -63 -66 -62 -67 
2016-05-19 22:57:16.643437 -60 -52 -62 -60 -66 
2016-05-19 22:57:16.860472 -64 -65 -70 -62 -55 
2016-05-19 22:57:17.067492 -65 -62 -60 -66 -63 
2016-05-19 22:57:17.171502 -59 -65 -62 -57 -56 
2016-05-19 22:57:17.275523 -60 -59 -73 -68 -57 
2016-05-19 22:57:17.380536 -73 -65 -85 -56 -54 
2016-05-19 22:57:17.483546 -67 -69 -73 -69 -59 
2016-05-19 22:57:17.589560 -65 -66 -72 -65 -55 
2016-05-19 22:57:17.796585 -64 -58 -68 -65 -59 
2016-05-19 22:57:17.999614 -71 -64 -64 -63 -59 
2016-05-19 22:57:18.104627 -67 -67 -68 -65 -62 
2016-05-19 22:57:18.309654 -64 -69 -67 -74 -63 
2016-05-19 22:57:18.408667 -67 -57 -66 -62 -59 
2016-05-19 22:57:18.516678 -77 -67 -76 -60 -65 
2016-05-19 22:57:18.623695 -69 -55 -65 -59 -57 
2016-05-19 22:57:18.732709 -65 -59 -70 -79 -61 
2016-05-19 22:57:18.836720 -66 -60 -71 -65 -66 
2016-05-19 22:57:19.044758 -72 -65 -64 -76 -64 
2016-05-19 22:57:19.213772 -58 -63 -63 -64 -58 
2016-05-19 22:57:19.340792 -77 -72 -65 -69 -63 
2016-05-19 22:57:19.449804 -67 -68 -66 -66 -64 
2016-05-19 22:57:19.547816 -68 -65 -65 -65 -61 
2016-05-19 22:57:19.649829 -65 -72 -77 -79 -63 
2016-05-19 22:57:19.855861 -72 -61 -70 -68 -65 
2016-05-19 22:57:20.069884 -73 -60 -66 -60 -68 
2016-05-19 22:57:20.188899 -71 -63 -65 -62 -63 
2016-05-19 22:57:20.320921 -64 -60 -75 -59 -76 
2016-05-19 22:57:20.453934 -71 -72 -69 -63 -69 
2016-05-19 22:57:20.556945 -61 -62 -66 -64 -67 
2016-05-19 22:57:20.658961 -67 -67 -70 -62 -84 
2016-05-19 22:57:20.763975 -61 -64 -63 -59 -72 
2016-05-19 22:57:20.911001 -58 -67 -83 -57 -70 
2016-05-19 22:57:21.220034 -61 -60 -67 -63 -70 
2016-05-19 22:57:21.537080 -64 -63 -67 -63 -65 
2016-05-19 22:57:21.743110 -62 -66 -65 -64 -60 
2016-05-19 22:57:21.953137 -62 -69 -70 -68 -58 
2016-05-19 22:57:22.057148 -65 -64 -67 -59 -78 
2016-05-19 22:57:22.263177 -63 -74 -73 -65 -60 
2016-05-19 22:57:22.447199 -65 -63 -67 -59 -60 
2016-05-19 22:57:22.548215 -61 -61 -78 -64 -61 
2016-05-19 22:57:22.653228 -68 -65 -66 -73 -58 
2016-05-19 22:57:22.899254 -60 -66 -70 -70 -59 
2016-05-19 22:57:23.033271 -61 -68 -71 -78 -59 
2016-05-19 22:57:23.186295 -69 -64 -76 -61 -60 
2016-05-19 22:57:23.305311 -65 -67 -67 -62 -72 
2016-05-19 22:57:23.425327 -66 -61 -66 -61 -60 
2016-05-19 22:57:23.637347 -61 -67 -66 -62 -59 
2016-05-19 22:57:24.030401 -62 -63 -71 -66 -64 
2016-05-19 22:57:24.135415 -61 -65 -81 -61 -70 
2016-05-19 22:57:24.266436 -62 -64 -69 -64 -59 
2016-05-19 22:57:24.374447 -70 -64 -81 -65 -71 
2016-05-19 22:57:24.500462 -66 -65 -67 -62 -77 
2016-05-19 22:57:24.790501 -65 -66 -75 -66 -66 
2016-05-19 22:57:24.896518 -71 -62 -67 -62 -62 
2016-05-19 22:57:25.111546 -64 -67 -65 -65 -68 
2016-05-19 22:57:25.213556 -63 -67 -67 -68 -67 
2016-05-19 22:57:25.424584 -71 -66 -71 -62 -57 
2016-05-19 22:57:25.529599 -64 -66 -68 -67 -56 
2016-05-19 22:57:25.736628 -64 -67 -69 -66 -58 
2016-05-19 22:57:25.946655 -65 -77 -67 -66 -57 
2016-05-19 22:57:26.133676 -69 -64 -74 -65 -66 
2016-05-19 22:57:26.385709 -67 -66 -69 -64 -70 
2016-05-19 22:57:26.496728 -69 -62 -68 -63 -65 
2016-05-19 22:57:26.600738 -65 -63 -64 -62 -76 
2016-05-19 22:57:26.706755 -74 -68 -66 -65 -68 
2016-05-19 22:57:26.811768 -71 -66 -62 -60 -68 
2016-05-19 22:57:26.903777 -63 -75 -68 -65 -59 
2016-05-19 22:57:27.011794 -74 -64 -63 -62 -78 
2016-05-19 22:57:27.113804 -63 -68 -67 -65 -79 
2016-05-19 22:57:27.307827 -69 -67 -66 -65 -72 
2016-05-19 22:57:27.415843 -69 -63 -61 -62 -68 
2016-05-19 22:57:27.734885 -71 -65 -67 -65 -65 
2016-05-19 22:57:27.894906 -66 -61 -62 -63 -64 
2016-05-19 22:57:28.045926 -75 -63 -62 -63 -66 
2016-05-19 22:57:28.183944 -67 -62 -65 -66 -64 
2016-05-19 22:57:28.462977 -64 -64 -66 -63 -61 
2016-05-19 22:57:28.671007 -69 -62 -66 -63 -62 
2016-05-19 22:57:28.775021 -81 -62 -62 -63 -63 
2016-05-19 22:57:28.878032 -73 -60 -71 -63 -64 
2016-05-19 22:57:29.090062 -74 -63 -73 -62 -64 
2016-05-19 22:57:29.199079 -68 -61 -65 -59 -63 
2016-05-19 22:57:29.369099 -66 -65 -70 -57 -62 
2016-05-19 22:57:29.515118 -71 -59 -61 -60 -63 
2016-05-19 22:57:29.685140 -65 -65 -63 -64 -65 
2016-05-19 22:57:29.787157 -67 -62 -68 -56 -62 
2016-05-19 22:57:29.893164 -66 -60 -63 -62 -69 
2016-05-19 22:57:30.033182 -77 -62 -62 -60 -60 
2016-05-19 22:57:30.180205 -73 -60 -63 -63 -59 
2016-05-19 22:57:30.388229 -73 -62 -62 -66 -58 
2016-05-19 22:57:30.600259 -64 -62 -66 -62 -63 
2016-05-19 22:57:30.780283 -66 -64 -68 -59 -77 
2016-05-19 22:57:30.984310 -62 -59 -63 -62 -62 
2016-05-19 22:57:31.171334 -75 -57 -71 -58 -65 
2016-05-19 22:57:31.371368 -64 -56 -69 -62 -80 
2016-05-19 22:57:31.498381 -68 -59 -63 -60 -64 
2016-05-19 22:57:31.601397 -68 -50 -81 -65 -71 
2016-05-19 22:57:31.709411 -72 -59 -71 -65 -70 
2016-05-19 22:57:31.811424 -75 -54 -68 -62 -82 
2016-05-19 22:57:31.912443 -66 -58 -71 -62 -72 
2016-05-19 22:57:32.120465 -82 -64 -72 -65 -65 
2016-05-19 22:57:32.227485 -63 -50 -70 -62 -74 
2016-05-19 22:57:32.439507 -67 -57 -68 -65 -74 
2016-05-19 22:57:32.645540 -67 -61 -64 -64 -66 
2016-05-19 22:57:32.756549 -78 -68 -65 -57 -69 
2016-05-19 22:57:33.072586 -67 -61 -74 -59 -70 
2016-05-19 22:57:33.175602 -76 -59 -66 -63 -69 
2016-05-19 22:57:33.386623 -66 -61 -66 -66 -66 
2016-05-19 22:57:33.488634 -67 -60 -67 -77 -68 
2016-05-19 22:57:33.596651 -66 -63 -62 -60 -68 
2016-05-19 22:57:33.812683 -68 -83 -69 -63 -70 
2016-05-19 22:57:33.914692 -73 -60 -70 -64 -69 
2016-05-19 22:57:34.228733 -68 -64 -70 -64 -70 
2016-05-19 22:57:34.731799 -63 -59 -68 -61 -66 
2016-05-19 22:57:34.837817 -68 -56 -90 -58 -68 
2016-05-19 22:57:34.946828 -68 -59 -66 -66 -71 
2016-05-19 22:57:35.146854 -60 -54 -69 -58 -66 
2016-05-19 22:57:35.352884 -64 -58 -81 -57 -67 
2016-05-19 22:57:35.455894 -65 -62 -84 -62 -84 
2016-05-19 22:57:35.662924 -79 -57 -71 -58 -68 
2016-05-19 22:57:35.786937 -66 -57 -81 -58 -75 
2016-05-19 22:57:36.084976 -63 -60 -68 -59 -74 
2016-05-19 22:57:36.294000 -71 -61 -72 -63 -67 
2016-05-19 22:57:36.400017 -69 -70 -67 -64 -71 
2016-05-19 22:57:36.504028 -67 -61 -69 -66 -67 
2016-05-19 22:57:36.610044 -71 -70 -66 -76 -67 
2016-05-19 22:57:36.712058 -69 -61 -71 -62 -73 
2016-05-19 22:57:36.919082 -72 -61 -68 -71 -75 
2016-05-19 22:57:37.023102 -72 -64 -81 -65 -72 
2016-05-19 22:57:37.126112 -64 -60 -66 -68 -69 
2016-05-19 22:57:37.237126 -67 -63 -63 -62 -63 
2016-05-19 22:57:37.346141 -69 -55 -69 -64 -72 
2016-05-19 22:57:37.557168 -64 -61 -65 -67 -64 
2016-05-19 22:57:37.859215 -65 -63 -67 -62 -73 
2016-05-19 22:57:37.968226 -66 -60 -68 -63 -74 
2016-05-19 22:57:38.077238 -71 -65 -69 -60 -63 
2016-05-19 22:57:38.176250 -65 -63 -70 -60 -71 
2016-05-19 22:57:38.284261 -64 -57 -69 -60 -63 
2016-05-19 22:57:38.393282 -63 -68 -66 -61 -78 
2016-05-19 22:57:38.501293 -65 -61 -66 -60 -65 
2016-05-19 22:57:38.603310 -68 -64 -68 -60 -73 
2016-05-19 22:57:38.709317 -68 -62 -66 -60 -63 
2016-05-19 22:57:38.834334 -68 -61 -66 -66 -69 
2016-05-19 22:57:39.026361 -63 -59 -78 -71 -72 
2016-05-19 22:57:39.241389 -66 -62 -75 -78 -74 
2016-05-19 22:57:39.416412 -63 -67 -73 -60 -70 
2016-05-19 22:57:39.626439 -63 -65 -67 -73 -68 
2016-05-19 22:57:39.776459 -66 -62 -69 -70 -77 
2016-05-19 22:57:40.086500 -64 -65 -69 -63 -71 
2016-05-19 22:57:40.296528 -68 -62 -65 -61 -68 
2016-05-19 22:57:40.607567 -68 -64 -75 -60 -64 
2016-05-19 22:57:40.714583 -70 -67 -69 -65 -64 
2016-05-19 22:57:40.916607 -70 -65 -67 -63 -66 
2016-05-19 22:57:41.232649 -71 -64 -64 -61 -68 
2016-05-19 22:57:41.349662 -72 -69 -68 -64 -66 
2016-05-19 22:57:41.547690 -73 -67 -66 -62 -65 
2016-05-19 22:57:41.722714 -71 -67 -66 -62 -65 
2016-05-19 22:57:41.828736 -73 -66 -73 -64 -65 
2016-05-19 22:57:42.071758 -67 -62 -66 -61 -64 
2016-05-19 22:57:42.179770 -82 -65 -72 -73 -62 
2016-05-19 22:57:42.387799 -77 -63 -73 -60 -62 
2016-05-19 22:57:42.596828 -68 -66 -69 -63 -67 
2016-05-19 22:57:42.701841 -68 -74 -70 -62 -73 
2016-05-19 22:57:42.809852 -70 -58 -65 -63 -76 
2016-05-19 22:57:43.016882 -68 -70 -80 -65 -67 
2016-05-19 22:57:43.226910 -72 -61 -71 -60 -71 
2016-05-19 22:57:43.331923 -65 -73 -69 -61 -72 
2016-05-19 22:57:43.962005 -68 -67 -66 -62 -69 
2016-05-19 22:57:44.069024 -78 -62 -70 -61 -72 
2016-05-19 22:57:44.274049 -67 -60 -82 -57 -66 
2016-05-19 22:57:44.483073 -64 -61 -71 -58 -62 
2016-05-19 22:57:44.593088 -64 -63 -71 -57 -63 
2016-05-19 22:57:44.799119 -69 -61 -70 -65 -69 
2016-05-19 22:57:44.906129 -67 -59 -66 -65 -64 
2016-05-19 22:57:45.027145 -71 -63 -69 -67 -77 
2016-05-19 22:57:45.220168 -63 -65 -71 -61 -64 
2016-05-19 22:57:45.326184 -62 -60 -71 -70 -71 
2016-05-19 22:57:45.429201 -63 -65 -69 -57 -63 
2016-05-19 22:57:45.631224 -66 -72 -60 -63 -64 
2016-05-19 22:57:45.735234 -62 -60 -69 -70 -62 
2016-05-19 22:57:45.843252 -67 -72 -65 -56 -64 
2016-05-19 22:57:45.967268 -69 -71 -62 -69 -62 
2016-05-19 22:57:46.067280 -70 -61 -74 -65 -63 
2016-05-19 22:57:46.173295 -64 -80 -60 -69 -61 
2016-05-19 22:57:46.469346 -70 -59 -66 -69 -67 
2016-05-19 22:57:46.784388 -69 -63 -66 -58 -66 
2016-05-19 22:57:47.097422 -67 -65 -67 -69 -65 
2016-05-19 22:57:47.227440 -66 -63 -69 -67 -63 
2016-05-19 22:57:47.331453 -64 -66 -70 -62 -71 
2016-05-19 22:57:47.438468 -64 -59 -63 -59 -65 
2016-05-19 22:57:47.668498 -61 -62 -68 -62 -66 
2016-05-19 22:57:47.876524 -64 -65 -64 -63 -66 
2016-05-19 22:57:48.089548 -65 -64 -63 -67 -74 
2016-05-19 22:57:48.266567 -66 -65 -70 -66 -65 
2016-05-19 22:57:48.472594 -66 -63 -68 -66 -67 
2016-05-19 22:57:48.691623 -63 -62 -66 -62 -68 
2016-05-19 22:57:48.792636 -65 -74 -65 -59 -68 
2016-05-19 22:57:48.897650 -69 -60 -69 -63 -64 
2016-05-19 22:57:49.108677 -66 -62 -69 -67 -71 
2016-05-19 22:57:49.212690 -80 -59 -65 -65 -63 
2016-05-19 22:57:49.403716 -67 -62 -65 -61 -73 
2016-05-19 22:57:49.508730 -72 -67 -67 -63 -69 
2016-05-19 22:57:49.632745 -69 -57 -65 -62 -71 
2016-05-19 22:57:49.837772 -66 -66 -62 -62 -69 
2016-05-19 22:57:49.988792 -67 -65 -67 -69 -64 
2016-05-19 22:57:50.087805 -73 -80 -73 -61 -66 
2016-05-19 22:57:50.245825 -71 -64 -73 -68 -60 
2016-05-19 22:57:50.350836 -63 -63 -63 -74 -75 
2016-05-19 22:57:50.573869 -63 -64 -57 -68 -60 
2016-05-19 22:57:50.676882 -71 -54 -62 -68 -56 
2016-05-19 22:57:50.985919 -58 -62 -57 -64 -58 
2016-05-19 22:57:51.089939 -77 -56 -63 -68 -57 
2016-05-19 22:57:51.288969 -59 -60 -58 -63 -60 
2016-05-19 22:57:51.397983 -69 -53 -65 -66 -77 
2016-05-19 22:57:51.503997 -64 -54 -52 -73 -59 
2016-05-19 22:57:51.716022 -70 -60 -56 -72 -57 
2016-05-19 22:57:51.930116 -66 -59 -55 -70 -57 
2016-05-19 22:57:52.137080 -63 -62 -54 -61 -78 
2016-05-19 22:57:52.241090 -69 -63 -57 -70 -68 
2016-05-19 22:57:52.447121 -78 -55 -55 -69 -72 
2016-05-19 22:57:52.551131 -75 -60 -52 -80 -70 
2016-05-19 22:57:52.661145 -70 -62 -56 -74 -64 
2016-05-19 22:57:52.856171 -62 -59 -57 -74 -68 
2016-05-19 22:57:52.961184 -65 -64 -62 -84 -69 
2016-05-19 22:57:53.173215 -73 -58 -61 -64 -64 
2016-05-19 22:57:53.277229 -64 -63 -59 -67 -60 
2016-05-19 22:57:53.380247 -69 -63 -61 -79 -61 
2016-05-19 22:57:53.689282 -68 -61 -55 -65 -67 
2016-05-19 22:57:53.897310 -69 -61 -58 -72 -67 
2016-05-19 22:57:54.055342 -60 -56 -58 -67 -63 
2016-05-19 22:57:54.415383 -66 -61 -61 -63 -60 
2016-05-19 22:57:54.522392 -77 -73 -63 -68 -64 
2016-05-19 22:57:54.731416 -72 -61 -58 -63 -65 
2016-05-19 22:57:54.835437 -71 -53 -54 -61 -61 
2016-05-19 22:57:55.047453 -67 -54 -56 -66 -65 
2016-05-19 22:57:55.259480 -74 -57 -58 -66 -62 
2016-05-19 22:57:55.363494 -75 -68 -58 -62 -68 
2016-05-19 22:57:55.516511 -72 -59 -58 -64 -66 
2016-05-19 22:57:55.626526 -70 -67 -62 -64 -65 
2016-05-19 22:57:55.800554 -69 -56 -59 -71 -68 
2016-05-19 22:57:55.903564 -62 -68 -58 -63 -77 
2016-05-19 22:57:56.006575 -71 -60 -60 -65 -66 
2016-05-19 22:57:56.114592 -63 -67 -57 -72 -70 
2016-05-19 22:57:56.225611 -74 -62 -54 -66 -64 
2016-05-19 22:57:56.325623 -70 -56 -57 -67 -68 
2016-05-19 22:57:56.430637 -69 -61 -61 -65 -63 
2016-05-19 22:57:56.539647 -69 -66 -61 -68 -66 
2016-05-19 22:57:56.724671 -65 -58 -54 -66 -67 
2016-05-19 22:57:56.826682 -59 -71 -62 -62 -65 
2016-05-19 22:57:57.001705 -57 -53 -58 -64 -64 
2016-05-19 22:57:57.173730 -71 -62 -59 -61 -66 
2016-05-19 22:57:57.349753 -65 -73 -54 -63 -64 
2016-05-19 22:57:57.456768 -68 -73 -59 -65 -65 
2016-05-19 22:57:57.557780 -71 -53 -54 -67 -63 
2016-05-19 22:57:57.667795 -68 -71 -55 -64 -66 
2016-05-19 22:57:57.885827 -64 -64 -53 -66 -64 
2016-05-19 22:57:58.099851 -59 -57 -57 -67 -67 
2016-05-19 22:57:58.204865 -59 -55 -59 -67 -66 
2016-05-19 22:57:58.373888 -71 -56 -56 -65 -69 
2016-05-19 22:57:58.481899 -73 -71 -57 -68 -69 
2016-05-19 22:57:58.614918 -72 -56 -57 -65 -66 
2016-05-19 22:57:58.715937 -70 -72 -56 -62 -67 
2016-05-19 22:57:58.855954 -72 -63 -56 -62 -67 
2016-05-19 22:57:59.038974 -66 -66 -59 -70 -65 
2016-05-19 22:57:59.147988 -61 -54 -57 -62 -68 
2016-05-19 22:57:59.458028 -68 -57 -56 -64 -68 
2016-05-19 22:57:59.567040 -72 -56 -57 -62 -65 
2016-05-19 22:57:59.724063 -67 -57 -57 -65 -64 
2016-05-19 22:57:59.904087 -70 -65 -57 -61 -67 
2016-05-19 22:58:00.011104 -75 -62 -58 -67 -70 
2016-05-19 22:58:00.233130 -73 -55 -57 -62 -66 
2016-05-19 22:58:00.341147 -69 -67 -57 -69 -66 
2016-05-19 22:58:00.443157 -78 -62 -57 -65 -71 
2016-05-19 22:58:00.549171 -69 -67 -54 -68 -66 
2016-05-19 22:58:00.653185 -59 -62 -59 -63 -72 
2016-05-19 22:58:00.759198 -71 -68 -56 -68 -67 
2016-05-19 22:58:00.967223 -71 -58 -57 -63 -66 
2016-05-19 22:58:01.069240 -64 -62 -60 -63 -68 
2016-05-19 22:58:01.259264 -71 -54 -65 -62 -68 
2016-05-19 22:58:01.488294 -72 -58 -59 -67 -65 
2016-05-19 22:58:01.689320 -67 -65 -61 -63 -66 
2016-05-19 22:58:01.917380 -67 -62 -58 -62 -68 
2016-05-19 22:58:02.126381 -59 -57 -58 -63 -64 
2016-05-19 22:58:02.430417 -63 -68 -58 -64 -69 
2016-05-19 22:58:02.638444 -66 -61 -63 -66 -74 
2016-05-19 22:58:02.954486 -70 -64 -55 -67 -67 
2016-05-19 22:58:03.162509 -76 -65 -56 -65 -69 
2016-05-19 22:58:03.487552 -63 -62 -60 -64 -69 
2016-05-19 22:58:03.589569 -62 -61 -65 -71 -71 
2016-05-19 22:58:03.698583 -63 -63 -63 -65 -69 
2016-05-19 22:58:03.896612 -72 -61 -72 -64 -65 
2016-05-19 22:58:04.102632 -73 -59 -64 -61 -69 
2016-05-19 22:58:04.317661 -77 -56 -67 -66 -68 
2016-05-19 22:58:04.422674 -67 -54 -66 -59 -65 
2016-05-19 22:58:04.640707 -70 -54 -64 -65 -68 
2016-05-19 22:58:04.746723 -71 -66 -67 -61 -76 
2016-05-19 22:58:04.850733 -72 -78 -68 -76 -71 
2016-05-19 22:58:05.058760 -66 -60 -73 -67 -68 
2016-05-19 22:58:05.264787 -70 -59 -69 -75 -67 
2016-05-19 22:58:05.379803 -73 -59 -64 -65 -78 
2016-05-19 22:58:05.485816 -68 -63 -64 -59 -58 
2016-05-19 22:58:05.589830 -72 -57 -66 -75 -69 
2016-05-19 22:58:05.791860 -66 -60 -67 -58 -69 
2016-05-19 22:58:05.899870 -63 -54 -66 -60 -69 
2016-05-19 22:58:06.006888 -69 -51 -62 -61 -76 
2016-05-19 22:58:06.112895 -66 -49 -72 -59 -80 
2016-05-19 22:58:06.219912 -78 -60 -71 -62 -86 
2016-05-19 22:58:06.323933 -66 -59 -69 -72 -64 
2016-05-19 22:58:06.429947 -70 -71 -66 -55 -78 
2016-05-19 22:58:06.612967 -65 -61 -63 -59 -64 
2016-05-19 22:58:06.713984 -64 -74 -62 -67 -85 
2016-05-19 22:58:06.977023 -64 -63 -69 -63 -67 
2016-05-19 22:58:07.079032 -71 -53 -62 -69 -64 
2016-05-19 22:58:07.186046 -73 -64 -68 -62 -69 
2016-05-19 22:58:07.373067 -77 -67 -66 -60 -67 
2016-05-19 22:58:07.691111 -74 -65 -64 -73 -67 
2016-05-19 22:58:07.888137 -73 -67 -65 -60 -69 
2016-05-19 22:58:08.007158 -79 -83 -70 -63 -68 
2016-05-19 22:58:08.301191 -70 -70 -73 -70 -65 
2016-05-19 22:58:08.410205 -80 -71 -67 -71 -62 
2016-05-19 22:58:08.529221 -78 -69 -68 -71 -65 
2016-05-19 22:58:08.629234 -70 -73 -72 -61 -61 
2016-05-19 22:58:08.734247 -80 -68 -69 -62 -65 
2016-05-19 22:58:09.143298 -71 -69 -66 -58 -69 
2016-05-19 22:58:09.253312 -77 -62 -69 -61 -74 
2016-05-19 22:58:09.463339 -76 -62 -76 -68 -68 
2016-05-19 22:58:09.565365 -74 -61 -66 -60 -61 
2016-05-19 22:58:09.781384 -82 -65 -71 -66 -67 
2016-05-19 22:58:09.992417 -68 -63 -72 -64 -62 
2016-05-19 22:58:10.201439 -68 -65 -69 -63 -66 
2016-05-19 22:58:10.516480 -76 -70 -65 -60 -72 
2016-05-19 22:58:10.620494 -74 -65 -65 -59 -65 
2016-05-19 22:58:10.724508 -69 -65 -68 -65 -69 
2016-05-19 22:58:10.827526 -76 -63 -68 -59 -66 
2016-05-19 22:58:11.035557 -75 -67 -67 -62 -72 
2016-05-19 22:58:11.237579 -74 -61 -65 -59 -70 
2016-05-19 22:58:11.661630 -75 -67 -70 -59 -75 
2016-05-19 22:58:11.767648 -76 -63 -72 -64 -66 
2016-05-19 22:58:11.977676 -79 -67 -68 -64 -67 
2016-05-19 22:58:12.184698 -75 -66 -69 -67 -65 
2016-05-19 22:58:12.385725 -74 -64 -78 -75 -77 
2016-05-19 22:58:12.489738 -78 -74 -71 -66 -64 
2016-05-19 22:58:12.623752 -74 -63 -84 -60 -65 
2016-05-19 22:58:13.016808 -72 -64 -68 -58 -69 
2016-05-19 22:58:13.214833 -72 -70 -69 -55 -65 
2016-05-19 22:58:13.317850 -73 -65 -73 -76 -75 
2016-05-19 22:58:13.528870 -75 -62 -77 -64 -76 
2016-05-19 22:58:13.635887 -71 -61 -75 -64 -70 
2016-05-19 22:58:13.745906 -68 -69 -74 -62 -64 
2016-05-19 22:58:13.846915 -68 -63 -73 -65 -73 
2016-05-19 22:58:13.952934 -68 -63 -77 -63 -64 
2016-05-19 22:58:14.052948 -65 -64 -74 -64 -73 
2016-05-19 22:58:14.162961 -73 -68 -77 -63 -77 
2016-05-19 22:58:14.267974 -73 -61 -72 -63 -72 
2016-05-19 22:58:14.375987 -69 -76 -71 -62 -75 
2016-05-19 22:58:14.483004 -65 -61 -69 -80 -69 
2016-05-19 22:58:14.801040 -71 -65 -73 -63 -70 
2016-05-19 22:58:14.909051 -69 -62 -69 -63 -75 
2016-05-19 22:58:15.010067 -68 -67 -74 -64 -63 
2016-05-19 22:58:15.118086 -74 -60 -68 -63 -67 
2016-05-19 22:58:15.221095 -82 -65 -85 -72 -63 
2016-05-19 22:58:15.321108 -68 -63 -70 -61 -72 
2016-05-19 22:58:15.430122 -78 -66 -81 -66 -62 
2016-05-19 22:58:15.539133 -70 -60 -66 -60 -66 
2016-05-19 22:58:15.644147 -68 -71 -71 -73 -69 
2016-05-19 22:58:15.754161 -80 -61 -65 -55 -68 
2016-05-19 22:58:15.861179 -68 -68 -71 -58 -66 
2016-05-19 22:58:15.943195 -75 -68 -64 -54 -67 
2016-05-19 22:58:16.153213 -77 -70 -66 -58 -67 
2016-05-19 22:58:16.355236 -69 -63 -67 -54 -68 
2016-05-19 22:58:16.708285 -67 -69 -68 -57 -68 
2016-05-19 22:58:16.914305 -76 -63 -68 -66 -66 
2016-05-19 22:58:17.019319 -74 -64 -68 -72 -68 
2016-05-19 22:58:17.130337 -78 -60 -69 -61 -66 
2016-05-19 22:58:17.297359 -71 -61 -66 -66 -65 
2016-05-19 22:58:17.404370 -81 -58 -69 -68 -61 
2016-05-19 22:58:17.510386 -72 -61 -68 -60 -65 
2016-05-19 22:58:17.611399 -77 -56 -67 -65 -63 
2016-05-19 22:58:17.756418 -75 -67 -70 -61 -66 
2016-05-19 22:58:18.028457 -74 -57 -71 -64 -65 
2016-05-19 22:58:18.140469 -73 -62 -81 -68 -63 
2016-05-19 22:58:18.243486 -70 -59 -86 -71 -62 
2016-05-19 22:58:18.347496 -77 -59 -73 -69 -63 
2016-05-19 22:58:18.450509 -80 -59 -72 -69 -60 
2016-05-19 22:58:18.653540 -74 -59 -66 -68 -61 
2016-05-19 22:58:18.760549 -81 -60 -73 -67 -64 
2016-05-19 22:58:18.867564 -81 -58 -63 -65 -61 
2016-05-19 22:58:19.078595 -74 -60 -69 -70 -64 
2016-05-19 22:58:19.273620 -74 -59 -71 -64 -64 
2016-05-19 22:58:19.378635 -77 -61 -77 -70 -63 
2016-05-19 22:58:19.501647 -76 -60 -78 -67 -65 
2016-05-19 22:58:19.601660 -73 -59 -68 -66 -61 
2016-05-19 22:58:19.703677 -69 -58 -68 -67 -66 
2016-05-19 22:58:19.807687 -76 -59 -68 -66 -63 
2016-05-19 22:58:19.908703 -69 -58 -68 -60 -66 
2016-05-19 22:58:20.019712 -77 -61 -67 -66 -64 
2016-05-19 22:58:20.119724 -73 -59 -67 -59 -64 
2016-05-19 22:58:20.432768 -76 -60 -69 -67 -65 
2016-05-19 22:58:20.538785 -73 -59 -67 -62 -68 
2016-05-19 22:58:20.642796 -75 -59 -74 -66 -64 
2016-05-19 22:58:20.749807 -80 -60 -68 -62 -68 
2016-05-19 22:58:20.853827 -67 -59 -73 -67 -65 
2016-05-19 22:58:21.158867 -74 -59 -68 -65 -68 
2016-05-19 22:58:21.365909 -71 -60 -69 -68 -66 
2016-05-19 22:58:21.675932 -72 -60 -69 -63 -69 
2016-05-19 22:58:21.884955 -76 -60 -75 -62 -66 
2016-05-19 22:58:22.087984 -69 -58 -73 -66 -71 
2016-05-19 22:58:22.197999 -79 -65 -67 -66 -72 
2016-05-19 22:58:22.563047 -78 -59 -76 -62 -72 
2016-05-19 22:58:22.664080 -68 -59 -72 -68 -73 
2016-05-19 22:58:22.766074 -73 -60 -74 -64 -74 
2016-05-19 22:58:22.980098 -83 -60 -78 -76 -67 
2016-05-19 22:58:23.190126 -68 -62 -76 -62 -69 
2016-05-19 22:58:23.364155 -68 -60 -72 -65 -66 
2016-05-19 22:58:23.473166 -67 -61 -65 -60 -64 
2016-05-19 22:58:23.609187 -65 -72 -71 -60 -69 
2016-05-19 22:58:23.816211 -71 -58 -70 -66 -75 
2016-05-19 22:58:23.979236 -64 -61 -76 -63 -66 
2016-05-19 22:58:24.181258 -68 -60 -69 -63 -74 
2016-05-19 22:58:24.320274 -67 -58 -63 -64 -67 
2016-05-19 22:58:24.427290 -71 -57 -66 -62 -64 
2016-05-19 22:58:24.532304 -67 -59 -68 -65 -62 
2016-05-19 22:58:24.633317 -70 -51 -68 -59 -68 
2016-05-19 22:58:24.741331 -74 -55 -74 -73 -66 
2016-05-19 22:58:25.037370 -73 -61 -64 -59 -73 
2016-05-19 22:58:25.139387 -59 -60 -67 -60 -77 
2016-05-19 22:58:25.247397 -65 -61 -65 -72 -77 
2016-05-19 22:58:25.357412 -67 -56 -54 -79 -66 
2016-05-19 22:58:25.530431 -69 -60 -64 -61 -66 
2016-05-19 22:58:25.634451 -68 -61 -60 -64 -78 
2016-05-19 22:58:25.736462 -66 -51 -59 -60 -65 
2016-05-19 22:58:25.840472 -73 -64 -61 -62 -66 
2016-05-19 22:58:25.942488 -66 -56 -60 -55 -71 
2016-05-19 22:58:26.097508 -69 -62 -61 -66 -68 
2016-05-19 22:58:26.198521 -73 -59 -64 -64 -69 
2016-05-19 22:58:26.368552 -65 -56 -63 -66 -65 
2016-05-19 22:58:26.580576 -74 -61 -69 -62 -67 
2016-05-19 22:58:26.787598 -66 -58 -76 -62 -61 
2016-05-19 22:58:26.979627 -68 -61 -77 -60 -73 
2016-05-19 22:58:27.136645 -62 -62 -65 -59 -64 
2016-05-19 22:58:27.243657 -64 -57 -61 -51 -67 
2016-05-19 22:58:27.350669 -64 -66 -67 -61 -64 
2016-05-19 22:58:27.460683 -67 -58 -85 -51 -65 
2016-05-19 22:58:27.659716 -64 -59 -67 -60 -70 
2016-05-19 22:58:27.775726 -69 -57 -63 -63 -65 
2016-05-19 22:58:27.880738 -69 -54 -75 -52 -72 
2016-05-19 22:58:27.982754 -81 -53 -63 -63 -63 
2016-05-19 22:58:28.200781 -71 -59 -63 -59 -67 
2016-05-19 22:58:28.301796 -66 -54 -64 -52 -71 
2016-05-19 22:58:28.409814 -76 -63 -67 -61 -64 
2016-05-19 22:58:28.724854 -69 -56 -73 -54 -76 
2016-05-19 22:58:28.916876 -65 -58 -68 -51 -62 
2016-05-19 22:58:29.125901 -70 -58 -68 -55 -69 
2016-05-19 22:58:29.336931 -68 -59 -68 -55 -59 
2016-05-19 22:58:29.440942 -66 -65 -69 -57 -60 
2016-05-19 22:58:29.575960 -68 -66 -70 -52 -63 
2016-05-19 22:58:29.786990 -64 -55 -64 -56 -68 
2016-05-19 22:58:29.893008 -63 -53 -74 -53 -64 
2016-05-19 22:58:30.000022 -65 -67 -83 -60 -62 
2016-05-19 22:58:30.106030 -64 -58 -73 -53 -71 
2016-05-19 22:58:30.209045 -82 -56 -72 -64 -63 
2016-05-19 22:58:30.314059 -75 -63 -75 -53 -75 
2016-05-19 22:58:30.506082 -70 -60 -67 -64 -67 
2016-05-19 22:58:30.655107 -77 -56 -75 -59 -77 
2016-05-19 22:58:30.758117 -73 -62 -84 -75 -65 
2016-05-19 22:58:30.863131 -74 -54 -76 -57 -60 
2016-05-19 22:58:30.968145 -75 -61 -65 -79 -62 
2016-05-19 22:58:31.075162 -69 -53 -75 -55 -62 
2016-05-19 22:58:31.352202 -68 -54 -75 -54 -63 
2016-05-19 22:58:31.562231 -64 -57 -68 -60 -61 
2016-05-19 22:58:31.769257 -66 -60 -68 -60 -63 
2016-05-19 22:58:31.887271 -67 -72 -75 -79 -65 
2016-05-19 22:58:32.033291 -67 -71 -73 -69 -65 
2016-05-19 22:58:32.142305 -69 -54 -72 -54 -68 
2016-05-19 22:58:32.253319 -67 -55 -72 -52 -64 
2016-05-19 22:58:32.362334 -68 -80 -77 -74 -71 
2016-05-19 22:58:32.468348 -68 -54 -80 -51 -62 
2016-05-19 22:58:32.612366 -71 -52 -75 -52 -63 
2016-05-19 22:58:32.819393 -70 -56 -80 -64 -64 
2016-05-19 22:58:33.021417 -66 -58 -85 -61 -78 
2016-05-19 22:58:33.117432 -72 -58 -82 -52 -65 
2016-05-19 22:58:33.294455 -68 -69 -75 -52 -69 
2016-05-19 22:58:33.605502 -71 -56 -73 -52 -67 
2016-05-19 22:58:33.759517 -65 -59 -90 -51 -67 
2016-05-19 22:58:33.958542 -65 -56 -81 -59 -68 
2016-05-19 22:58:34.070562 -65 -57 -76 -52 -74 
2016-05-19 22:58:34.273584 -62 -56 -73 -59 -62 
2016-05-19 22:58:34.378597 -77 -62 -69 -67 -72 
2016-05-19 22:58:34.498613 -70 -55 -81 -50 -66 
2016-05-19 22:58:34.805658 -67 -56 -75 -60 -73 
2016-05-19 22:58:34.925675 -68 -62 -82 -52 -65 
2016-05-19 22:58:35.114694 -62 -57 -76 -59 -63 
2016-05-19 22:58:35.282715 -74 -56 -71 -58 -69 
2016-05-19 22:58:35.427734 -75 -59 -78 -50 -68 
2016-05-19 22:58:35.528747 -69 -54 -72 -54 -66 
2016-05-19 22:58:35.793783 -74 -55 -69 -71 -68 
2016-05-19 22:58:35.972805 -64 -55 -69 -51 -76 
2016-05-19 22:58:36.217838 -66 -62 -78 -68 -71 
2016-05-19 22:58:36.329852 -67 -58 -72 -52 -63 
2016-05-19 22:58:36.436863 -75 -56 -85 -74 -74 
2016-05-19 22:58:36.547880 -69 -54 -75 -51 -63 
2016-05-19 22:58:36.674924 -62 -62 -72 -67 -78 
2016-05-19 22:58:36.785909 -67 -55 -79 -50 -64 
2016-05-19 22:58:36.886922 -65 -69 -73 -68 -77 
2016-05-19 22:58:37.193965 -74 -59 -75 -52 -64 
2016-05-19 22:58:37.299979 -65 -56 -70 -51 -79 
2016-05-19 22:58:37.503005 -64 -53 -67 -55 -63 
2016-05-19 22:58:37.611025 -63 -61 -68 -55 -62 
2016-05-19 22:58:37.798044 -68 -71 -71 -63 -66 
2016-05-19 22:58:37.899057 -65 -51 -65 -66 -76 
2016-05-19 22:58:38.005071 -69 -74 -66 -58 -63 
2016-05-19 22:58:38.212096 -69 -57 -73 -67 -76 
2016-05-19 22:58:38.346121 -70 -63 -74 -61 -69 
2016-05-19 22:58:38.592144 -75 -54 -73 -58 -72 
2016-05-19 22:58:38.695161 -64 -61 -64 -52 -63 
2016-05-19 22:58:38.800175 -68 -65 -74 -64 -65 
2016-05-19 22:58:38.906210 -61 -64 -63 -68 -74 
2016-05-19 22:58:39.115216 -69 -71 -72 -60 -75 
2016-05-19 22:58:39.224230 -57 -62 -68 -68 -81 
2016-05-19 22:58:39.397250 -67 -63 -65 -58 -74 
2016-05-19 22:58:39.502263 -80 -55 -63 -68 -72 
2016-05-19 22:58:39.684290 -72 -62 -64 -61 -64 
2016-05-19 22:58:39.999331 -75 -59 -68 -71 -65 
2016-05-19 22:58:40.167350 -68 -60 -68 -68 -62 
2016-05-19 22:58:40.379381 -61 -61 -68 -61 -66 
2016-05-19 22:58:40.590409 -64 -58 -70 -62 -63 
2016-05-19 22:58:40.698452 -61 -66 -61 -66 -70 
2016-05-19 22:58:40.807427 -65 -81 -68 -71 -60 
2016-05-19 22:58:40.906446 -63 -64 -72 -53 -64 
2016-05-19 22:58:41.163476 -64 -69 -73 -70 -63 
2016-05-19 22:58:41.265498 -67 -59 -68 -64 -63 
2016-05-19 22:58:41.369511 -71 -69 -71 -61 -69 
2016-05-19 22:58:41.473516 -67 -57 -65 -57 -75 
2016-05-19 22:58:41.575532 -57 -70 -77 -67 -61 
2016-05-19 22:58:41.705547 -61 -67 -71 -61 -64 
2016-05-19 22:58:41.812559 -71 -64 -71 -62 -70 
2016-05-19 22:58:42.059594 -64 -64 -63 -60 -69 
2016-05-19 22:58:42.263620 -60 -60 -73 -62 -68 
2016-05-19 22:58:42.365633 -63 -69 -77 -57 -69 
2016-05-19 22:58:42.534655 -64 -63 -61 -62 -71 
2016-05-19 22:58:42.736685 -60 -64 -61 -58 -71 
2016-05-19 22:58:42.839695 -68 -81 -71 -57 -65 
2016-05-19 22:58:42.949709 -71 -65 -62 -62 -62 
2016-05-19 22:58:43.158736 -58 -64 -69 -54 -62 
2016-05-19 22:58:43.262748 -63 -65 -64 -62 -69 
2016-05-19 22:58:43.367761 -62 -58 -76 -57 -66 
2016-05-19 22:58:43.508783 -63 -69 -66 -66 -67 
2016-05-19 22:58:43.614796 -62 -77 -63 -62 -72 
2016-05-19 22:58:43.823824 -57 -66 -68 -71 -70 
2016-05-19 22:58:44.029851 -63 -66 -67 -62 -64 
2016-05-19 22:58:44.239878 -67 -66 -60 -60 -69 
2016-05-19 22:58:44.391902 -71 -70 -66 -81 -65 
2016-05-19 22:58:44.496915 -59 -68 -56 -61 -62 
2016-05-19 22:58:44.596928 -59 -74 -58 -63 -69 
2016-05-19 22:58:44.698938 -64 -66 -62 -64 -65 
2016-05-19 22:58:44.803951 -60 -67 -61 -67 -66 
2016-05-19 22:58:45.121997 -75 -69 -62 -57 -65 
2016-05-19 22:58:45.298013 -59 -76 -64 -56 -63 
2016-05-19 22:58:45.445035 -67 -63 -60 -56 -63 
2016-05-19 22:58:45.641061 -65 -72 -69 -60 -59 
2016-05-19 22:58:45.744074 -64 -69 -63 -54 -68 
2016-05-19 22:58:45.923095 -71 -68 -60 -58 -62 
2016-05-19 22:58:46.028109 -72 -71 -64 -58 -62 
2016-05-19 22:58:46.238136 -59 -69 -61 -60 -74 
2016-05-19 22:58:46.344153 -57 -62 -58 -55 -62 
2016-05-19 22:58:46.552183 -68 -71 -66 -57 -68 
2016-05-19 22:58:46.658191 -62 -62 -63 -59 -83 
2016-05-19 22:58:46.868218 -55 -68 -64 -52 -62 
2016-05-19 22:58:47.163257 -62 -62 -59 -56 -75 
2016-05-19 22:58:47.322283 -59 -63 -60 -53 -71 
2016-05-19 22:58:47.426294 -66 -74 -59 -58 -81 
2016-05-19 22:58:47.527312 -61 -63 -84 -71 -63 
2016-05-19 22:58:47.796343 -66 -66 -67 -58 -74 
2016-05-19 22:58:48.008368 -64 -66 -69 -55 -77 
2016-05-19 22:58:48.223396 -64 -63 -64 -61 -69 
2016-05-19 22:58:48.353413 -67 -62 -63 -50 -78 
2016-05-19 22:58:48.771470 -54 -68 -64 -59 -65 
2016-05-19 22:58:48.878481 -58 -79 -69 -65 -65 
2016-05-19 22:58:48.983495 -74 -66 -61 -66 -68 
2016-05-19 22:58:49.086512 -56 -69 -71 -59 -63 
2016-05-19 22:58:49.199525 -60 -58 -66 -62 -66 
2016-05-19 22:58:49.394551 -64 -69 -72 -66 -65 
2016-05-19 22:58:49.507570 -56 -77 -67 -56 -67 
2016-05-19 22:58:49.618577 -65 -69 -65 -61 -69 
2016-05-19 22:58:49.832617 -60 -59 -67 -64 -62 
2016-05-19 22:58:49.932626 -57 -60 -68 -58 -80 
2016-05-19 22:58:50.097646 -67 -61 -66 -62 -67 
2016-05-19 22:58:50.455698 -60 -67 -68 -56 -68 
2016-05-19 22:58:50.563701 -62 -66 -63 -53 -68 
2016-05-19 22:58:50.726738 -60 -62 -70 -56 -74 
2016-05-19 22:58:50.830739 -54 -71 -64 -57 -73 
2016-05-19 22:58:50.932757 -66 -59 -66 -62 -74 
2016-05-19 22:58:51.073768 -57 -88 -77 -61 -79 
2016-05-19 22:58:51.179785 -64 -57 -61 -64 -64 
2016-05-19 22:58:51.387824 -62 -68 -62 -64 -65 
2016-05-19 22:58:51.496833 -56 -60 -65 -64 -62 
2016-05-19 22:58:51.602853 -72 -73 -64 -58 -71 
2016-05-19 22:58:51.804874 -61 -67 -60 -63 -68 
2016-05-19 22:58:51.910888 -55 -57 -75 -62 -77 
2016-05-19 22:58:52.017906 -62 -72 -67 -61 -69 
2016-05-19 22:58:52.224928 -60 -60 -66 -61 -68 
2016-05-19 22:58:52.429956 -74 -60 -60 -65 -68 
2016-05-19 22:58:52.536969 -59 -61 -72 -68 -66 
2016-05-19 22:58:52.640983 -68 -67 -59 -56 -68 
2016-05-19 22:58:52.809001 -58 -65 -76 -62 -70 
2016-05-19 22:58:53.069036 -59 -64 -60 -65 -74 
2016-05-19 22:58:53.290067 -61 -65 -86 -56 -74 
2016-05-19 22:58:53.424081 -57 -62 -71 -73 -71 
2016-05-19 22:58:53.610109 -60 -65 -68 -75 -70 
2016-05-19 22:58:53.714119 -59 -63 -76 -64 -68 
2016-05-19 22:58:53.817136 -62 -65 -62 -54 -66 
2016-05-19 22:58:54.024160 -57 -69 -65 -51 -70 
2016-05-19 22:58:54.262194 -59 -74 -65 -53 -72 
2016-05-19 22:58:54.365208 -70 -68 -74 -66 -65 
2016-05-19 22:58:54.467221 -55 -61 -65 -60 -55 
2016-05-19 22:58:54.577236 -65 -59 -72 -61 -62 
2016-05-19 22:58:54.682249 -65 -62 -65 -60 -65 
2016-05-19 22:58:54.893282 -75 -65 -67 -62 -65 
2016-05-19 22:58:55.065300 -70 -69 -72 -75 -65 
2016-05-19 22:58:55.271326 -68 -68 -75 -71 -67 
2016-05-19 22:58:55.590368 -68 -70 -72 -70 -66 
2016-05-19 22:58:55.794391 -69 -72 -70 -68 -67 
2016-05-19 22:58:56.088438 -74 -68 -74 -63 -65 
2016-05-19 22:58:56.196447 -70 -70 -75 -67 -66 
2016-05-19 22:58:56.517489 -72 -78 -73 -65 -68 
2016-05-19 22:58:56.632504 -68 -62 -75 -66 -75 
2016-05-19 22:58:56.780524 -84 -69 -69 -62 -64 
2016-05-19 22:58:56.985551 -82 -73 -78 -60 -67 
2016-05-19 22:58:57.097587 -72 -74 -72 -61 -71 
2016-05-19 22:58:57.201579 -74 -72 -68 -63 -68 
2016-05-19 22:58:57.309589 -70 -82 -73 -61 -78 
2016-05-19 22:58:57.518625 -71 -73 -75 -62 -66 
2016-05-19 22:58:57.623638 -73 -73 -71 -71 -63 
2016-05-19 22:58:57.763658 -70 -65 -74 -61 -75 
733
