2016-05-19 23:17:59.742549 -57 -53 -62 -50 -62 
2016-05-19 23:17:59.845565 -58 -57 -54 -68 -57 
2016-05-19 23:18:00.041594 -54 -53 -58 -56 -60 
2016-05-19 23:18:00.145604 -67 -59 -64 -60 -59 
2016-05-19 23:18:00.368761 -56 -49 -54 -49 -60 
2016-05-19 23:18:00.471651 -62 -49 -57 -51 -58 
2016-05-19 23:18:00.663673 -52 -56 -53 -54 -65 
2016-05-19 23:18:00.867696 -57 -52 -59 -57 -62 
2016-05-19 23:18:01.087725 -62 -62 -64 -61 -59 
2016-05-19 23:18:01.188740 -54 -63 -69 -65 -59 
2016-05-19 23:18:01.384894 -49 -56 -59 -50 -68 
2016-05-19 23:18:01.486783 -56 -55 -57 -47 -60 
2016-05-19 23:18:01.686809 -54 -71 -55 -47 -62 
2016-05-19 23:18:01.789819 -51 -58 -57 -57 -69 
2016-05-19 23:18:01.892830 -61 -63 -54 -48 -66 
2016-05-19 23:18:02.053853 -59 -55 -52 -51 -68 
2016-05-19 23:18:02.158869 -52 -51 -65 -46 -77 
2016-05-19 23:18:02.333889 -54 -60 -54 -52 -68 
2016-05-19 23:18:02.641068 -54 -59 -59 -62 -79 
2016-05-19 23:18:02.795957 -57 -50 -59 -49 -70 
2016-05-19 23:18:02.899972 -59 -59 -60 -55 -68 
2016-05-19 23:18:03.071999 -59 -57 -56 -60 -70 
2016-05-19 23:18:03.277025 -57 -53 -57 -52 -66 
2016-05-19 23:18:03.379034 -51 -49 -67 -51 -76 
2016-05-19 23:18:03.688064 -53 -57 -53 -54 -66 
2016-05-19 23:18:03.850088 -52 -51 -52 -55 -64 
2016-05-19 23:18:04.053112 -53 -59 -73 -58 -59 
2016-05-19 23:18:04.209136 -53 -54 -58 -58 -62 
2016-05-19 23:18:04.317152 -55 -57 -75 -70 -69 
2016-05-19 23:18:04.426163 -53 -59 -57 -55 -64 
2016-05-19 23:18:04.527181 -60 -59 -59 -57 -68 
2016-05-19 23:18:04.632194 -54 -54 -55 -54 -62 
2016-05-19 23:18:04.753335 -66 -57 -59 -61 -60 
2016-05-19 23:18:05.135255 -60 -55 -58 -58 -70 
2016-05-19 23:18:05.257400 -53 -51 -66 -60 -67 
2016-05-19 23:18:05.359285 -51 -59 -60 -56 -59 
2016-05-19 23:18:05.461298 -62 -58 -57 -52 -70 
2016-05-19 23:18:05.566312 -53 -62 -62 -56 -69 
2016-05-19 23:18:05.667329 -63 -57 -60 -51 -66 
2016-05-19 23:18:05.860351 -60 -51 -63 -52 -68 
2016-05-19 23:18:06.067380 -60 -55 -66 -50 -65 
2016-05-19 23:18:06.338410 -51 -52 -52 -51 -69 
2016-05-19 23:18:06.446427 -51 -51 -67 -58 -69 
2016-05-19 23:18:06.728461 -57 -60 -56 -48 -63 
2016-05-19 23:18:06.934491 -54 -52 -72 -50 -69 
2016-05-19 23:18:07.313670 -53 -53 -55 -51 -66 
2016-05-19 23:18:07.419554 -59 -62 -60 -58 -65 
2016-05-19 23:18:07.699591 -55 -52 -56 -56 -65 
2016-05-19 23:18:07.874614 -51 -64 -60 -54 -73 
2016-05-19 23:18:07.974627 -54 -54 -59 -61 -74 
2016-05-19 23:18:08.136647 -55 -54 -56 -60 -70 
2016-05-19 23:18:08.315671 -58 -59 -52 -67 -64 
2016-05-19 23:18:08.501695 -56 -52 -63 -65 -66 
2016-05-19 23:18:08.712727 -56 -52 -60 -57 -67 
2016-05-19 23:18:08.815737 -56 -65 -58 -54 -62 
2016-05-19 23:18:09.029765 -57 -65 -61 -52 -64 
2016-05-19 23:18:09.135778 -53 -57 -57 -54 -60 
2016-05-19 23:18:09.491825 -59 -66 -57 -52 -60 
2016-05-19 23:18:09.595844 -54 -62 -58 -57 -65 
2016-05-19 23:18:09.702856 -57 -71 -58 -63 -63 
2016-05-19 23:18:09.811866 -55 -61 -63 -54 -76 
2016-05-19 23:18:09.998888 -53 -61 -61 -74 -68 
2016-05-19 23:18:10.209920 -53 -59 -61 -64 -71 
2016-05-19 23:18:10.419946 -52 -51 -57 -61 -64 
2016-05-19 23:18:10.528957 -53 -52 -58 -48 -65 
2016-05-19 23:18:10.636974 -51 -60 -55 -61 -65 
2016-05-19 23:18:10.851002 -55 -63 -63 -55 -64 
2016-05-19 23:18:11.081033 -54 -57 -70 -61 -61 
2016-05-19 23:18:11.185046 -61 -50 -59 -60 -67 
2016-05-19 23:18:11.290061 -61 -60 -65 -59 -63 
2016-05-19 23:18:11.500087 -53 -56 -61 -54 -67 
2016-05-19 23:18:11.706243 -59 -53 -56 -60 -61 
2016-05-19 23:18:11.918145 -66 -55 -52 -55 -60 
2016-05-19 23:18:12.040158 -58 -64 -53 -50 -56 
2016-05-19 23:18:12.457219 -60 -59 -58 -49 -57 
2016-05-19 23:18:12.744254 -62 -53 -54 -55 -60 
2016-05-19 23:18:12.852270 -59 -60 -63 -51 -58 
2016-05-19 23:18:12.977288 -62 -57 -63 -53 -57 
2016-05-19 23:18:13.224316 -68 -58 -66 -54 -63 
2016-05-19 23:18:13.335334 -62 -59 -62 -58 -64 
2016-05-19 23:18:13.440348 -68 -60 -61 -57 -63 
2016-05-19 23:18:13.542361 -68 -63 -62 -59 -69 
2016-05-19 23:18:13.647374 -65 -60 -60 -56 -64 
2016-05-19 23:18:13.774388 -64 -67 -62 -57 -72 
2016-05-19 23:18:13.880418 -67 -64 -60 -69 -68 
2016-05-19 23:18:14.087432 -68 -70 -62 -69 -76 
2016-05-19 23:18:14.397473 -70 -75 -62 -64 -72 
2016-05-19 23:18:14.509484 -70 -66 -64 -58 -71 
2016-05-19 23:18:14.615501 -74 -68 -65 -65 -66 
2016-05-19 23:18:14.723521 -87 -63 -64 -61 -72 
2016-05-19 23:18:14.823534 -67 -67 -66 -64 -73 
2016-05-19 23:18:15.026686 -67 -67 -66 -61 -70 
2016-05-19 23:18:15.132568 -70 -66 -65 -54 -69 
2016-05-19 23:18:15.236582 -66 -69 -64 -61 -71 
2016-05-19 23:18:15.337596 -69 -67 -64 -58 -67 
2016-05-19 23:18:15.458618 -75 -65 -69 -56 -81 
2016-05-19 23:18:15.560631 -75 -64 -62 -67 -67 
2016-05-19 23:18:15.663643 -71 -63 -66 -57 -86 
2016-05-19 23:18:15.757650 -85 -63 -65 -53 -63 
2016-05-19 23:18:15.860675 -69 -73 -70 -65 -80 
2016-05-19 23:18:16.062690 -65 -63 -64 -61 -68 
2016-05-19 23:18:16.169701 -69 -67 -66 -54 -65 
2016-05-19 23:18:16.275719 -66 -54 -67 -60 -79 
2016-05-19 23:18:16.399738 -70 -66 -63 -60 -75 
2016-05-19 23:18:16.597760 -66 -60 -64 -56 -71 
2016-05-19 23:18:16.708779 -65 -68 -63 -60 -71 
2016-05-19 23:18:16.915801 -71 -56 -65 -56 -68 
2016-05-19 23:18:17.081824 -68 -64 -63 -61 -66 
2016-05-19 23:18:17.190844 -68 -68 -62 -57 -75 
2016-05-19 23:18:17.299848 -67 -61 -64 -57 -74 
2016-05-19 23:18:17.439867 -68 -61 -63 -53 -75 
2016-05-19 23:18:17.645897 -66 -63 -63 -60 -76 
2016-05-19 23:18:17.856928 -67 -64 -64 -63 -71 
2016-05-19 23:18:18.067952 -67 -63 -62 -54 -74 
2016-05-19 23:18:18.279977 -69 -62 -62 -60 -77 
2016-05-19 23:18:18.491139 -68 -60 -64 -59 -77 
2016-05-19 23:18:18.598022 -68 -62 -62 -56 -65 
2016-05-19 23:18:18.702035 -74 -62 -63 -53 -75 
2016-05-19 23:18:18.906062 -71 -63 -61 -55 -69 
2016-05-19 23:18:19.081078 -67 -59 -62 -53 -73 
2016-05-19 23:18:19.189095 -70 -66 -65 -58 -73 
2016-05-19 23:18:19.291106 -68 -58 -62 -55 -74 
2016-05-19 23:18:19.496132 -67 -64 -61 -57 -73 
2016-05-19 23:18:19.600142 -68 -71 -65 -51 -76 
2016-05-19 23:18:19.776168 -65 -65 -59 -58 -69 
2016-05-19 23:18:19.881182 -70 -61 -63 -64 -68 
2016-05-19 23:18:20.158218 -69 -69 -61 -60 -73 
2016-05-19 23:18:20.337242 -67 -63 -61 -59 -78 
2016-05-19 23:18:20.471259 -69 -60 -66 -57 -70 
2016-05-19 23:18:20.676285 -68 -62 -63 -56 -70 
2016-05-19 23:18:20.783299 -70 -51 -63 -62 -75 
2016-05-19 23:18:21.073337 -67 -57 -62 -61 -64 
2016-05-19 23:18:21.178352 -70 -63 -61 -59 -68 
2016-05-19 23:18:21.379382 -66 -58 -60 -58 -64 
2016-05-19 23:18:21.519399 -64 -58 -65 -54 -68 
2016-05-19 23:18:21.700418 -68 -58 -61 -58 -69 
2016-05-19 23:18:21.806433 -72 -62 -63 -54 -79 
2016-05-19 23:18:21.916448 -67 -58 -62 -61 -68 
2016-05-19 23:18:22.126475 -69 -60 -62 -60 -72 
2016-05-19 23:18:22.339632 -68 -60 -62 -57 -74 
2016-05-19 23:18:22.443654 -67 -65 -66 -60 -79 
2016-05-19 23:18:22.599548 -68 -58 -63 -59 -69 
2016-05-19 23:18:22.700562 -69 -57 -65 -59 -80 
2016-05-19 23:18:22.808571 -68 -65 -62 -60 -72 
2016-05-19 23:18:23.015595 -68 -52 -62 -60 -77 
2016-05-19 23:18:23.181620 -71 -52 -65 -60 -69 
2016-05-19 23:18:23.379776 -67 -61 -62 -60 -69 
2016-05-19 23:18:23.487660 -69 -52 -60 -62 -76 
2016-05-19 23:18:23.650681 -65 -58 -63 -60 -69 
2016-05-19 23:18:23.857708 -69 -57 -61 -60 -75 
2016-05-19 23:18:23.961722 -69 -62 -61 -60 -72 
2016-05-19 23:18:24.216748 -68 -59 -64 -59 -79 
2016-05-19 23:18:24.533789 -69 -58 -64 -61 -68 
2016-05-19 23:18:24.635932 -69 -65 -64 -65 -70 
2016-05-19 23:18:24.850828 -66 -63 -64 -60 -68 
2016-05-19 23:18:25.055855 -66 -61 -69 -56 -68 
2016-05-19 23:18:25.212878 -64 -59 -63 -52 -81 
2016-05-19 23:18:25.321893 -74 -62 -63 -69 -73 
2016-05-19 23:18:25.529923 -72 -68 -64 -57 -70 
2016-05-19 23:18:25.686940 -82 -62 -66 -56 -69 
2016-05-19 23:18:25.793959 -74 -65 -63 -50 -71 
2016-05-19 23:18:25.956104 -68 -62 -67 -52 -69 
2016-05-19 23:18:26.057989 -66 -66 -61 -50 -68 
2016-05-19 23:18:26.301017 -74 -62 -64 -51 -66 
2016-05-19 23:18:26.407034 -69 -63 -74 -52 -73 
2016-05-19 23:18:26.531048 -72 -65 -68 -65 -68 
2016-05-19 23:18:26.634064 -63 -60 -63 -55 -75 
2016-05-19 23:18:26.827089 -74 -68 -69 -66 -71 
2016-05-19 23:18:26.933103 -71 -57 -64 -69 -62 
2016-05-19 23:18:27.040121 -65 -87 -63 -58 -73 
2016-05-19 23:18:27.246141 -74 -78 -66 -56 -69 
2016-05-19 23:18:27.564322 -78 -68 -65 -59 -63 
2016-05-19 23:18:27.735221 -83 -78 -65 -66 -69 
2016-05-19 23:18:27.876365 -72 -80 -62 -57 -74 
2016-05-19 23:18:27.980255 -81 -57 -65 -53 -62 
2016-05-19 23:18:28.081257 -72 -62 -62 -56 -75 
2016-05-19 23:18:28.185278 -69 -55 -66 -52 -62 
2016-05-19 23:18:28.287287 -72 -59 -61 -54 -71 
2016-05-19 23:18:28.390305 -70 -69 -66 -65 -74 
2016-05-19 23:18:28.493314 -69 -54 -60 -55 -71 
2016-05-19 23:18:28.600332 -83 -65 -67 -53 -62 
181
