2016-05-19 23:16:26.630389 -54 -54 -64 -69 -63 
2016-05-19 23:16:26.831416 -61 -56 -64 -66 -62 
2016-05-19 23:16:27.160456 -74 -52 -60 -61 -66 
2016-05-19 23:16:27.262472 -52 -53 -68 -69 -58 
2016-05-19 23:16:27.438502 -61 -57 -75 -55 -58 
2016-05-19 23:16:27.541516 -50 -50 -60 -73 -59 
2016-05-19 23:16:27.653531 -51 -56 -67 -59 -63 
2016-05-19 23:16:27.862557 -48 -50 -67 -62 -66 
2016-05-19 23:16:27.971573 -59 -57 -71 -56 -54 
2016-05-19 23:16:28.179604 -54 -50 -69 -51 -59 
2016-05-19 23:16:28.284743 -54 -54 -60 -66 -64 
2016-05-19 23:16:28.483639 -62 -50 -59 -52 -60 
2016-05-19 23:16:28.590656 -54 -57 -60 -56 -66 
2016-05-19 23:16:28.701667 -62 -49 -63 -51 -73 
2016-05-19 23:16:28.808681 -56 -54 -72 -53 -63 
2016-05-19 23:16:28.917696 -61 -58 -75 -61 -60 
2016-05-19 23:16:29.019713 -58 -57 -59 -47 -54 
2016-05-19 23:16:29.127723 -53 -62 -66 -65 -65 
2016-05-19 23:16:29.325745 -58 -62 -59 -53 -66 
2016-05-19 23:16:29.633789 -56 -52 -68 -59 -54 
2016-05-19 23:16:29.839821 -56 -53 -64 -55 -62 
2016-05-19 23:16:29.961832 -55 -58 -70 -54 -63 
2016-05-19 23:16:30.157857 -55 -48 -64 -81 -61 
2016-05-19 23:16:30.277003 -58 -57 -74 -57 -72 
2016-05-19 23:16:30.579910 -65 -56 -64 -60 -77 
2016-05-19 23:16:30.792933 -50 -51 -57 -68 -59 
2016-05-19 23:16:30.915946 -63 -55 -56 -62 -62 
2016-05-19 23:16:31.125105 -59 -50 -62 -63 -60 
2016-05-19 23:16:31.335008 -62 -55 -59 -68 -70 
2016-05-19 23:16:31.542031 -56 -53 -56 -57 -70 
2016-05-19 23:16:31.648044 -52 -50 -62 -68 -69 
2016-05-19 23:16:31.751056 -52 -49 -59 -53 -64 
2016-05-19 23:16:32.075104 -50 -54 -57 -71 -64 
2016-05-19 23:16:32.362138 -60 -61 -60 -61 -60 
2016-05-19 23:16:32.472160 -60 -56 -53 -61 -62 
2016-05-19 23:16:32.577173 -81 -65 -54 -59 -80 
2016-05-19 23:16:32.686185 -72 -54 -67 -61 -69 
2016-05-19 23:16:32.792202 -59 -65 -57 -54 -66 
2016-05-19 23:16:32.893345 -55 -54 -62 -63 -69 
2016-05-19 23:16:32.998228 -71 -54 -54 -53 -60 
2016-05-19 23:16:33.192253 -60 -51 -58 -61 -67 
2016-05-19 23:16:33.297268 -54 -54 -61 -56 -59 
2016-05-19 23:16:33.427285 -54 -50 -59 -62 -65 
2016-05-19 23:16:33.530303 -67 -48 -55 -51 -71 
2016-05-19 23:16:33.700325 -53 -51 -59 -51 -63 
2016-05-19 23:16:33.816332 -64 -49 -61 -59 -67 
2016-05-19 23:16:34.033364 -56 -50 -63 -51 -64 
2016-05-19 23:16:34.228390 -54 -48 -61 -53 -62 
2016-05-19 23:16:34.335408 -51 -49 -61 -58 -62 
2016-05-19 23:16:34.550444 -54 -54 -70 -56 -73 
2016-05-19 23:16:34.655450 -63 -50 -72 -52 -69 
2016-05-19 23:16:34.761456 -62 -61 -64 -59 -69 
2016-05-19 23:16:34.867473 -59 -59 -63 -49 -68 
2016-05-19 23:16:34.973616 -59 -57 -52 -65 -79 
2016-05-19 23:16:35.107504 -51 -59 -60 -52 -66 
2016-05-19 23:16:35.209517 -57 -75 -59 -69 -61 
2016-05-19 23:16:35.317661 -52 -52 -59 -54 -63 
2016-05-19 23:16:35.498555 -59 -61 -71 -63 -63 
2016-05-19 23:16:35.622575 -51 -51 -76 -66 -66 
2016-05-19 23:16:35.728585 -60 -62 -66 -60 -70 
2016-05-19 23:16:35.920616 -54 -62 -64 -65 -68 
2016-05-19 23:16:36.027624 -57 -48 -58 -56 -73 
2016-05-19 23:16:36.128637 -61 -60 -60 -59 -68 
2016-05-19 23:16:36.337665 -59 -53 -61 -55 -68 
2016-05-19 23:16:36.549822 -56 -58 -60 -55 -64 
2016-05-19 23:16:36.655711 -59 -65 -54 -53 -66 
2016-05-19 23:16:36.845861 -58 -62 -64 -53 -62 
2016-05-19 23:16:36.951742 -57 -66 -61 -60 -71 
2016-05-19 23:16:37.096761 -61 -57 -62 -53 -73 
2016-05-19 23:16:37.297790 -60 -62 -58 -53 -63 
2016-05-19 23:16:37.406801 -58 -60 -60 -61 -65 
2016-05-19 23:16:37.595834 -58 -59 -59 -52 -68 
2016-05-19 23:16:37.720851 -59 -56 -61 -52 -62 
2016-05-19 23:16:37.827859 -55 -56 -58 -64 -64 
2016-05-19 23:16:37.935878 -52 -56 -65 -52 -60 
2016-05-19 23:16:38.050894 -58 -61 -64 -53 -66 
2016-05-19 23:16:38.153902 -58 -55 -62 -49 -60 
2016-05-19 23:16:38.255920 -56 -62 -67 -61 -77 
2016-05-19 23:16:38.441936 -56 -59 -60 -56 -66 
2016-05-19 23:16:38.543952 -54 -56 -66 -52 -67 
2016-05-19 23:16:38.646096 -58 -68 -59 -62 -68 
2016-05-19 23:16:38.863995 -57 -57 -66 -51 -67 
2016-05-19 23:16:38.968008 -56 -55 -58 -51 -60 
2016-05-19 23:16:39.069022 -56 -62 -64 -54 -74 
2016-05-19 23:16:39.173036 -60 -57 -58 -50 -62 
2016-05-19 23:16:39.272046 -57 -59 -61 -52 -63 
2016-05-19 23:16:39.377059 -58 -56 -58 -50 -68 
2016-05-19 23:16:39.582221 -58 -66 -58 -56 -66 
2016-05-19 23:16:39.685103 -58 -57 -65 -51 -64 
2016-05-19 23:16:39.796121 -56 -57 -60 -51 -63 
2016-05-19 23:16:40.002140 -57 -68 -61 -54 -66 
2016-05-19 23:16:40.111163 -58 -62 -62 -51 -61 
2016-05-19 23:16:40.321190 -60 -56 -62 -55 -66 
2016-05-19 23:16:40.427195 -58 -57 -62 -54 -71 
2016-05-19 23:16:40.740239 -56 -60 -61 -54 -63 
2016-05-19 23:16:40.850254 -56 -57 -64 -52 -62 
2016-05-19 23:16:40.952265 -56 -56 -60 -51 -64 
2016-05-19 23:16:41.055281 -57 -58 -61 -60 -68 
2016-05-19 23:16:41.266313 -57 -57 -61 -56 -62 
2016-05-19 23:16:41.467331 -57 -56 -65 -60 -68 
2016-05-19 23:16:41.622486 -62 -57 -58 -51 -69 
2016-05-19 23:16:41.725368 -69 -51 -65 -56 -79 
2016-05-19 23:16:41.829382 -61 -74 -57 -64 -61 
2016-05-19 23:16:42.112416 -63 -51 -70 -55 -65 
2016-05-19 23:16:42.311451 -57 -53 -59 -63 -65 
2016-05-19 23:16:42.512468 -61 -56 -66 -55 -63 
2016-05-19 23:16:42.619485 -59 -65 -59 -61 -64 
2016-05-19 23:16:42.786511 -57 -55 -64 -66 -69 
2016-05-19 23:16:42.946533 -60 -50 -60 -59 -63 
2016-05-19 23:16:43.048541 -82 -67 -71 -60 -58 
2016-05-19 23:16:43.236571 -60 -64 -60 -60 -59 
2016-05-19 23:16:43.341584 -58 -54 -69 -64 -66 
2016-05-19 23:16:43.446723 -59 -63 -60 -52 -63 
2016-05-19 23:16:43.553607 -59 -52 -64 -61 -59 
2016-05-19 23:16:43.652617 -65 -59 -62 -58 -75 
2016-05-19 23:16:43.756638 -59 -49 -62 -54 -60 
2016-05-19 23:16:43.858647 -58 -56 -63 -54 -68 
2016-05-19 23:16:44.050676 -60 -51 -59 -52 -60 
2016-05-19 23:16:44.153685 -64 -48 -62 -55 -68 
2016-05-19 23:16:44.252695 -69 -48 -69 -58 -62 
2016-05-19 23:16:44.355712 -63 -50 -62 -69 -66 
2016-05-19 23:16:44.549737 -59 -50 -69 -52 -64 
2016-05-19 23:16:44.656756 -58 -46 -74 -61 -59 
2016-05-19 23:16:44.759764 -58 -45 -64 -59 -62 
2016-05-19 23:16:44.865778 -65 -48 -57 -51 -67 
2016-05-19 23:16:44.970792 -61 -54 -62 -61 -81 
2016-05-19 23:16:45.077803 -64 -48 -69 -53 -72 
2016-05-19 23:16:45.321842 -60 -47 -63 -56 -65 
2016-05-19 23:16:45.493861 -62 -51 -63 -50 -62 
2016-05-19 23:16:45.803901 -59 -45 -57 -55 -67 
2016-05-19 23:16:45.907911 -60 -45 -57 -60 -64 
2016-05-19 23:16:46.012925 -62 -45 -57 -59 -68 
2016-05-19 23:16:46.120944 -59 -46 -68 -52 -64 
2016-05-19 23:16:46.235957 -67 -49 -62 -52 -64 
2016-05-19 23:16:46.435983 -58 -49 -63 -68 -63 
2016-05-19 23:16:46.641011 -62 -47 -61 -59 -67 
2016-05-19 23:16:46.743155 -62 -48 -62 -58 -66 
2016-05-19 23:16:46.846038 -71 -46 -63 -60 -66 
2016-05-19 23:16:46.949051 -61 -48 -60 -55 -78 
2016-05-19 23:16:47.054064 -63 -48 -53 -60 -64 
2016-05-19 23:16:47.124074 -62 -47 -63 -52 -75 
2016-05-19 23:16:47.229088 -65 -48 -60 -57 -65 
2016-05-19 23:16:47.330100 -64 -50 -54 -58 -68 
2016-05-19 23:16:47.492126 -65 -50 -58 -55 -67 
2016-05-19 23:16:47.597140 -62 -47 -63 -60 -63 
2016-05-19 23:16:47.707154 -72 -49 -57 -54 -63 
2016-05-19 23:16:47.903306 -73 -47 -60 -57 -68 
2016-05-19 23:16:48.074197 -69 -47 -58 -54 -68 
2016-05-19 23:16:48.237224 -57 -47 -58 -55 -72 
2016-05-19 23:16:48.339225 -64 -47 -57 -59 -66 
2016-05-19 23:16:48.446239 -61 -50 -55 -50 -73 
2016-05-19 23:16:48.553250 -63 -48 -70 -60 -64 
2016-05-19 23:16:48.658263 -71 -49 -63 -58 -64 
2016-05-19 23:16:48.822292 -66 -51 -58 -57 -68 
2016-05-19 23:16:48.923298 -63 -46 -67 -54 -75 
2016-05-19 23:16:49.095452 -66 -49 -63 -55 -66 
2016-05-19 23:16:49.296350 -59 -45 -59 -56 -67 
2016-05-19 23:16:49.398361 -57 -49 -55 -54 -66 
2016-05-19 23:16:49.504377 -62 -51 -68 -57 -73 
2016-05-19 23:16:49.608387 -61 -49 -56 -59 -79 
2016-05-19 23:16:49.708401 -63 -50 -75 -51 -62 
2016-05-19 23:16:49.898425 -60 -49 -64 -52 -70 
2016-05-19 23:16:50.082456 -62 -47 -58 -58 -74 
2016-05-19 23:16:50.210474 -58 -49 -66 -59 -75 
2016-05-19 23:16:50.310483 -71 -48 -86 -55 -74 
2016-05-19 23:16:50.499507 -65 -47 -58 -50 -74 
2016-05-19 23:16:50.605521 -61 -51 -68 -50 -68 
2016-05-19 23:16:50.713532 -60 -48 -57 -63 -75 
2016-05-19 23:16:50.819549 -60 -52 -60 -50 -71 
2016-05-19 23:16:50.948563 -60 -46 -58 -52 -70 
2016-05-19 23:16:51.250609 -57 -46 -61 -52 -64 
2016-05-19 23:16:51.376622 -64 -45 -61 -59 -67 
2016-05-19 23:16:51.545644 -68 -47 -60 -52 -70 
2016-05-19 23:16:51.756671 -60 -48 -62 -52 -67 
2016-05-19 23:16:51.859685 -58 -47 -61 -51 -61 
2016-05-19 23:16:51.962702 -62 -49 -56 -59 -66 
2016-05-19 23:16:52.069712 -58 -46 -62 -52 -72 
2016-05-19 23:16:52.268735 -52 -45 -59 -54 -63 
2016-05-19 23:16:52.592784 -57 -45 -62 -55 -63 
2016-05-19 23:16:52.747804 -79 -44 -65 -54 -65 
2016-05-19 23:16:52.853812 -58 -49 -59 -53 -71 
2016-05-19 23:16:53.017840 -62 -45 -62 -58 -65 
2016-05-19 23:16:53.228860 -63 -51 -64 -52 -66 
2016-05-19 23:16:53.548903 -60 -48 -69 -54 -63 
2016-05-19 23:16:53.659920 -67 -45 -70 -63 -66 
2016-05-19 23:16:53.759934 -55 -48 -71 -53 -65 
2016-05-19 23:16:53.865947 -62 -45 -58 -51 -67 
2016-05-19 23:16:54.176116 -65 -48 -55 -60 -64 
2016-05-19 23:16:54.293006 -65 -48 -62 -60 -63 
2016-05-19 23:16:54.397016 -72 -46 -55 -53 -69 
2016-05-19 23:16:54.608173 -54 -49 -61 -50 -66 
2016-05-19 23:16:54.923089 -60 -50 -60 -57 -69 
2016-05-19 23:16:55.128240 -59 -50 -60 -64 -68 
2016-05-19 23:16:55.232262 -63 -54 -51 -60 -68 
2016-05-19 23:16:55.340139 -72 -50 -65 -59 -64 
2016-05-19 23:16:55.443156 -69 -49 -60 -59 -70 
2016-05-19 23:16:55.545166 -65 -48 -55 -59 -65 
2016-05-19 23:16:55.717189 -70 -48 -69 -54 -63 
2016-05-19 23:16:55.925216 -72 -46 -71 -56 -62 
2016-05-19 23:16:56.028233 -62 -51 -59 -61 -64 
2016-05-19 23:16:56.128370 -58 -46 -60 -54 -63 
2016-05-19 23:16:56.318270 -59 -46 -60 -58 -69 
2016-05-19 23:16:56.421280 -61 -47 -57 -49 -64 
2016-05-19 23:16:56.597304 -68 -48 -60 -54 -63 
2016-05-19 23:16:56.696347 -57 -49 -66 -56 -63 
2016-05-19 23:16:56.888347 -59 -46 -66 -57 -61 
2016-05-19 23:16:57.008486 -58 -49 -65 -57 -77 
2016-05-19 23:16:57.113375 -59 -47 -58 -72 -65 
2016-05-19 23:16:57.213387 -62 -49 -57 -52 -58 
2016-05-19 23:16:57.317397 -64 -45 -56 -51 -68 
2016-05-19 23:16:57.529423 -59 -49 -61 -58 -63 
2016-05-19 23:16:57.726451 -60 -53 -60 -66 -65 
2016-05-19 23:16:57.840473 -77 -52 -63 -59 -63 
2016-05-19 23:16:57.951481 -68 -55 -62 -60 -74 
2016-05-19 23:16:58.050498 -81 -51 -68 -72 -73 
2016-05-19 23:16:58.157507 -66 -51 -71 -62 -62 
2016-05-19 23:16:58.261521 -68 -44 -67 -60 -64 
2016-05-19 23:16:58.445545 -64 -51 -69 -59 -68 
2016-05-19 23:16:58.550564 -68 -56 -68 -66 -67 
2016-05-19 23:16:58.657573 -80 -57 -60 -56 -62 
2016-05-19 23:16:58.759584 -65 -53 -62 -57 -67 
2016-05-19 23:16:58.865600 -63 -64 -57 -54 -63 
2016-05-19 23:16:58.968742 -61 -52 -65 -59 -63 
2016-05-19 23:16:59.233651 -57 -64 -64 -56 -69 
2016-05-19 23:16:59.309655 -59 -58 -58 -59 -61 
2016-05-19 23:16:59.412671 -69 -56 -74 -51 -64 
2016-05-19 23:16:59.589691 -60 -60 -64 -62 -63 
2016-05-19 23:16:59.771718 -63 -54 -66 -50 -59 
2016-05-19 23:16:59.981746 -63 -49 -57 -51 -61 
2016-05-19 23:17:00.083763 -61 -64 -59 -58 -71 
2016-05-19 23:17:00.360924 -62 -50 -70 -61 -65 
2016-05-19 23:17:00.469806 -59 -49 -70 -59 -69 
2016-05-19 23:17:00.604824 -64 -57 -60 -59 -70 
2016-05-19 23:17:00.742845 -58 -56 -62 -57 -60 
2016-05-19 23:17:00.841858 -72 -56 -63 -51 -77 
2016-05-19 23:17:00.950872 -64 -70 -72 -63 -67 
2016-05-19 23:17:01.090894 -65 -66 -63 -61 -62 
2016-05-19 23:17:01.195904 -60 -59 -62 -56 -62 
2016-05-19 23:17:01.328927 -55 -53 -75 -54 -59 
2016-05-19 23:17:01.507945 -65 -67 -68 -51 -73 
2016-05-19 23:17:01.657964 -65 -63 -65 -56 -71 
2016-05-19 23:17:01.762978 -74 -53 -65 -54 -65 
2016-05-19 23:17:01.928001 -72 -54 -66 -56 -67 
2016-05-19 23:17:02.030011 -68 -54 -61 -54 -73 
2016-05-19 23:17:02.138027 -70 -55 -73 -51 -70 
2016-05-19 23:17:02.349058 -63 -63 -66 -54 -69 
2016-05-19 23:17:02.451076 -61 -63 -77 -51 -69 
2016-05-19 23:17:02.560087 -68 -53 -71 -54 -69 
2016-05-19 23:17:02.668103 -65 -53 -66 -52 -77 
2016-05-19 23:17:02.878131 -62 -51 -64 -53 -73 
2016-05-19 23:17:02.979149 -70 -61 -65 -58 -71 
2016-05-19 23:17:03.285181 -69 -59 -78 -51 -66 
2016-05-19 23:17:03.486210 -58 -63 -68 -50 -68 
2016-05-19 23:17:03.698238 -70 -54 -62 -51 -71 
2016-05-19 23:17:03.912267 -67 -53 -64 -53 -70 
2016-05-19 23:17:04.014284 -67 -64 -59 -51 -77 
2016-05-19 23:17:04.226307 -65 -55 -59 -53 -70 
2016-05-19 23:17:04.335319 -58 -65 -74 -51 -66 
2016-05-19 23:17:04.452337 -67 -61 -62 -51 -70 
2016-05-19 23:17:04.554354 -61 -55 -73 -52 -70 
2016-05-19 23:17:04.716371 -66 -55 -62 -52 -68 
2016-05-19 23:17:04.865521 -64 -55 -60 -52 -68 
2016-05-19 23:17:05.080418 -66 -58 -62 -53 -71 
2016-05-19 23:17:05.189438 -61 -54 -69 -55 -74 
2016-05-19 23:17:05.391460 -63 -59 -60 -52 -72 
2016-05-19 23:17:05.586484 -68 -59 -60 -53 -72 
2016-05-19 23:17:05.802513 -68 -58 -63 -52 -68 
2016-05-19 23:17:06.008539 -62 -56 -59 -53 -70 
2016-05-19 23:17:06.112554 -66 -56 -60 -54 -76 
2016-05-19 23:17:06.218567 -76 -53 -61 -52 -73 
2016-05-19 23:17:06.321711 -67 -59 -76 -52 -66 
2016-05-19 23:17:06.486602 -60 -61 -67 -52 -75 
2016-05-19 23:17:06.632622 -65 -57 -63 -52 -69 
2016-05-19 23:17:06.742636 -71 -54 -70 -52 -73 
2016-05-19 23:17:06.850652 -68 -60 -65 -51 -74 
2016-05-19 23:17:07.268705 -76 -58 -69 -52 -68 
2016-05-19 23:17:07.476732 -71 -63 -75 -51 -67 
2016-05-19 23:17:07.793903 -76 -63 -67 -51 -70 
2016-05-19 23:17:07.988798 -59 -55 -70 -51 -70 
2016-05-19 23:17:08.089941 -76 -52 -65 -53 -66 
2016-05-19 23:17:08.196826 -57 -57 -74 -52 -69 
2016-05-19 23:17:08.303841 -59 -52 -70 -53 -63 
2016-05-19 23:17:08.532870 -60 -53 -61 -52 -58 
2016-05-19 23:17:08.735893 -59 -54 -67 -51 -60 
2016-05-19 23:17:08.842041 -80 -55 -64 -51 -69 
2016-05-19 23:17:08.948924 -80 -56 -63 -51 -68 
2016-05-19 23:17:09.055935 -59 -56 -74 -51 -66 
2016-05-19 23:17:09.160949 -68 -65 -62 -49 -66 
2016-05-19 23:17:09.389987 -67 -56 -58 -51 -66 
2016-05-19 23:17:09.498126 -67 -65 -76 -57 -71 
2016-05-19 23:17:09.606007 -63 -59 -62 -51 -67 
2016-05-19 23:17:09.732027 -75 -58 -70 -52 -72 
2016-05-19 23:17:09.920056 -62 -58 -70 -52 -73 
2016-05-19 23:17:10.086070 -69 -61 -63 -51 -69 
2016-05-19 23:17:10.190092 -72 -61 -70 -52 -68 
2016-05-19 23:17:10.293100 -58 -69 -70 -54 -65 
2016-05-19 23:17:10.514258 -59 -65 -67 -54 -64 
2016-05-19 23:17:10.609141 -60 -64 -77 -53 -72 
2016-05-19 23:17:10.761180 -70 -62 -80 -55 -65 
2016-05-19 23:17:10.862167 -68 -65 -63 -53 -69 
2016-05-19 23:17:10.970186 -71 -53 -78 -52 -64 
2016-05-19 23:17:11.077195 -76 -62 -66 -52 -72 
2016-05-19 23:17:11.289223 -71 -54 -69 -52 -61 
2016-05-19 23:17:11.393237 -56 -51 -72 -50 -64 
2016-05-19 23:17:11.771283 -65 -52 -57 -52 -65 
2016-05-19 23:17:12.046319 -70 -56 -65 -67 -70 
2016-05-19 23:17:12.150338 -61 -51 -62 -58 -69 
2016-05-19 23:17:12.301352 -64 -52 -68 -67 -67 
2016-05-19 23:17:12.492387 -58 -51 -61 -55 -63 
2016-05-19 23:17:12.697414 -62 -53 -57 -61 -63 
2016-05-19 23:17:12.907442 -66 -49 -55 -54 -58 
2016-05-19 23:17:13.016453 -62 -52 -62 -66 -66 
2016-05-19 23:17:13.122471 -66 -52 -55 -60 -55 
2016-05-19 23:17:13.331494 -65 -55 -66 -65 -63 
2016-05-19 23:17:13.434640 -57 -48 -72 -59 -67 
2016-05-19 23:17:13.545530 -57 -57 -77 -52 -63 
2016-05-19 23:17:13.718547 -58 -52 -53 -60 -57 
2016-05-19 23:17:13.823561 -68 -58 -57 -51 -59 
2016-05-19 23:17:13.929578 -59 -54 -57 -62 -70 
2016-05-19 23:17:14.074723 -63 -51 -69 -57 -68 
2016-05-19 23:17:14.180612 -78 -52 -58 -61 -67 
2016-05-19 23:17:14.497649 -60 -52 -59 -62 -65 
2016-05-19 23:17:14.627667 -62 -62 -52 -62 -80 
2016-05-19 23:17:14.734704 -59 -54 -52 -62 -60 
2016-05-19 23:17:14.906834 -59 -51 -53 -59 -62 
2016-05-19 23:17:15.012716 -56 -58 -60 -65 -59 
2016-05-19 23:17:15.120736 -57 -58 -49 -55 -62 
2016-05-19 23:17:15.221741 -60 -57 -45 -55 -59 
2016-05-19 23:17:15.365766 -62 -56 -54 -62 -63 
2016-05-19 23:17:15.566786 -61 -55 -58 -56 -69 
2016-05-19 23:17:15.668802 -53 -44 -45 -65 -60 
2016-05-19 23:17:15.773816 -60 -59 -45 -63 -58 
2016-05-19 23:17:15.872829 -70 -49 -46 -53 -66 
2016-05-19 23:17:15.977843 -57 -62 -50 -58 -70 
2016-05-19 23:17:16.189870 -65 -49 -51 -62 -62 
2016-05-19 23:17:16.291880 -72 -49 -46 -57 -62 
2016-05-19 23:17:16.395902 -63 -45 -51 -59 -69 
2016-05-19 23:17:16.499041 -59 -47 -45 -66 -61 
2016-05-19 23:17:16.708938 -62 -45 -45 -62 -67 
2016-05-19 23:17:16.824952 -75 -57 -45 -61 -73 
2016-05-19 23:17:16.933967 -64 -47 -47 -60 -68 
2016-05-19 23:17:17.027111 -59 -56 -50 -59 -68 
2016-05-19 23:17:17.167000 -61 -48 -45 -54 -69 
2016-05-19 23:17:17.380025 -58 -44 -48 -51 -65 
2016-05-19 23:17:17.481044 -60 -44 -51 -63 -75 
2016-05-19 23:17:17.588053 -58 -52 -48 -52 -61 
2016-05-19 23:17:17.692063 -58 -47 -50 -62 -65 
2016-05-19 23:17:17.793080 -60 -51 -44 -54 -60 
2016-05-19 23:17:17.978103 -58 -47 -44 -63 -71 
2016-05-19 23:17:18.185130 -62 -45 -47 -63 -60 
2016-05-19 23:17:18.395279 -57 -46 -48 -53 -64 
2016-05-19 23:17:18.711196 -54 -45 -50 -52 -63 
2016-05-19 23:17:18.826211 -57 -44 -48 -53 -68 
2016-05-19 23:17:19.032231 -62 -50 -46 -60 -69 
2016-05-19 23:17:19.239261 -54 -47 -46 -56 -65 
2016-05-19 23:17:19.446293 -57 -45 -49 -51 -71 
2016-05-19 23:17:19.563305 -61 -48 -50 -51 -64 
2016-05-19 23:17:19.671321 -56 -44 -50 -61 -80 
2016-05-19 23:17:19.872340 -59 -46 -47 -57 -80 
2016-05-19 23:17:19.976361 -56 -47 -47 -52 -62 
2016-05-19 23:17:20.188384 -61 -49 -45 -54 -63 
2016-05-19 23:17:20.291528 -63 -44 -45 -61 -72 
2016-05-19 23:17:20.393412 -60 -47 -46 -52 -65 
2016-05-19 23:17:20.502423 -61 -45 -45 -61 -67 
2016-05-19 23:17:20.619443 -57 -48 -50 -52 -59 
2016-05-19 23:17:20.725455 -60 -54 -47 -60 -65 
2016-05-19 23:17:20.918481 -58 -47 -49 -57 -70 
2016-05-19 23:17:21.040501 -58 -48 -48 -54 -62 
2016-05-19 23:17:21.253524 -59 -44 -45 -54 -66 
2016-05-19 23:17:21.462548 -63 -44 -44 -55 -68 
2016-05-19 23:17:21.566569 -58 -52 -52 -53 -68 
2016-05-19 23:17:21.672576 -58 -46 -45 -54 -66 
2016-05-19 23:17:21.780600 -62 -53 -47 -61 -60 
2016-05-19 23:17:21.891736 -56 -48 -51 -59 -72 
2016-05-19 23:17:21.994622 -59 -44 -48 -54 -63 
2016-05-19 23:17:22.099764 -55 -47 -53 -60 -77 
2016-05-19 23:17:22.208649 -64 -54 -47 -54 -66 
2016-05-19 23:17:22.317688 -63 -48 -45 -55 -61 
2016-05-19 23:17:22.426689 -58 -53 -45 -57 -71 
2016-05-19 23:17:22.568703 -63 -48 -44 -56 -63 
2016-05-19 23:17:22.722720 -61 -51 -52 -55 -67 
2016-05-19 23:17:22.931880 -58 -50 -46 -52 -66 
2016-05-19 23:17:23.036768 -56 -52 -47 -53 -60 
2016-05-19 23:17:23.239791 -58 -53 -50 -60 -64 
2016-05-19 23:17:23.339934 -67 -48 -53 -55 -68 
2016-05-19 23:17:23.540823 -58 -52 -44 -57 -71 
2016-05-19 23:17:23.702841 -63 -46 -47 -60 -67 
2016-05-19 23:17:23.853864 -61 -47 -54 -53 -75 
2016-05-19 23:17:23.972876 -59 -49 -46 -53 -60 
2016-05-19 23:17:24.159904 -58 -47 -50 -61 -71 
2016-05-19 23:17:24.308923 -62 -50 -54 -56 -68 
2016-05-19 23:17:24.417934 -57 -44 -47 -54 -60 
2016-05-19 23:17:24.518951 -62 -48 -51 -60 -63 
2016-05-19 23:17:24.725993 -60 -50 -48 -55 -66 
2016-05-19 23:17:24.829991 -62 -55 -45 -57 -66 
2016-05-19 23:17:25.016015 -60 -51 -48 -53 -59 
2016-05-19 23:17:25.125030 -60 -44 -52 -59 -62 
2016-05-19 23:17:25.227047 -57 -53 -48 -53 -61 
2016-05-19 23:17:25.387068 -58 -47 -48 -51 -79 
2016-05-19 23:17:25.494078 -64 -52 -54 -60 -68 
2016-05-19 23:17:25.601091 -57 -44 -46 -51 -67 
2016-05-19 23:17:25.851124 -59 -50 -47 -58 -66 
2016-05-19 23:17:26.013143 -60 -51 -49 -54 -63 
2016-05-19 23:17:26.120185 -64 -50 -54 -58 -67 
2016-05-19 23:17:26.223170 -59 -51 -50 -55 -59 
2016-05-19 23:17:26.469206 -59 -47 -51 -56 -61 
2016-05-19 23:17:26.589221 -59 -53 -54 -58 -62 
2016-05-19 23:17:26.696235 -57 -44 -52 -59 -66 
2016-05-19 23:17:26.901262 -60 -49 -53 -60 -71 
2016-05-19 23:17:27.110289 -63 -48 -59 -57 -73 
2016-05-19 23:17:27.314315 -56 -56 -55 -57 -67 
2016-05-19 23:17:27.643356 -61 -53 -57 -55 -67 
2016-05-19 23:17:27.852514 -64 -53 -60 -51 -61 
2016-05-19 23:17:27.962404 -65 -68 -60 -51 -73 
2016-05-19 23:17:28.065414 -67 -54 -57 -57 -70 
2016-05-19 23:17:28.267444 -67 -50 -65 -56 -65 
2016-05-19 23:17:28.373455 -65 -58 -52 -54 -63 
2016-05-19 23:17:28.526474 -63 -58 -62 -54 -69 
2016-05-19 23:17:28.689495 -79 -48 -59 -55 -61 
2016-05-19 23:17:28.791508 -65 -57 -66 -64 -67 
2016-05-19 23:17:29.212692 -62 -47 -64 -55 -69 
2016-05-19 23:17:29.317581 -64 -61 -57 -58 -63 
2016-05-19 23:17:29.530606 -79 -55 -58 -55 -59 
2016-05-19 23:17:29.643618 -68 -54 -57 -54 -71 
2016-05-19 23:17:29.752639 -62 -52 -71 -60 -74 
2016-05-19 23:17:29.856648 -64 -47 -59 -60 -72 
2016-05-19 23:17:29.962665 -60 -47 -56 -56 -74 
2016-05-19 23:17:30.070675 -64 -51 -64 -62 -67 
2016-05-19 23:17:30.174689 -62 -49 -69 -53 -75 
2016-05-19 23:17:30.372844 -63 -48 -64 -57 -70 
2016-05-19 23:17:30.473725 -70 -51 -58 -57 -62 
2016-05-19 23:17:30.573738 -68 -57 -71 -68 -66 
2016-05-19 23:17:30.700888 -61 -51 -59 -57 -68 
2016-05-19 23:17:30.809772 -61 -53 -71 -63 -62 
2016-05-19 23:17:30.996925 -56 -56 -56 -66 -62 
2016-05-19 23:17:31.105810 -68 -52 -80 -67 -60 
2016-05-19 23:17:31.226826 -65 -53 -62 -56 -68 
2016-05-19 23:17:31.528863 -70 -51 -68 -61 -60 
2016-05-19 23:17:31.632884 -53 -50 -66 -53 -65 
2016-05-19 23:17:31.837035 -62 -48 -61 -59 -62 
2016-05-19 23:17:32.042937 -61 -51 -62 -64 -61 
2016-05-19 23:17:32.150947 -62 -54 -61 -68 -66 
2016-05-19 23:17:32.288962 -61 -51 -55 -61 -68 
2016-05-19 23:17:32.575003 -62 -52 -61 -71 -67 
2016-05-19 23:17:32.887043 -67 -52 -60 -72 -61 
2016-05-19 23:17:33.208089 -67 -54 -62 -65 -66 
2016-05-19 23:17:33.314097 -56 -46 -65 -78 -68 
2016-05-19 23:17:33.730153 -70 -50 -61 -65 -61 
2016-05-19 23:17:33.865171 -63 -49 -68 -66 -62 
2016-05-19 23:17:34.180213 -65 -50 -62 -62 -64 
2016-05-19 23:17:34.566263 -65 -48 -63 -59 -61 
2016-05-19 23:17:34.671277 -63 -51 -60 -65 -62 
2016-05-19 23:17:34.811296 -63 -45 -63 -66 -57 
2016-05-19 23:17:35.023327 -62 -45 -61 -67 -62 
2016-05-19 23:17:35.228353 -57 -45 -62 -64 -61 
2016-05-19 23:17:35.419372 -63 -54 -62 -66 -62 
2016-05-19 23:17:35.627401 -65 -45 -66 -68 -62 
2016-05-19 23:17:35.739414 -67 -44 -61 -62 -60 
2016-05-19 23:17:35.845431 -68 -53 -65 -76 -61 
2016-05-19 23:17:35.956445 -59 -45 -66 -69 -65 
2016-05-19 23:17:36.063462 -66 -47 -68 -70 -63 
2016-05-19 23:17:36.170479 -56 -46 -59 -71 -65 
2016-05-19 23:17:36.373628 -61 -47 -71 -68 -64 
2016-05-19 23:17:36.477641 -66 -53 -60 -74 -65 
2016-05-19 23:17:36.584524 -69 -48 -67 -60 -69 
2016-05-19 23:17:36.793558 -61 -53 -67 -67 -70 
2016-05-19 23:17:36.996580 -68 -48 -63 -66 -63 
2016-05-19 23:17:37.215609 -66 -57 -69 -63 -63 
2016-05-19 23:17:37.738689 -76 -47 -62 -68 -63 
2016-05-19 23:17:37.956713 -57 -47 -62 -64 -66 
2016-05-19 23:17:38.276755 -65 -51 -66 -68 -61 
2016-05-19 23:17:38.379765 -66 -46 -62 -72 -67 
2016-05-19 23:17:38.584792 -62 -57 -62 -77 -66 
2016-05-19 23:17:38.893966 -68 -47 -63 -65 -70 
2016-05-19 23:17:39.001849 -64 -45 -63 -68 -63 
2016-05-19 23:17:39.108868 -62 -46 -70 -66 -68 
2016-05-19 23:17:39.518922 -62 -47 -66 -61 -62 
2016-05-19 23:17:39.634930 -64 -45 -67 -61 -66 
2016-05-19 23:17:39.744943 -66 -56 -62 -67 -67 
2016-05-19 23:17:39.851961 -69 -46 -64 -72 -68 
2016-05-19 23:17:39.958979 -67 -57 -63 -64 -65 
2016-05-19 23:17:40.068994 -58 -45 -59 -68 -66 
2016-05-19 23:17:40.264011 -69 -51 -62 -72 -67 
2016-05-19 23:17:40.371025 -68 -55 -64 -67 -64 
2016-05-19 23:17:40.578048 -73 -55 -63 -72 -62 
2016-05-19 23:17:40.701065 -67 -47 -61 -74 -66 
2016-05-19 23:17:41.024110 -65 -50 -62 -63 -66 
2016-05-19 23:17:41.122119 -59 -62 -71 -60 -80 
2016-05-19 23:17:41.221132 -63 -50 -63 -59 -70 
2016-05-19 23:17:41.323146 -69 -48 -64 -61 -63 
2016-05-19 23:17:41.413157 -63 -54 -69 -59 -74 
2016-05-19 23:17:41.515168 -62 -47 -59 -68 -67 
2016-05-19 23:17:41.710325 -62 -48 -64 -66 -63 
2016-05-19 23:17:41.922227 -66 -64 -58 -59 -68 
2016-05-19 23:17:42.133251 -60 -55 -55 -57 -65 
2016-05-19 23:17:42.236265 -68 -63 -58 -71 -68 
2016-05-19 23:17:42.345276 -64 -54 -55 -65 -69 
2016-05-19 23:17:42.454308 -59 -88 -73 -60 -62 
2016-05-19 23:17:42.561314 -65 -51 -58 -72 -66 
2016-05-19 23:17:42.669334 -60 -51 -51 -72 -68 
2016-05-19 23:17:42.777343 -62 -53 -60 -60 -61 
2016-05-19 23:17:42.968367 -65 -56 -55 -53 -66 
2016-05-19 23:17:43.072381 -61 -70 -57 -63 -69 
2016-05-19 23:17:43.173395 -62 -51 -62 -56 -68 
2016-05-19 23:17:43.275405 -75 -58 -61 -69 -61 
2016-05-19 23:17:43.377423 -68 -58 -62 -66 -64 
2016-05-19 23:17:43.543443 -60 -54 -55 -58 -60 
2016-05-19 23:17:43.623453 -67 -54 -62 -56 -72 
2016-05-19 23:17:43.805475 -72 -54 -57 -63 -63 
2016-05-19 23:17:44.018505 -69 -64 -62 -52 -65 
2016-05-19 23:17:44.120552 -69 -60 -70 -54 -63 
2016-05-19 23:17:44.277532 -63 -66 -60 -47 -70 
2016-05-19 23:17:44.384549 -65 -53 -55 -52 -68 
2016-05-19 23:17:44.491560 -61 -62 -62 -50 -74 
2016-05-19 23:17:44.597574 -63 -57 -75 -51 -75 
2016-05-19 23:17:44.739595 -65 -55 -54 -54 -76 
2016-05-19 23:17:44.841621 -69 -53 -71 -50 -74 
2016-05-19 23:17:44.947619 -64 -57 -57 -51 -61 
2016-05-19 23:17:45.052632 -57 -54 -63 -55 -72 
2016-05-19 23:17:45.158775 -62 -51 -67 -49 -57 
2016-05-19 23:17:45.263660 -58 -56 -68 -52 -69 
2016-05-19 23:17:45.371675 -67 -52 -75 -47 -58 
2016-05-19 23:17:45.479693 -59 -54 -71 -53 -73 
2016-05-19 23:17:45.590832 -66 -58 -78 -47 -69 
2016-05-19 23:17:45.693717 -62 -49 -59 -52 -70 
2016-05-19 23:17:45.798859 -62 -63 -67 -50 -62 
2016-05-19 23:17:45.938749 -63 -56 -58 -49 -65 
2016-05-19 23:17:46.040764 -67 -61 -68 -49 -77 
2016-05-19 23:17:46.206912 -55 -52 -68 -54 -64 
2016-05-19 23:17:46.311798 -63 -54 -60 -56 -69 
2016-05-19 23:17:46.628838 -59 -51 -63 -53 -68 
2016-05-19 23:17:46.767857 -54 -52 -65 -55 -65 
2016-05-19 23:17:46.895871 -61 -62 -61 -58 -65 
2016-05-19 23:17:46.997887 -57 -53 -70 -54 -67 
2016-05-19 23:17:47.141906 -63 -71 -57 -51 -70 
2016-05-19 23:17:47.243919 -52 -53 -64 -55 -65 
2016-05-19 23:17:47.348932 -63 -63 -62 -51 -63 
2016-05-19 23:17:47.602974 -62 -55 -59 -52 -62 
2016-05-19 23:17:47.770996 -70 -65 -64 -52 -62 
2016-05-19 23:17:47.983153 -64 -51 -74 -53 -68 
2016-05-19 23:17:48.091034 -67 -59 -62 -54 -73 
2016-05-19 23:17:48.246054 -63 -53 -61 -56 -62 
2016-05-19 23:17:48.355077 -64 -51 -66 -50 -69 
2016-05-19 23:17:48.462087 -54 -62 -71 -56 -64 
2016-05-19 23:17:48.586099 -73 -58 -59 -57 -63 
2016-05-19 23:17:48.695245 -54 -46 -66 -57 -73 
2016-05-19 23:17:48.843135 -71 -51 -67 -57 -62 
2016-05-19 23:17:49.048162 -57 -60 -65 -51 -72 
2016-05-19 23:17:49.211182 -63 -56 -65 -53 -64 
2016-05-19 23:17:49.319327 -63 -54 -62 -52 -66 
2016-05-19 23:17:49.420215 -61 -58 -64 -54 -63 
2016-05-19 23:17:49.525230 -61 -51 -67 -51 -73 
2016-05-19 23:17:49.695377 -63 -54 -64 -51 -65 
2016-05-19 23:17:49.838267 -57 -70 -71 -54 -71 
2016-05-19 23:17:49.991420 -68 -48 -71 -51 -78 
2016-05-19 23:17:50.306323 -64 -54 -71 -55 -68 
2016-05-19 23:17:50.413341 -69 -48 -65 -52 -72 
2016-05-19 23:17:50.553358 -67 -67 -69 -52 -63 
2016-05-19 23:17:50.660385 -54 -52 -64 -57 -84 
2016-05-19 23:17:50.787389 -67 -48 -72 -51 -82 
2016-05-19 23:17:50.889403 -55 -59 -73 -55 -64 
2016-05-19 23:17:50.992416 -68 -66 -64 -51 -61 
2016-05-19 23:17:51.099430 -55 -51 -71 -56 -68 
2016-05-19 23:17:51.207574 -68 -65 -71 -51 -74 
2016-05-19 23:17:51.311455 -68 -52 -67 -57 -67 
2016-05-19 23:17:51.521482 -60 -57 -67 -50 -62 
2016-05-19 23:17:51.681503 -60 -48 -72 -53 -68 
2016-05-19 23:17:51.881529 -71 -54 -70 -53 -71 
2016-05-19 23:17:51.997552 -55 -62 -69 -52 -66 
2016-05-19 23:17:52.198574 -55 -53 -74 -50 -70 
2016-05-19 23:17:52.305592 -65 -50 -73 -59 -66 
2016-05-19 23:17:52.512614 -83 -50 -64 -56 -73 
2016-05-19 23:17:52.617628 -63 -54 -60 -57 -64 
2016-05-19 23:17:52.725647 -66 -53 -65 -53 -68 
2016-05-19 23:17:52.832656 -59 -53 -66 -50 -64 
2016-05-19 23:17:52.938669 -58 -63 -66 -51 -61 
2016-05-19 23:17:53.046681 -77 -48 -67 -48 -72 
2016-05-19 23:17:53.197704 -62 -61 -62 -48 -60 
2016-05-19 23:17:53.358725 -70 -58 -66 -58 -63 
2016-05-19 23:17:53.457738 -74 -50 -65 -47 -62 
2016-05-19 23:17:53.591745 -72 -59 -63 -49 -65 
2016-05-19 23:17:53.793774 -62 -56 -62 -61 -68 
2016-05-19 23:17:53.902789 -70 -52 -63 -55 -65 
2016-05-19 23:17:54.096811 -67 -51 -65 -48 -68 
2016-05-19 23:17:54.251832 -68 -49 -64 -56 -68 
2016-05-19 23:17:54.380854 -73 -73 -59 -54 -69 
2016-05-19 23:17:54.510871 -62 -58 -57 -47 -65 
2016-05-19 23:17:54.716893 -72 -53 -60 -51 -75 
2016-05-19 23:17:54.823910 -82 -51 -61 -52 -64 
2016-05-19 23:17:55.027935 -60 -59 -67 -56 -72 
2016-05-19 23:17:55.132949 -63 -53 -68 -58 -66 
2016-05-19 23:17:55.238964 -62 -59 -60 -50 -71 
2016-05-19 23:17:55.445994 -68 -66 -77 -52 -68 
2016-05-19 23:17:55.549051 -62 -69 -70 -51 -66 
2016-05-19 23:17:55.648146 -68 -67 -65 -55 -79 
2016-05-19 23:17:55.758031 -62 -51 -57 -57 -62 
2016-05-19 23:17:55.859044 -64 -54 -61 -51 -67 
2016-05-19 23:17:55.970058 -64 -53 -60 -53 -59 
2016-05-19 23:17:56.181090 -57 -53 -60 -58 -64 
2016-05-19 23:17:56.601145 -55 -59 -62 -52 -63 
2016-05-19 23:17:56.707152 -62 -59 -59 -48 -65 
2016-05-19 23:17:56.916187 -56 -52 -60 -54 -60 
2016-05-19 23:17:57.021200 -65 -57 -57 -61 -59 
2016-05-19 23:17:57.124209 -60 -67 -65 -53 -65 
2016-05-19 23:17:57.336366 -56 -57 -60 -54 -61 
2016-05-19 23:17:57.639277 -60 -52 -65 -54 -61 
2016-05-19 23:17:57.748291 -61 -50 -62 -54 -62 
2016-05-19 23:17:57.857302 -60 -53 -64 -64 -60 
2016-05-19 23:17:58.072462 -56 -50 -60 -60 -60 
2016-05-19 23:17:58.316369 -61 -51 -69 -54 -65 
2016-05-19 23:17:58.476394 -55 -53 -64 -54 -64 
2016-05-19 23:17:58.580408 -58 -52 -62 -61 -70 
2016-05-19 23:17:58.683413 -55 -58 -58 -53 -61 
2016-05-19 23:17:58.791431 -57 -57 -58 -71 -67 
2016-05-19 23:17:58.894441 -55 -54 -54 -52 -57 
2016-05-19 23:17:59.196484 -64 -61 -54 -60 -64 
2016-05-19 23:17:59.300498 -56 -59 -55 -64 -65 
2016-05-19 23:17:59.561560 -60 -71 -54 -52 -63 
2016-05-19 23:17:59.742549 -57 -53 -62 -50 -62 
2016-05-19 23:17:59.845565 -58 -57 -54 -68 -57 
2016-05-19 23:18:00.041594 -54 -53 -58 -56 -60 
2016-05-19 23:18:00.145604 -67 -59 -64 -60 -59 
2016-05-19 23:18:00.368761 -56 -49 -54 -49 -60 
2016-05-19 23:18:00.471651 -62 -49 -57 -51 -58 
2016-05-19 23:18:00.663673 -52 -56 -53 -54 -65 
2016-05-19 23:18:00.867696 -57 -52 -59 -57 -62 
2016-05-19 23:18:01.087725 -62 -62 -64 -61 -59 
2016-05-19 23:18:01.188740 -54 -63 -69 -65 -59 
2016-05-19 23:18:01.384894 -49 -56 -59 -50 -68 
2016-05-19 23:18:01.486783 -56 -55 -57 -47 -60 
2016-05-19 23:18:01.686809 -54 -71 -55 -47 -62 
2016-05-19 23:18:01.789819 -51 -58 -57 -57 -69 
2016-05-19 23:18:01.892830 -61 -63 -54 -48 -66 
2016-05-19 23:18:02.053853 -59 -55 -52 -51 -68 
2016-05-19 23:18:02.158869 -52 -51 -65 -46 -77 
2016-05-19 23:18:02.333889 -54 -60 -54 -52 -68 
2016-05-19 23:18:02.641068 -54 -59 -59 -62 -79 
2016-05-19 23:18:02.795957 -57 -50 -59 -49 -70 
2016-05-19 23:18:02.899972 -59 -59 -60 -55 -68 
2016-05-19 23:18:03.071999 -59 -57 -56 -60 -70 
2016-05-19 23:18:03.277025 -57 -53 -57 -52 -66 
2016-05-19 23:18:03.379034 -51 -49 -67 -51 -76 
2016-05-19 23:18:03.688064 -53 -57 -53 -54 -66 
2016-05-19 23:18:03.850088 -52 -51 -52 -55 -64 
2016-05-19 23:18:04.053112 -53 -59 -73 -58 -59 
2016-05-19 23:18:04.209136 -53 -54 -58 -58 -62 
2016-05-19 23:18:04.317152 -55 -57 -75 -70 -69 
2016-05-19 23:18:04.426163 -53 -59 -57 -55 -64 
2016-05-19 23:18:04.527181 -60 -59 -59 -57 -68 
2016-05-19 23:18:04.632194 -54 -54 -55 -54 -62 
2016-05-19 23:18:04.753335 -66 -57 -59 -61 -60 
2016-05-19 23:18:05.135255 -60 -55 -58 -58 -70 
2016-05-19 23:18:05.257400 -53 -51 -66 -60 -67 
2016-05-19 23:18:05.359285 -51 -59 -60 -56 -59 
2016-05-19 23:18:05.461298 -62 -58 -57 -52 -70 
2016-05-19 23:18:05.566312 -53 -62 -62 -56 -69 
2016-05-19 23:18:05.667329 -63 -57 -60 -51 -66 
2016-05-19 23:18:05.860351 -60 -51 -63 -52 -68 
2016-05-19 23:18:06.067380 -60 -55 -66 -50 -65 
2016-05-19 23:18:06.338410 -51 -52 -52 -51 -69 
2016-05-19 23:18:06.446427 -51 -51 -67 -58 -69 
2016-05-19 23:18:06.728461 -57 -60 -56 -48 -63 
2016-05-19 23:18:06.934491 -54 -52 -72 -50 -69 
2016-05-19 23:18:07.313670 -53 -53 -55 -51 -66 
2016-05-19 23:18:07.419554 -59 -62 -60 -58 -65 
2016-05-19 23:18:07.699591 -55 -52 -56 -56 -65 
2016-05-19 23:18:07.874614 -51 -64 -60 -54 -73 
2016-05-19 23:18:07.974627 -54 -54 -59 -61 -74 
2016-05-19 23:18:08.136647 -55 -54 -56 -60 -70 
2016-05-19 23:18:08.315671 -58 -59 -52 -67 -64 
2016-05-19 23:18:08.501695 -56 -52 -63 -65 -66 
2016-05-19 23:18:08.712727 -56 -52 -60 -57 -67 
2016-05-19 23:18:08.815737 -56 -65 -58 -54 -62 
2016-05-19 23:18:09.029765 -57 -65 -61 -52 -64 
2016-05-19 23:18:09.135778 -53 -57 -57 -54 -60 
2016-05-19 23:18:09.491825 -59 -66 -57 -52 -60 
2016-05-19 23:18:09.595844 -54 -62 -58 -57 -65 
2016-05-19 23:18:09.702856 -57 -71 -58 -63 -63 
2016-05-19 23:18:09.811866 -55 -61 -63 -54 -76 
2016-05-19 23:18:09.998888 -53 -61 -61 -74 -68 
2016-05-19 23:18:10.209920 -53 -59 -61 -64 -71 
2016-05-19 23:18:10.419946 -52 -51 -57 -61 -64 
2016-05-19 23:18:10.528957 -53 -52 -58 -48 -65 
2016-05-19 23:18:10.636974 -51 -60 -55 -61 -65 
2016-05-19 23:18:10.851002 -55 -63 -63 -55 -64 
2016-05-19 23:18:11.081033 -54 -57 -70 -61 -61 
2016-05-19 23:18:11.185046 -61 -50 -59 -60 -67 
2016-05-19 23:18:11.290061 -61 -60 -65 -59 -63 
2016-05-19 23:18:11.500087 -53 -56 -61 -54 -67 
2016-05-19 23:18:11.706243 -59 -53 -56 -60 -61 
2016-05-19 23:18:11.918145 -66 -55 -52 -55 -60 
2016-05-19 23:18:12.040158 -58 -64 -53 -50 -56 
2016-05-19 23:18:12.457219 -60 -59 -58 -49 -57 
2016-05-19 23:18:12.744254 -62 -53 -54 -55 -60 
2016-05-19 23:18:12.852270 -59 -60 -63 -51 -58 
2016-05-19 23:18:12.977288 -62 -57 -63 -53 -57 
2016-05-19 23:18:13.224316 -68 -58 -66 -54 -63 
2016-05-19 23:18:13.335334 -62 -59 -62 -58 -64 
2016-05-19 23:18:13.440348 -68 -60 -61 -57 -63 
2016-05-19 23:18:13.542361 -68 -63 -62 -59 -69 
2016-05-19 23:18:13.647374 -65 -60 -60 -56 -64 
2016-05-19 23:18:13.774388 -64 -67 -62 -57 -72 
2016-05-19 23:18:13.880418 -67 -64 -60 -69 -68 
2016-05-19 23:18:14.087432 -68 -70 -62 -69 -76 
2016-05-19 23:18:14.397473 -70 -75 -62 -64 -72 
2016-05-19 23:18:14.509484 -70 -66 -64 -58 -71 
2016-05-19 23:18:14.615501 -74 -68 -65 -65 -66 
2016-05-19 23:18:14.723521 -87 -63 -64 -61 -72 
2016-05-19 23:18:14.823534 -67 -67 -66 -64 -73 
2016-05-19 23:18:15.026686 -67 -67 -66 -61 -70 
2016-05-19 23:18:15.132568 -70 -66 -65 -54 -69 
2016-05-19 23:18:15.236582 -66 -69 -64 -61 -71 
2016-05-19 23:18:15.337596 -69 -67 -64 -58 -67 
2016-05-19 23:18:15.458618 -75 -65 -69 -56 -81 
2016-05-19 23:18:15.560631 -75 -64 -62 -67 -67 
2016-05-19 23:18:15.663643 -71 -63 -66 -57 -86 
2016-05-19 23:18:15.757650 -85 -63 -65 -53 -63 
2016-05-19 23:18:15.860675 -69 -73 -70 -65 -80 
2016-05-19 23:18:16.062690 -65 -63 -64 -61 -68 
2016-05-19 23:18:16.169701 -69 -67 -66 -54 -65 
2016-05-19 23:18:16.275719 -66 -54 -67 -60 -79 
2016-05-19 23:18:16.399738 -70 -66 -63 -60 -75 
2016-05-19 23:18:16.597760 -66 -60 -64 -56 -71 
2016-05-19 23:18:16.708779 -65 -68 -63 -60 -71 
2016-05-19 23:18:16.915801 -71 -56 -65 -56 -68 
2016-05-19 23:18:17.081824 -68 -64 -63 -61 -66 
2016-05-19 23:18:17.190844 -68 -68 -62 -57 -75 
2016-05-19 23:18:17.299848 -67 -61 -64 -57 -74 
2016-05-19 23:18:17.439867 -68 -61 -63 -53 -75 
2016-05-19 23:18:17.645897 -66 -63 -63 -60 -76 
2016-05-19 23:18:17.856928 -67 -64 -64 -63 -71 
2016-05-19 23:18:18.067952 -67 -63 -62 -54 -74 
2016-05-19 23:18:18.279977 -69 -62 -62 -60 -77 
2016-05-19 23:18:18.491139 -68 -60 -64 -59 -77 
2016-05-19 23:18:18.598022 -68 -62 -62 -56 -65 
2016-05-19 23:18:18.702035 -74 -62 -63 -53 -75 
2016-05-19 23:18:18.906062 -71 -63 -61 -55 -69 
2016-05-19 23:18:19.081078 -67 -59 -62 -53 -73 
2016-05-19 23:18:19.189095 -70 -66 -65 -58 -73 
2016-05-19 23:18:19.291106 -68 -58 -62 -55 -74 
2016-05-19 23:18:19.496132 -67 -64 -61 -57 -73 
2016-05-19 23:18:19.600142 -68 -71 -65 -51 -76 
2016-05-19 23:18:19.776168 -65 -65 -59 -58 -69 
2016-05-19 23:18:19.881182 -70 -61 -63 -64 -68 
2016-05-19 23:18:20.158218 -69 -69 -61 -60 -73 
2016-05-19 23:18:20.337242 -67 -63 -61 -59 -78 
2016-05-19 23:18:20.471259 -69 -60 -66 -57 -70 
2016-05-19 23:18:20.676285 -68 -62 -63 -56 -70 
2016-05-19 23:18:20.783299 -70 -51 -63 -62 -75 
2016-05-19 23:18:21.073337 -67 -57 -62 -61 -64 
2016-05-19 23:18:21.178352 -70 -63 -61 -59 -68 
2016-05-19 23:18:21.379382 -66 -58 -60 -58 -64 
2016-05-19 23:18:21.519399 -64 -58 -65 -54 -68 
2016-05-19 23:18:21.700418 -68 -58 -61 -58 -69 
2016-05-19 23:18:21.806433 -72 -62 -63 -54 -79 
2016-05-19 23:18:21.916448 -67 -58 -62 -61 -68 
2016-05-19 23:18:22.126475 -69 -60 -62 -60 -72 
2016-05-19 23:18:22.339632 -68 -60 -62 -57 -74 
2016-05-19 23:18:22.443654 -67 -65 -66 -60 -79 
2016-05-19 23:18:22.599548 -68 -58 -63 -59 -69 
2016-05-19 23:18:22.700562 -69 -57 -65 -59 -80 
2016-05-19 23:18:22.808571 -68 -65 -62 -60 -72 
2016-05-19 23:18:23.015595 -68 -52 -62 -60 -77 
2016-05-19 23:18:23.181620 -71 -52 -65 -60 -69 
2016-05-19 23:18:23.379776 -67 -61 -62 -60 -69 
2016-05-19 23:18:23.487660 -69 -52 -60 -62 -76 
2016-05-19 23:18:23.650681 -65 -58 -63 -60 -69 
2016-05-19 23:18:23.857708 -69 -57 -61 -60 -75 
2016-05-19 23:18:23.961722 -69 -62 -61 -60 -72 
2016-05-19 23:18:24.216748 -68 -59 -64 -59 -79 
2016-05-19 23:18:24.533789 -69 -58 -64 -61 -68 
2016-05-19 23:18:24.635932 -69 -65 -64 -65 -70 
2016-05-19 23:18:24.850828 -66 -63 -64 -60 -68 
2016-05-19 23:18:25.055855 -66 -61 -69 -56 -68 
2016-05-19 23:18:25.212878 -64 -59 -63 -52 -81 
2016-05-19 23:18:25.321893 -74 -62 -63 -69 -73 
2016-05-19 23:18:25.529923 -72 -68 -64 -57 -70 
2016-05-19 23:18:25.686940 -82 -62 -66 -56 -69 
2016-05-19 23:18:25.793959 -74 -65 -63 -50 -71 
2016-05-19 23:18:25.956104 -68 -62 -67 -52 -69 
2016-05-19 23:18:26.057989 -66 -66 -61 -50 -68 
2016-05-19 23:18:26.301017 -74 -62 -64 -51 -66 
2016-05-19 23:18:26.407034 -69 -63 -74 -52 -73 
2016-05-19 23:18:26.531048 -72 -65 -68 -65 -68 
2016-05-19 23:18:26.634064 -63 -60 -63 -55 -75 
2016-05-19 23:18:26.827089 -74 -68 -69 -66 -71 
2016-05-19 23:18:26.933103 -71 -57 -64 -69 -62 
2016-05-19 23:18:27.040121 -65 -87 -63 -58 -73 
2016-05-19 23:18:27.246141 -74 -78 -66 -56 -69 
2016-05-19 23:18:27.564322 -78 -68 -65 -59 -63 
2016-05-19 23:18:27.735221 -83 -78 -65 -66 -69 
2016-05-19 23:18:27.876365 -72 -80 -62 -57 -74 
2016-05-19 23:18:27.980255 -81 -57 -65 -53 -62 
2016-05-19 23:18:28.081257 -72 -62 -62 -56 -75 
2016-05-19 23:18:28.185278 -69 -55 -66 -52 -62 
2016-05-19 23:18:28.287287 -72 -59 -61 -54 -71 
2016-05-19 23:18:28.390305 -70 -69 -66 -65 -74 
2016-05-19 23:18:28.493314 -69 -54 -60 -55 -71 
2016-05-19 23:18:28.600332 -83 -65 -67 -53 -62 
799
