2016-05-19 21:14:35.756671 -79 -65 -61 -56 -77 
2016-05-19 21:14:35.965704 -75 -64 -61 -62 -76 
2016-05-19 21:14:36.070718 -72 -65 -59 -58 -73 
2016-05-19 21:14:36.177728 -71 -64 -62 -64 -72 
2016-05-19 21:14:36.307746 -73 -70 -63 -68 -75 
2016-05-19 21:14:36.414760 -74 -63 -64 -58 -69 
2016-05-19 21:14:36.628787 -69 -63 -62 -63 -77 
2016-05-19 21:14:36.735805 -73 -60 -65 -62 -73 
2016-05-19 21:14:36.840818 -76 -69 -63 -63 -72 
2016-05-19 21:14:37.058843 -75 -62 -64 -64 -74 
2016-05-19 21:14:37.224865 -73 -62 -66 -67 -69 
2016-05-19 21:14:37.436021 -77 -64 -66 -62 -70 
2016-05-19 21:14:37.540909 -66 -60 -70 -59 -71 
2016-05-19 21:14:37.776934 -80 -69 -68 -71 -73 
2016-05-19 21:14:37.882950 -71 -78 -75 -64 -66 
2016-05-19 21:14:38.086974 -68 -66 -72 -59 -66 
2016-05-19 21:14:38.213994 -71 -65 -71 -70 -65 
2016-05-19 21:14:38.322009 -74 -61 -71 -63 -84 
2016-05-19 21:14:38.511037 -71 -68 -73 -59 -68 
2016-05-19 21:14:38.842074 -70 -65 -70 -63 -66 
2016-05-19 21:14:39.005097 -67 -65 -69 -58 -74 
2016-05-19 21:14:39.112108 -77 -73 -80 -64 -70 
2016-05-19 21:14:39.323139 -71 -73 -71 -63 -69 
2016-05-19 21:14:39.432150 -71 -68 -73 -63 -69 
2016-05-19 21:14:39.536213 -65 -69 -67 -62 -67 
2016-05-19 21:14:39.640181 -67 -76 -88 -60 -68 
2016-05-19 21:14:39.766201 -76 -68 -70 -58 -77 
2016-05-19 21:14:39.878211 -78 -63 -72 -53 -68 
2016-05-19 21:14:40.013229 -67 -65 -75 -64 -72 
2016-05-19 21:14:40.117240 -76 -73 -70 -54 -78 
2016-05-19 21:14:40.290265 -72 -69 -72 -58 -78 
2016-05-19 21:14:40.397283 -71 -67 -70 -58 -75 
2016-05-19 21:14:40.506306 -76 -64 -71 -70 -69 
2016-05-19 21:14:40.615315 -67 -73 -77 -66 -69 
2016-05-19 21:14:40.798339 -73 -69 -68 -74 -69 
2016-05-19 21:14:40.921360 -71 -72 -74 -61 -67 
2016-05-19 21:14:41.026373 -69 -73 -66 -58 -72 
2016-05-19 21:14:41.213393 -72 -65 -68 -67 -66 
2016-05-19 21:14:41.338409 -70 -65 -78 -53 -70 
2016-05-19 21:14:41.540565 -74 -68 -69 -59 -69 
2016-05-19 21:14:41.645449 -70 -66 -73 -59 -67 
2016-05-19 21:14:41.851481 -75 -63 -67 -56 -71 
2016-05-19 21:14:41.962488 -83 -68 -76 -64 -70 
2016-05-19 21:14:42.068635 -75 -59 -78 -73 -68 
2016-05-19 21:14:42.170518 -74 -72 -66 -60 -77 
2016-05-19 21:14:42.475557 -85 -64 -68 -67 -69 
2016-05-19 21:14:42.580701 -80 -66 -74 -75 -77 
2016-05-19 21:14:42.683586 -77 -69 -74 -68 -71 
2016-05-19 21:14:42.789600 -75 -64 -74 -57 -77 
2016-05-19 21:14:43.005627 -71 -66 -76 -63 -77 
2016-05-19 21:14:43.212786 -76 -62 -69 -75 -66 
2016-05-19 21:14:43.614706 -71 -66 -69 -67 -69 
2016-05-19 21:14:43.718720 -78 -60 -74 -54 -68 
2016-05-19 21:14:44.056769 -74 -63 -70 -66 -66 
2016-05-19 21:14:44.162775 -78 -66 -79 -57 -75 
2016-05-19 21:14:44.265792 -68 -68 -71 -62 -70 
2016-05-19 21:14:44.476949 -70 -69 -72 -65 -71 
2016-05-19 21:14:44.579833 -77 -74 -69 -68 -70 
2016-05-19 21:14:44.683846 -69 -62 -75 -60 -72 
2016-05-19 21:14:44.794861 -85 -73 -72 -64 -71 
2016-05-19 21:14:44.895874 -69 -61 -68 -66 -86 
2016-05-19 21:14:44.997884 -79 -74 -71 -63 -72 
2016-05-19 21:14:45.297923 -72 -66 -76 -67 -74 
2016-05-19 21:14:45.404943 -79 -70 -74 -64 -72 
2016-05-19 21:14:45.516962 -66 -70 -78 -61 -73 
2016-05-19 21:14:45.719984 -67 -68 -67 -65 -74 
2016-05-19 21:14:45.829135 -67 -70 -72 -63 -69 
2016-05-19 21:14:46.236049 -71 -68 -74 -65 -77 
2016-05-19 21:14:46.341192 -67 -73 -70 -63 -82 
2016-05-19 21:14:46.640095 -69 -64 -74 -64 -73 
2016-05-19 21:14:46.846121 -69 -68 -67 -66 -74 
2016-05-19 21:14:46.953132 -76 -71 -67 -69 -80 
2016-05-19 21:14:47.056149 -69 -75 -79 -62 -72 
2016-05-19 21:14:47.201176 -72 -67 -77 -64 -75 
2016-05-19 21:14:47.490206 -82 -62 -65 -63 -69 
2016-05-19 21:14:47.699239 -86 -73 -67 -59 -74 
2016-05-19 21:14:47.908257 -84 -69 -68 -67 -79 
2016-05-19 21:14:48.116287 -86 -70 -71 -65 -69 
2016-05-19 21:14:48.265307 -71 -69 -70 -55 -72 
2016-05-19 21:14:48.372324 -86 -64 -72 -62 -70 
2016-05-19 21:14:48.475334 -72 -71 -65 -56 -81 
2016-05-19 21:14:48.577351 -89 -63 -72 -69 -70 
2016-05-19 21:14:48.750370 -75 -61 -65 -63 -71 
2016-05-19 21:14:49.001403 -77 -74 -70 -71 -68 
2016-05-19 21:14:49.165553 -83 -75 -70 -55 -68 
2016-05-19 21:14:49.267441 -70 -62 -64 -63 -69 
2016-05-19 21:14:49.402459 -68 -67 -66 -67 -70 
2016-05-19 21:14:49.672494 -80 -73 -67 -58 -74 
2016-05-19 21:14:49.801507 -75 -68 -69 -63 -70 
2016-05-19 21:14:49.904521 -79 -77 -75 -57 -71 
2016-05-19 21:14:50.014536 -67 -66 -71 -63 -69 
2016-05-19 21:14:50.203568 -69 -76 -70 -62 -66 
2016-05-19 21:14:50.412592 -66 -66 -71 -67 -72 
2016-05-19 21:14:50.524602 -75 -65 -66 -60 -65 
2016-05-19 21:14:50.632620 -68 -68 -72 -61 -71 
2016-05-19 21:14:50.783633 -67 -65 -77 -57 -76 
2016-05-19 21:14:50.995664 -73 -81 -75 -63 -67 
2016-05-19 21:14:51.103675 -71 -77 -79 -64 -77 
2016-05-19 21:14:51.211692 -69 -64 -67 -77 -75 
2016-05-19 21:14:51.453852 -74 -68 -71 -64 -79 
2016-05-19 21:14:51.622749 -72 -62 -64 -63 -70 
2016-05-19 21:14:51.723757 -80 -68 -68 -78 -75 
2016-05-19 21:14:51.828770 -70 -64 -64 -63 -75 
2016-05-19 21:14:51.973921 -64 -62 -71 -68 -77 
2016-05-19 21:14:52.076805 -71 -68 -76 -78 -71 
2016-05-19 21:14:52.282835 -72 -68 -65 -66 -69 
2016-05-19 21:14:52.525992 -68 -65 -69 -65 -74 
2016-05-19 21:14:52.888908 -71 -68 -71 -66 -77 
2016-05-19 21:14:53.048929 -67 -86 -61 -63 -70 
2016-05-19 21:14:53.470987 -73 -74 -66 -66 -74 
2016-05-19 21:14:53.754021 -72 -71 -74 -67 -67 
2016-05-19 21:14:53.859036 -69 -72 -58 -60 -74 
2016-05-19 21:14:53.958179 -71 -73 -58 -63 -66 
2016-05-19 21:14:54.159081 -65 -69 -66 -72 -80 
2016-05-19 21:14:54.266090 -67 -63 -59 -67 -74 
2016-05-19 21:14:54.475118 -64 -73 -65 -65 -72 
2016-05-19 21:14:54.688149 -66 -69 -68 -64 -76 
2016-05-19 21:14:54.795159 -67 -72 -74 -56 -71 
2016-05-19 21:14:55.000186 -68 -68 -78 -65 -78 
2016-05-19 21:14:55.204210 -63 -69 -66 -64 -73 
2016-05-19 21:14:55.307227 -70 -67 -70 -71 -75 
2016-05-19 21:14:55.496252 -69 -74 -66 -62 -71 
2016-05-19 21:14:55.599263 -68 -74 -62 -64 -73 
2016-05-19 21:14:55.793294 -73 -68 -71 -66 -79 
2016-05-19 21:14:55.901305 -67 -65 -68 -80 -78 
2016-05-19 21:14:56.054454 -71 -85 -74 -69 -76 
2016-05-19 21:14:56.160342 -75 -77 -77 -62 -72 
2016-05-19 21:14:56.366493 -69 -76 -79 -65 -74 
2016-05-19 21:14:56.473382 -77 -80 -78 -74 -82 
2016-05-19 21:14:56.679403 -71 -76 -76 -68 -78 
2016-05-19 21:14:56.789428 -75 -78 -79 -64 -79 
2016-05-19 21:14:56.998576 -71 -80 -77 -71 -77 
2016-05-19 21:14:57.411501 -73 -87 -72 -68 -74 
2016-05-19 21:14:57.621529 -72 -81 -77 -68 -75 
2016-05-19 21:14:57.727542 -76 -82 -86 -60 -78 
2016-05-19 21:14:57.905566 -72 -84 -71 -75 -74 
2016-05-19 21:14:58.113597 -76 -76 -74 -75 -80 
2016-05-19 21:14:58.214735 -76 -78 -74 -74 -81 
2016-05-19 21:14:58.376627 -79 -78 -73 -58 -78 
2016-05-19 21:14:58.484639 -69 -80 -73 -81 -78 
2016-05-19 21:14:58.683671 -74 -81 -72 -63 -80 
2016-05-19 21:14:58.788685 -69 -78 -70 -81 -75 
2016-05-19 21:14:58.902824 -73 -79 -83 -73 -80 
2016-05-19 21:14:59.007710 -72 -72 -74 -60 -78 
2016-05-19 21:14:59.109721 -74 -70 -86 -74 -77 
2016-05-19 21:14:59.319748 -72 -72 -78 -65 -76 
2016-05-19 21:14:59.528781 -70 -77 -76 -71 -73 
2016-05-19 21:14:59.631791 -70 -75 -74 -77 -75 
2016-05-19 21:14:59.737805 -73 -77 -80 -72 -75 
2016-05-19 21:15:00.046847 -71 -74 -75 -74 -76 
2016-05-19 21:15:00.151859 -71 -76 -79 -74 -77 
2016-05-19 21:15:00.259871 -78 -87 -77 -59 -76 
2016-05-19 21:15:00.369887 -76 -74 -86 -69 -79 
2016-05-19 21:15:00.777942 -70 -78 -75 -72 -75 
2016-05-19 21:15:00.987969 -76 -75 -73 -67 -75 
2016-05-19 21:15:01.195996 -71 -74 -72 -69 -76 
2016-05-19 21:15:01.300007 -78 -74 -72 -72 -75 
2016-05-19 21:15:01.508036 -77 -79 -74 -66 -77 
2016-05-19 21:15:01.613050 -73 -80 -73 -60 -78 
2016-05-19 21:15:02.002101 -73 -73 -75 -60 -78 
2016-05-19 21:15:02.227131 -81 -71 -75 -71 -77 
2016-05-19 21:15:02.458160 -75 -72 -70 -74 -75 
2016-05-19 21:15:02.660185 -74 -77 -72 -71 -76 
2016-05-19 21:15:02.871343 -74 -78 -70 -59 -74 
2016-05-19 21:15:03.055367 -87 -81 -76 -64 -74 
2016-05-19 21:15:03.261265 -73 -75 -70 -67 -84 
2016-05-19 21:15:03.299274 -73 -77 -69 -61 -77 
2016-05-19 21:15:03.503425 -71 -80 -78 -64 -77 
2016-05-19 21:15:03.710321 -77 -73 -75 -66 -75 
2016-05-19 21:15:03.921354 -74 -78 -77 -65 -73 
2016-05-19 21:15:04.019368 -72 -80 -91 -65 -75 
2016-05-19 21:15:04.124383 -81 -73 -79 -57 -75 
2016-05-19 21:15:04.313403 -76 -74 -90 -67 -74 
2016-05-19 21:15:04.515426 -74 -82 -82 -65 -80 
2016-05-19 21:15:04.616443 -72 -78 -78 -78 -75 
2016-05-19 21:15:04.719586 -75 -76 -78 -65 -76 
2016-05-19 21:15:04.921482 -69 -79 -73 -70 -74 
2016-05-19 21:15:04.977489 -69 -71 -84 -68 -74 
2016-05-19 21:15:05.079632 -86 -80 -70 -58 -78 
2016-05-19 21:15:05.384546 -73 -76 -70 -72 -77 
2016-05-19 21:15:05.488556 -70 -76 -77 -68 -80 
2016-05-19 21:15:05.592570 -87 -77 -69 -86 -77 
2016-05-19 21:15:05.703586 -70 -74 -75 -67 -72 
2016-05-19 21:15:06.031756 -76 -84 -72 -70 -81 
2016-05-19 21:15:06.139646 -75 -75 -75 -65 -76 
2016-05-19 21:15:06.330664 -74 -87 -73 -70 -77 
2016-05-19 21:15:06.438680 -78 -77 -70 -71 -77 
2016-05-19 21:15:06.549699 -71 -80 -80 -57 -81 
2016-05-19 21:15:06.659714 -75 -73 -78 -73 -76 
2016-05-19 21:15:06.862736 -75 -74 -75 -68 -76 
2016-05-19 21:15:06.965747 -67 -78 -74 -65 -79 
2016-05-19 21:15:07.073763 -71 -73 -71 -77 -80 
2016-05-19 21:15:07.176776 -66 -77 -75 -65 -81 
2016-05-19 21:15:07.460811 -71 -75 -70 -72 -85 
2016-05-19 21:15:07.596832 -77 -76 -82 -75 -75 
2016-05-19 21:15:07.901871 -76 -85 -76 -63 -81 
2016-05-19 21:15:08.112899 -73 -82 -77 -61 -79 
2016-05-19 21:15:08.224042 -68 -81 -76 -59 -83 
2016-05-19 21:15:08.433941 -74 -78 -80 -63 -77 
2016-05-19 21:15:08.536954 -74 -73 -69 -70 -77 
2016-05-19 21:15:08.742981 -75 -74 -76 -74 -77 
2016-05-19 21:15:08.953009 -74 -76 -74 -71 -81 
2016-05-19 21:15:09.071022 -75 -78 -74 -69 -78 
2016-05-19 21:15:09.244046 -69 -83 -69 -74 -82 
2016-05-19 21:15:09.453074 -70 -75 -74 -71 -82 
2016-05-19 21:15:09.554088 -81 -72 -76 -71 -83 
2016-05-19 21:15:09.663102 -69 -75 -69 -63 -79 
2016-05-19 21:15:09.878130 -76 -75 -70 -67 -79 
2016-05-19 21:15:09.983143 -78 -75 -71 -71 -76 
2016-05-19 21:15:10.091155 -67 -75 -78 -64 -80 
2016-05-19 21:15:10.193170 -83 -74 -69 -71 -81 
2016-05-19 21:15:10.407200 -74 -72 -70 -66 -80 
2016-05-19 21:15:10.514213 -68 -74 -66 -61 -81 
2016-05-19 21:15:10.633228 -70 -83 -71 -67 -85 
2016-05-19 21:15:10.741240 -70 -72 -84 -64 -83 
2016-05-19 21:15:10.923266 -72 -71 -78 -63 -81 
2016-05-19 21:15:11.132294 -70 -71 -75 -63 -78 
2016-05-19 21:15:11.240437 -77 -71 -70 -71 -81 
2016-05-19 21:15:11.376455 -77 -77 -75 -62 -79 
2016-05-19 21:15:11.544477 -73 -71 -70 -62 -87 
2016-05-19 21:15:11.754375 -75 -75 -73 -62 -79 
2016-05-19 21:15:11.909395 -77 -78 -69 -77 -80 
2016-05-19 21:15:12.013409 -74 -84 -76 -64 -84 
2016-05-19 21:15:12.116420 -80 -77 -70 -75 -79 
2016-05-19 21:15:12.224565 -75 -84 -77 -64 -85 
2016-05-19 21:15:12.597485 -68 -80 -73 -66 -83 
2016-05-19 21:15:12.801512 -71 -78 -79 -62 -83 
2016-05-19 21:15:13.013539 -71 -76 -79 -66 -81 
2016-05-19 21:15:13.121552 -76 -79 -90 -61 -84 
2016-05-19 21:15:13.333581 -72 -77 -72 -67 -82 
2016-05-19 21:15:13.439595 -67 -77 -69 -59 -85 
2016-05-19 21:15:13.542608 -77 -80 -75 -71 -82 
2016-05-19 21:15:13.645625 -80 -78 -70 -61 -87 
2016-05-19 21:15:13.797641 -79 -78 -79 -71 -84 
2016-05-19 21:15:13.991665 -66 -78 -70 -75 -88 
2016-05-19 21:17:07.797533 -77 -64 -70 -63 -78 
2016-05-19 21:17:08.104572 -67 -67 -67 -64 -73 
2016-05-19 21:17:08.209588 -76 -72 -66 -59 -68 
2016-05-19 21:17:08.320612 -62 -64 -67 -60 -66 
2016-05-19 21:17:08.633649 -69 -69 -68 -61 -69 
2016-05-19 21:17:08.849677 -73 -67 -63 -62 -72 
2016-05-19 21:17:08.955697 -69 -74 -78 -62 -75 
2016-05-19 21:17:09.161740 -72 -74 -63 -62 -69 
2016-05-19 21:17:09.271788 -75 -71 -72 -57 -69 
2016-05-19 21:17:09.378738 -69 -68 -70 -62 -62 
2016-05-19 21:17:09.578765 -64 -69 -63 -62 -68 
2016-05-19 21:17:09.682778 -66 -71 -75 -60 -68 
2016-05-19 21:17:09.789792 -77 -69 -63 -62 -73 
2016-05-19 21:17:09.894805 -63 -79 -72 -59 -68 
2016-05-19 21:17:10.002823 -79 -68 -63 -62 -71 
2016-05-19 21:17:10.212847 -73 -76 -67 -60 -68 
2016-05-19 21:17:10.422883 -65 -70 -77 -62 -69 
2016-05-19 21:17:10.536026 -62 -80 -63 -61 -66 
2016-05-19 21:17:10.640907 -66 -73 -73 -61 -73 
2016-05-19 21:17:10.931939 -62 -74 -66 -59 -70 
2016-05-19 21:17:11.143971 -61 -73 -75 -61 -71 
2016-05-19 21:17:11.351000 -67 -70 -67 -61 -70 
2016-05-19 21:17:11.462008 -72 -67 -66 -62 -70 
2016-05-19 21:17:11.767048 -71 -59 -65 -68 -67 
2016-05-19 21:17:11.875065 -68 -62 -84 -64 -73 
2016-05-19 21:17:12.165103 -77 -57 -59 -67 -65 
2016-05-19 21:17:12.310122 -65 -59 -63 -65 -68 
2016-05-19 21:17:12.419182 -69 -62 -62 -58 -65 
2016-05-19 21:17:12.581161 -65 -61 -62 -85 -71 
2016-05-19 21:17:12.931208 -67 -59 -68 -61 -70 
2016-05-19 21:17:13.139239 -80 -57 -61 -63 -66 
2016-05-19 21:17:13.245243 -69 -62 -66 -65 -70 
2016-05-19 21:17:13.422271 -67 -68 -62 -63 -69 
2016-05-19 21:17:13.542287 -68 -63 -66 -63 -70 
2016-05-19 21:17:13.647300 -73 -57 -62 -61 -70 
2016-05-19 21:17:13.862329 -71 -60 -68 -59 -71 
2016-05-19 21:17:13.969357 -65 -64 -62 -59 -61 
2016-05-19 21:17:14.078360 -66 -64 -64 -54 -66 
2016-05-19 21:17:14.263384 -65 -65 -60 -56 -65 
2016-05-19 21:17:14.383400 -66 -66 -63 -56 -64 
2016-05-19 21:17:14.499416 -72 -64 -61 -56 -63 
2016-05-19 21:17:14.606434 -65 -64 -65 -58 -64 
2016-05-19 21:17:14.805454 -65 -60 -64 -56 -66 
2016-05-19 21:17:15.126501 -70 -61 -60 -54 -72 
2016-05-19 21:17:15.317518 -68 -59 -59 -58 -76 
280
