373 13
-63 -70 -65 -71 -58 
-69 -62 -61 -67 -58 
-69 -62 -69 -71 -62 
-68 -64 -65 -72 -61 
-63 -71 -61 -72 -58 
-70 -65 -61 -69 -60 
-64 -72 -61 -69 -60 
-65 -59 -61 -68 -58 
-70 -60 -69 -71 -58 
-64 -60 -70 -72 -58 
-69 -60 -70 -73 -64 
-63 -62 -70 -73 -59 
-63 -62 -69 -68 -57 
-62 -61 -70 -67 -58 
-64 -62 -70 -73 -57 
-64 -73 -70 -68 -58 
-63 -67 -59 -72 -58 
-66 -60 -69 -68 -58 
-63 -72 -60 -68 -56 
-64 -72 -69 -73 -64 
-67 -61 -63 -68 -57 
-63 -73 -71 -73 -57 
-67 -61 -70 -73 -64 
-64 -62 -61 -73 -59 
-66 -72 -61 -72 -57 
-63 -65 -66 -70 -57 
-64 -71 -70 -73 -56 
-62 -61 -63 -70 -57 
-66 -72 -68 -72 -57 
-62 -60 -64 -70 -57 
-66 -71 -67 -76 -57 
-62 -62 -76 -76 -64 
-68 -61 -68 -69 -59 
-65 -62 -61 -68 -62 
-62 -62 -65 -73 -59 
-65 -61 -65 -67 -59 
-65 -63 -70 -73 -58 
-67 -69 -76 -73 -67 
-63 -62 -70 -67 -57 
-63 -62 -61 -70 -57 
-62 -62 -71 -71 -58 
-63 -62 -62 -67 -60 
-66 -60 -73 -72 -56 
-65 -71 -66 -71 -57 
-64 -61 -66 -72 -56 
-64 -63 -65 -72 -59 
-64 -60 -71 -72 -65 
-63 -69 -71 -67 -62 
-62 -62 -69 -73 -69 
-64 -71 -71 -72 -59 
-62 -61 -74 -73 -59 
-65 -65 -62 -73 -59 
-63 -68 -67 -71 -56 
-64 -68 -62 -73 -60 
-66 -61 -62 -74 -56 
-63 -64 -65 -74 -57 
-62 -62 -66 -74 -55 
-64 -62 -69 -75 -62 
-66 -74 -67 -75 -60 
-65 -65 -68 -70 -57 
-66 -62 -71 -67 -58 
-66 -69 -67 -74 -61 
-65 -68 -68 -66 -58 
-63 -67 -64 -74 -54 
-65 -63 -67 -70 -54 
-65 -61 -64 -66 -54 
-65 -66 -71 -66 -61 
-63 -62 -64 -73 -61 
-65 -61 -68 -73 -56 
-66 -62 -74 -73 -59 
-64 -62 -69 -73 -62 
-64 -62 -63 -73 -57 
-65 -62 -67 -75 -56 
-65 -61 -69 -74 -56 
-67 -74 -62 -72 -58 
-64 -69 -68 -72 -57 
-65 -69 -64 -72 -61 
-63 -60 -63 -72 -55 
-64 -70 -68 -69 -58 
-65 -66 -68 -69 -61 
-65 -58 -60 -69 -56 
-62 -77 -69 -80 -56 
-68 -60 -67 -80 -60 
-66 -69 -67 -68 -57 
-63 -69 -68 -82 -59 
-66 -65 -63 -72 -62 
-66 -74 -66 -77 -64 
-63 -62 -71 -73 -73 
-63 -65 -65 -73 -68 
-62 -61 -70 -75 -69 
-64 -67 -66 -70 -67 
-62 -68 -71 -78 -62 
-66 -61 -66 -71 -55 
-67 -62 -62 -69 -59 
-67 -75 -68 -75 -64 
-64 -63 -68 -70 -53 
-65 -73 -62 -69 -63 
-63 -67 -65 -70 -54 
-64 -60 -63 -71 -57 
-64 -69 -62 -69 -62 
-60 -69 -66 -72 -56 
-61 -63 -66 -69 -55 
-61 -71 -69 -73 -64 
-66 -63 -69 -67 -62 
-61 -62 -70 -68 -62 
-65 -62 -77 -70 -61 
-63 -74 -76 -71 -63 
-64 -63 -68 -69 -67 
-64 -71 -64 -74 -72 
-67 -64 -62 -73 -61 
-63 -66 -67 -74 -56 
-64 -71 -68 -71 -62 
-65 -66 -67 -72 -58 
-64 -73 -62 -72 -57 
-65 -62 -71 -67 -56 
-64 -72 -71 -73 -59 
-63 -72 -61 -68 -60 
-61 -62 -71 -74 -60 
-63 -62 -60 -68 -60 
-68 -69 -69 -72 -64 
-64 -59 -61 -68 -67 
-60 -62 -72 -68 -66 
-64 -62 -72 -73 -72 
-61 -60 -73 -68 -67 
-61 -74 -61 -72 -65 
-60 -67 -74 -71 -66 
-64 -59 -73 -71 -64 
-61 -62 -75 -67 -64 
-62 -60 -70 -69 -66 
-64 -65 -68 -75 -69 
-65 -72 -69 -70 -65 
-65 -64 -74 -68 -61 
-66 -71 -71 -76 -64 
-66 -62 -68 -74 -71 
-66 -73 -68 -72 -59 
-67 -62 -65 -69 -59 
-66 -67 -65 -69 -63 
-66 -76 -69 -67 -65 
-65 -66 -70 -71 -62 
-66 -60 -70 -68 -67 
-63 -85 -60 -72 -66 
-66 -62 -71 -72 -68 
-62 -62 -60 -69 -65 
-63 -62 -69 -75 -68 
-66 -73 -70 -76 -64 
-64 -62 -70 -68 -69 
-65 -63 -71 -71 -66 
-63 -70 -64 -66 -68 
-65 -66 -71 -70 -68 
-65 -70 -62 -69 -67 
-66 -60 -68 -69 -65 
-62 -60 -62 -70 -67 
-67 -60 -70 -68 -64 
-67 -69 -62 -71 -68 
-62 -61 -70 -71 -66 
-63 -68 -70 -71 -69 
-62 -72 -70 -68 -79 
-61 -66 -70 -76 -65 
-63 -61 -64 -72 -66 
-63 -65 -70 -69 -65 
-62 -75 -72 -69 -71 
-67 -69 -62 -67 -65 
-62 -74 -70 -69 -65 
-60 -75 -77 -67 -73 
-61 -65 -63 -67 -69 
-63 -71 -68 -70 -68 
-64 -67 -69 -69 -68 
-63 -62 -67 -68 -65 
-62 -71 -69 -67 -67 
-63 -60 -65 -68 -69 
-63 -61 -62 -69 -66 
-63 -61 -69 -69 -68 
-61 -70 -72 -69 -66 
-62 -71 -69 -70 -69 
-61 -62 -61 -69 -69 
-63 -60 -71 -66 -65 
-63 -60 -64 -67 -68 
-60 -61 -71 -69 -68 
-63 -62 -63 -66 -68 
-63 -60 -72 -69 -68 
-60 -71 -62 -69 -68 
-63 -61 -70 -69 -68 
-60 -63 -65 -69 -67 
-61 -62 -64 -67 -67 
-62 -62 -70 -69 -67 
-61 -74 -70 -67 -68 
-61 -61 -62 -69 -68 
-64 -75 -69 -69 -69 
-61 -64 -62 -69 -68 
-60 -63 -68 -67 -73 
-62 -64 -71 -69 -67 
-61 -71 -69 -68 -65 
-64 -62 -70 -69 -73 
-62 -62 -62 -67 -67 
-62 -62 -69 -70 -70 
-70 -63 -62 -66 -70 
-65 -65 -62 -71 -61 
-60 -64 -70 -71 -66 
-65 -65 -69 -70 -58 
-67 -63 -63 -66 -57 
-62 -63 -68 -72 -57 
-67 -66 -66 -72 -59 
-65 -62 -67 -68 -57 
-68 -59 -68 -68 -62 
-66 -60 -68 -72 -67 
-66 -80 -66 -72 -63 
-65 -59 -71 -73 -69 
-63 -61 -62 -69 -60 
-59 -62 -70 -75 -60 
-63 -62 -70 -70 -60 
-63 -60 -68 -71 -67 
-60 -62 -77 -75 -63 
-61 -70 -70 -73 -59 
-62 -60 -68 -72 -60 
-63 -67 -73 -66 -59 
-64 -65 -68 -70 -64 
-61 -62 -71 -69 -62 
-64 -78 -71 -69 -70 
-61 -78 -61 -75 -65 
-61 -66 -65 -73 -64 
-63 -72 -71 -70 -63 
-63 -62 -62 -70 -63 
-64 -74 -72 -70 -68 
-64 -64 -62 -71 -63 
-62 -62 -71 -69 -65 
-62 -61 -71 -68 -70 
-71 -61 -67 -73 -66 
-64 -73 -62 -73 -64 
-73 -62 -61 -68 -63 
-62 -62 -68 -72 -63 
-62 -64 -73 -67 -64 
-77 -65 -67 -76 -60 
-65 -60 -84 -76 -59 
-73 -66 -75 -69 -55 
-66 -73 -69 -74 -61 
-64 -62 -62 -73 -58 
-70 -72 -67 -68 -58 
-68 -63 -63 -72 -65 
-65 -62 -65 -70 -55 
-71 -72 -74 -75 -56 
-65 -64 -68 -68 -56 
-68 -62 -63 -68 -57 
-67 -62 -68 -68 -54 
-68 -62 -72 -72 -54 
-67 -62 -72 -70 -61 
-65 -61 -71 -72 -54 
-70 -62 -80 -68 -57 
-68 -69 -80 -67 -56 
-75 -61 -69 -77 -56 
-75 -67 -74 -69 -65 
-72 -67 -67 -72 -66 
-66 -63 -74 -72 -63 
-66 -70 -71 -71 -62 
-64 -71 -71 -71 -62 
-64 -61 -63 -69 -70 
-65 -76 -65 -69 -68 
-62 -60 -66 -77 -68 
-63 -71 -63 -69 -69 
-62 -59 -62 -74 -73 
-68 -70 -63 -71 -71 
-65 -68 -68 -72 -67 
-66 -62 -67 -71 -81 
-66 -62 -71 -68 -62 
-62 -75 -67 -71 -69 
-67 -63 -67 -69 -62 
-65 -61 -67 -71 -65 
-66 -61 -68 -70 -66 
-63 -61 -67 -74 -64 
-65 -61 -70 -71 -63 
-66 -60 -66 -75 -63 
-64 -60 -62 -75 -65 
-66 -71 -70 -75 -62 
-64 -60 -70 -77 -63 
-69 -61 -62 -72 -62 
-64 -59 -72 -72 -60 
-69 -71 -65 -73 -62 
-67 -65 -72 -72 -61 
-66 -64 -66 -72 -63 
-63 -65 -67 -73 -62 
-65 -74 -70 -72 -63 
-62 -62 -72 -78 -62 
-61 -63 -72 -73 -62 
-66 -63 -70 -73 -65 
-65 -77 -64 -68 -64 
-61 -66 -63 -73 -68 
-64 -84 -69 -68 -66 
-62 -62 -63 -75 -60 
-66 -62 -66 -70 -64 
-61 -62 -71 -70 -70 
-64 -64 -71 -70 -63 
-62 -65 -62 -71 -62 
-63 -65 -70 -71 -68 
-66 -65 -69 -72 -61 
-63 -80 -70 -71 -65 
-63 -62 -70 -71 -64 
-62 -61 -70 -72 -64 
-63 -73 -69 -73 -64 
-63 -59 -63 -75 -62 
-66 -71 -66 -72 -60 
-62 -60 -68 -77 -60 
-64 -59 -65 -73 -61 
-64 -61 -68 -71 -62 
-65 -60 -60 -70 -61 
-62 -67 -67 -71 -64 
-62 -72 -60 -71 -70 
-63 -66 -70 -75 -65 
-66 -59 -69 -75 -62 
-65 -60 -71 -83 -63 
-65 -59 -60 -72 -60 
-65 -59 -85 -81 -65 
-68 -61 -61 -72 -65 
-66 -60 -61 -67 -67 
-67 -61 -74 -67 -63 
-67 -61 -62 -71 -69 
-67 -66 -71 -71 -63 
-68 -60 -75 -71 -62 
-67 -61 -75 -66 -63 
-67 -61 -66 -78 -62 
-65 -59 -73 -78 -62 
-67 -60 -61 -66 -64 
-63 -69 -72 -76 -60 
-66 -64 -60 -73 -65 
-62 -60 -68 -73 -59 
-67 -60 -61 -68 -68 
-67 -69 -69 -71 -57 
-65 -59 -62 -67 -57 
-64 -71 -70 -70 -58 
-60 -71 -61 -71 -56 
-65 -60 -74 -73 -56 
-61 -65 -71 -71 -60 
-61 -58 -61 -68 -59 
-63 -59 -63 -71 -59 
-67 -59 -69 -76 -60 
-65 -60 -68 -70 -60 
-61 -59 -73 -71 -59 
-66 -59 -69 -75 -59 
-66 -59 -70 -72 -61 
-67 -63 -67 -68 -58 
-68 -58 -61 -70 -60 
-68 -68 -71 -77 -60 
-62 -61 -69 -70 -60 
-62 -59 -70 -68 -65 
-64 -62 -76 -71 -66 
-64 -65 -75 -70 -69 
-64 -71 -60 -66 -64 
-62 -62 -60 -69 -62 
-59 -69 -72 -69 -63 
-65 -64 -60 -65 -66 
-61 -62 -72 -69 -59 
-62 -72 -68 -71 -60 
-62 -64 -74 -74 -61 
-62 -63 -74 -72 -66 
-63 -59 -74 -69 -57 
-63 -70 -73 -67 -68 
-64 -69 -69 -70 -66 
-63 -62 -59 -69 -64 
-64 -69 -60 -67 -71 
-62 -61 -73 -70 -69 
-63 -61 -72 -68 -64 
-67 -61 -74 -67 -70 
-63 -62 -61 -70 -62 
-64 -61 -67 -71 -66 
-62 -68 -69 -69 -65 
-63 -61 -61 -72 -62 
-62 -67 -71 -74 -67 
-63 -60 -61 -69 -60 
-62 -60 -71 -75 -64 
-62 -59 -61 -72 -60 
-62 -60 -61 -74 -65 
-63 -67 -61 -70 -63 
-63 -60 -61 -74 -61 
-65 -60 -70 -71 -65 
-63 -60 -71 -70 -66 
