348 6
-65 -62 -63 -69 -59 
-65 -60 -71 -73 -53 
-66 -60 -71 -69 -52 
-65 -57 -65 -69 -52 
-63 -61 -71 -77 -52 
-65 -59 -77 -73 -60 
-65 -62 -67 -80 -60 
-64 -60 -62 -74 -54 
-67 -60 -63 -70 -55 
-64 -60 -64 -71 -60 
-68 -57 -64 -71 -52 
-62 -60 -73 -76 -52 
-63 -57 -63 -71 -63 
-63 -58 -65 -70 -57 
-63 -62 -63 -70 -52 
-63 -60 -69 -74 -64 
-62 -59 -69 -77 -61 
-62 -60 -71 -72 -62 
-62 -60 -62 -73 -53 
-60 -61 -64 -69 -61 
-61 -64 -66 -74 -64 
-64 -62 -65 -70 -63 
-62 -63 -65 -76 -62 
-60 -58 -67 -72 -61 
-61 -63 -69 -72 -64 
-63 -61 -63 -80 -61 
-61 -57 -69 -81 -54 
-62 -60 -63 -81 -62 
-62 -54 -62 -73 -54 
-60 -54 -62 -69 -62 
-61 -57 -63 -70 -62 
-62 -61 -63 -70 -58 
-63 -62 -62 -70 -62 
-62 -55 -62 -70 -62 
-61 -62 -63 -70 -62 
-61 -54 -63 -79 -53 
-61 -60 -63 -74 -54 
-62 -55 -70 -81 -54 
-60 -61 -62 -69 -61 
-60 -60 -74 -69 -59 
-60 -58 -64 -68 -55 
-60 -60 -66 -72 -62 
-63 -55 -64 -69 -62 
-62 -58 -64 -70 -57 
-63 -61 -73 -71 -59 
-61 -61 -73 -70 -63 
-62 -62 -63 -72 -61 
-62 -63 -69 -71 -61 
-62 -63 -64 -71 -65 
-62 -63 -64 -77 -61 
-62 -55 -70 -71 -53 
-62 -60 -66 -72 -53 
-61 -62 -63 -71 -52 
-61 -55 -64 -78 -52 
-61 -55 -63 -74 -64 
-61 -61 -63 -78 -53 
-62 -60 -64 -72 -53 
-62 -61 -64 -69 -62 
-63 -57 -67 -76 -60 
-62 -64 -63 -76 -59 
-64 -60 -67 -71 -52 
-64 -55 -64 -76 -52 
-66 -67 -65 -70 -59 
-66 -55 -63 -70 -63 
-72 -65 -64 -74 -63 
-64 -63 -66 -76 -59 
-64 -54 -65 -80 -60 
-73 -54 -63 -69 -56 
-72 -55 -64 -73 -61 
-70 -60 -64 -73 -66 
-76 -54 -64 -73 -59 
-71 -58 -72 -75 -58 
-66 -65 -65 -69 -65 
-69 -60 -69 -81 -61 
-72 -60 -65 -72 -67 
-66 -60 -65 -77 -61 
-66 -60 -62 -78 -65 
-73 -62 -84 -71 -65 
-63 -62 -63 -74 -62 
-64 -61 -64 -74 -61 
-63 -61 -65 -74 -62 
-64 -55 -64 -75 -53 
-64 -59 -64 -71 -60 
-66 -54 -64 -77 -62 
-63 -59 -64 -76 -60 
-66 -54 -64 -72 -52 
-63 -60 -65 -70 -52 
-66 -60 -64 -75 -62 
-66 -71 -65 -78 -52 
-63 -54 -71 -77 -63 
-64 -74 -66 -78 -60 
-64 -54 -69 -74 -64 
-64 -71 -65 -80 -60 
-64 -55 -68 -72 -60 
-64 -63 -64 -72 -61 
-65 -56 -67 -69 -64 
-66 -54 -62 -75 -60 
-69 -54 -66 -70 -64 
-69 -62 -63 -79 -62 
-68 -61 -63 -79 -57 
-64 -54 -62 -67 -57 
-64 -71 -62 -67 -57 
-72 -62 -63 -78 -58 
-66 -60 -60 -68 -63 
-73 -61 -69 -79 -60 
-67 -61 -62 -77 -62 
-66 -61 -69 -77 -63 
-67 -61 -64 -77 -62 
-67 -61 -61 -67 -63 
-67 -57 -69 -77 -58 
-68 -71 -64 -70 -63 
-68 -57 -61 -77 -61 
-69 -70 -64 -70 -63 
-69 -57 -64 -75 -64 
-68 -62 -65 -72 -61 
-68 -63 -62 -70 -59 
-68 -57 -64 -67 -59 
-84 -62 -61 -77 -61 
-64 -57 -68 -76 -59 
-69 -59 -62 -76 -62 
-65 -56 -61 -75 -61 
-65 -58 -61 -76 -59 
-64 -63 -66 -75 -59 
-84 -59 -62 -67 -59 
-64 -65 -63 -68 -62 
-73 -60 -68 -67 -60 
-64 -57 -62 -75 -60 
-83 -61 -68 -67 -60 
-78 -61 -64 -71 -61 
-64 -61 -67 -74 -64 
-64 -59 -66 -74 -61 
-64 -62 -66 -71 -59 
-64 -70 -67 -75 -64 
-85 -70 -64 -76 -60 
-63 -63 -67 -72 -65 
-79 -57 -67 -78 -65 
-67 -70 -66 -72 -59 
-64 -74 -64 -72 -60 
-77 -57 -68 -68 -59 
-70 -57 -64 -70 -62 
-71 -57 -68 -78 -60 
-77 -57 -62 -68 -60 
-70 -58 -64 -73 -60 
-70 -57 -62 -74 -63 
-75 -56 -64 -78 -60 
-71 -80 -62 -78 -62 
-69 -65 -66 -73 -59 
-74 -57 -68 -67 -60 
-63 -57 -67 -73 -63 
-72 -57 -63 -70 -61 
-63 -57 -62 -78 -64 
-63 -57 -65 -74 -61 
-63 -57 -66 -73 -60 
-64 -56 -61 -73 -65 
-67 -61 -61 -73 -59 
-75 -65 -68 -75 -59 
-63 -56 -65 -73 -59 
-70 -58 -63 -72 -62 
-64 -62 -65 -72 -59 
-68 -58 -65 -77 -65 
-63 -61 -64 -73 -60 
-64 -59 -64 -73 -58 
-63 -73 -64 -74 -58 
-76 -58 -67 -69 -59 
-66 -72 -63 -68 -58 
-63 -72 -61 -75 -57 
-67 -62 -70 -73 -63 
-64 -65 -67 -68 -62 
-77 -65 -64 -75 -60 
-64 -56 -74 -74 -60 
-66 -56 -74 -78 -59 
-83 -63 -64 -72 -59 
-65 -54 -63 -68 -58 
-71 -61 -67 -80 -62 
-66 -73 -64 -80 -64 
-69 -61 -73 -76 -61 
-71 -71 -70 -75 -60 
-68 -58 -65 -72 -62 
-69 -56 -64 -78 -62 
-76 -53 -68 -71 -62 
-74 -52 -71 -75 -59 
-69 -54 -68 -76 -59 
-68 -58 -64 -69 -59 
-70 -57 -67 -76 -64 
-64 -69 -65 -76 -57 
-65 -56 -63 -76 -70 
-69 -58 -65 -72 -57 
-69 -75 -64 -74 -64 
-68 -56 -65 -76 -52 
-68 -69 -63 -74 -63 
-63 -55 -66 -76 -52 
-64 -74 -66 -71 -63 
-64 -64 -65 -70 -52 
-63 -54 -64 -70 -55 
-65 -54 -65 -73 -62 
-64 -70 -70 -75 -62 
-67 -59 -64 -75 -62 
-65 -54 -73 -71 -60 
-66 -54 -63 -71 -61 
-66 -53 -63 -72 -62 
-63 -53 -64 -70 -59 
-66 -54 -63 -74 -62 
-64 -58 -65 -73 -62 
-65 -78 -62 -73 -52 
-68 -72 -65 -73 -52 
-67 -56 -66 -75 -57 
-66 -53 -64 -74 -56 
-69 -56 -66 -72 -60 
-68 -56 -65 -72 -58 
-68 -65 -63 -70 -61 
-73 -57 -63 -72 -62 
-73 -61 -70 -73 -60 
-73 -54 -69 -73 -62 
-71 -54 -64 -72 -59 
-68 -69 -65 -73 -62 
-74 -70 -69 -80 -61 
-64 -54 -65 -82 -59 
-79 -68 -64 -68 -63 
-64 -54 -64 -68 -58 
-67 -60 -67 -71 -60 
-64 -53 -64 -68 -58 
-68 -69 -63 -82 -64 
-73 -56 -63 -70 -60 
-64 -56 -68 -80 -58 
-64 -53 -61 -72 -65 
-75 -54 -73 -70 -64 
-64 -54 -64 -72 -61 
-71 -55 -64 -72 -62 
-66 -54 -63 -70 -58 
-65 -56 -64 -69 -69 
-65 -54 -64 -70 -60 
-65 -54 -62 -70 -57 
-66 -55 -64 -80 -77 
-73 -54 -63 -71 -60 
-66 -54 -63 -81 -75 
-70 -54 -65 -70 -59 
-66 -68 -65 -70 -70 
-65 -58 -65 -70 -56 
-68 -66 -72 -69 -57 
-63 -56 -64 -72 -56 
-63 -64 -65 -69 -59 
-65 -58 -61 -70 -55 
-64 -54 -67 -71 -60 
-68 -54 -66 -70 -65 
-66 -59 -61 -71 -57 
-66 -52 -63 -72 -65 
-68 -59 -63 -72 -54 
-64 -56 -65 -74 -56 
-65 -58 -61 -72 -59 
-61 -65 -61 -72 -59 
-63 -58 -64 -74 -58 
-63 -56 -62 -72 -55 
-62 -58 -67 -72 -53 
-67 -54 -59 -72 -53 
-63 -72 -62 -72 -58 
-65 -54 -66 -72 -52 
-61 -66 -71 -75 -53 
-64 -54 -67 -73 -58 
-66 -53 -66 -73 -53 
-70 -53 -66 -74 -58 
-66 -60 -63 -73 -56 
-68 -54 -66 -70 -63 
-69 -54 -66 -72 -57 
-66 -65 -77 -70 -65 
-68 -55 -76 -72 -57 
-66 -55 -65 -72 -67 
-65 -68 -64 -80 -67 
-64 -61 -62 -75 -59 
-65 -63 -74 -72 -60 
-63 -53 -75 -83 -63 
-65 -59 -65 -72 -58 
-63 -52 -69 -72 -59 
-71 -61 -64 -69 -56 
-65 -52 -69 -72 -56 
-63 -57 -61 -69 -62 
-66 -53 -68 -72 -57 
-71 -61 -67 -70 -65 
-63 -59 -61 -70 -65 
-66 -55 -63 -71 -68 
-69 -68 -62 -72 -58 
-78 -57 -66 -70 -70 
-78 -72 -65 -69 -56 
-75 -55 -73 -74 -66 
-65 -71 -66 -74 -56 
-66 -54 -63 -78 -56 
-66 -58 -66 -84 -59 
-65 -54 -64 -88 -60 
-65 -57 -65 -89 -56 
-71 -53 -65 -75 -55 
-64 -56 -65 -76 -63 
-66 -56 -65 -75 -62 
-68 -56 -65 -75 -59 
-69 -59 -64 -72 -54 
-65 -57 -64 -77 -61 
-64 -60 -77 -82 -57 
-68 -56 -67 -84 -64 
-63 -59 -65 -83 -65 
-68 -56 -77 -80 -57 
-63 -57 -64 -80 -53 
-65 -55 -67 -69 -53 
-62 -56 -67 -78 -60 
-66 -56 -63 -69 -54 
-66 -55 -66 -75 -60 
-68 -63 -64 -75 -54 
-64 -63 -78 -75 -64 
-65 -55 -64 -76 -59 
-63 -55 -65 -75 -57 
-63 -60 -71 -73 -54 
-63 -58 -64 -72 -54 
-63 -54 -71 -72 -53 
-68 -59 -61 -73 -53 
-63 -67 -64 -69 -53 
-65 -54 -60 -78 -53 
-63 -66 -65 -71 -60 
-64 -61 -63 -74 -57 
-68 -62 -61 -78 -60 
-63 -57 -64 -73 -60 
-74 -54 -64 -73 -58 
-70 -53 -72 -71 -58 
-67 -54 -65 -73 -57 
-67 -77 -73 -71 -65 
-66 -62 -71 -72 -58 
-64 -57 -71 -72 -66 
-67 -60 -64 -71 -60 
-74 -57 -64 -69 -59 
-66 -57 -69 -70 -68 
-66 -57 -65 -67 -57 
-65 -56 -69 -79 -68 
-71 -54 -61 -77 -66 
-68 -57 -66 -84 -60 
-66 -55 -64 -83 -56 
-65 -69 -75 -79 -64 
-66 -52 -64 -81 -58 
-70 -68 -76 -79 -56 
-65 -62 -69 -79 -59 
-76 -53 -65 -70 -59 
-65 -72 -65 -70 -58 
-70 -54 -63 -77 -58 
-65 -59 -63 -69 -56 
-64 -63 -64 -82 -60 
-69 -60 -67 -72 -59 
-66 -54 -65 -72 -67 
-67 -57 -78 -69 -58 
-67 -53 -63 -69 -66 
-67 -69 -64 -76 -61 
-67 -54 -72 -89 -66 
-69 -57 -66 -68 -65 
-67 -53 -62 -74 -66 
