338 4
-59 -54 -63 -75 -59 
-59 -56 -63 -75 -60 
-59 -60 -62 -74 -60 
-59 -53 -64 -68 -69 
-57 -55 -72 -71 -67 
-59 -52 -62 -73 -67 
-58 -61 -61 -72 -69 
-60 -56 -67 -74 -73 
-58 -58 -74 -72 -59 
-57 -66 -70 -73 -60 
-58 -55 -59 -73 -59 
-58 -62 -66 -73 -65 
-59 -55 -74 -68 -66 
-62 -56 -73 -72 -59 
-58 -55 -60 -70 -66 
-56 -50 -60 -71 -64 
-57 -55 -59 -69 -60 
-62 -50 -60 -70 -69 
-59 -63 -64 -70 -66 
-56 -55 -59 -68 -62 
-62 -54 -60 -70 -66 
-63 -67 -60 -67 -64 
-65 -71 -61 -63 -72 
-72 -61 -63 -72 -63 
-71 -60 -78 -71 -63 
-69 -51 -59 -70 -61 
-64 -63 -62 -62 -59 
-74 -55 -70 -63 -63 
-62 -68 -63 -68 -59 
-71 -57 -66 -67 -62 
-71 -60 -60 -64 -63 
-71 -55 -69 -63 -69 
-65 -55 -60 -82 -64 
-65 -58 -59 -70 -66 
-57 -70 -60 -74 -72 
-58 -52 -59 -69 -73 
-59 -52 -60 -68 -68 
-59 -57 -72 -68 -62 
-62 -55 -65 -71 -63 
-57 -53 -83 -71 -69 
-58 -56 -63 -69 -66 
-60 -55 -66 -69 -65 
-61 -68 -65 -68 -65 
-60 -54 -58 -68 -67 
-62 -69 -71 -69 -68 
-59 -59 -67 -67 -64 
-60 -64 -69 -67 -64 
-62 -69 -72 -71 -64 
-59 -59 -65 -70 -66 
-61 -59 -71 -74 -64 
-59 -62 -65 -70 -67 
-58 -60 -65 -72 -66 
-59 -57 -63 -72 -67 
-59 -54 -70 -74 -66 
-59 -58 -60 -70 -60 
-60 -64 -71 -64 -62 
-62 -57 -70 -67 -62 
-63 -52 -69 -67 -78 
-65 -66 -69 -74 -76 
-74 -53 -68 -73 -64 
-65 -72 -77 -69 -73 
-63 -59 -67 -62 -67 
-65 -52 -67 -71 -60 
-66 -66 -69 -65 -68 
-65 -52 -61 -61 -63 
-63 -64 -68 -62 -65 
-77 -53 -70 -64 -62 
-65 -53 -64 -64 -62 
-60 -66 -72 -63 -60 
-67 -53 -63 -63 -60 
-63 -52 -71 -67 -61 
-63 -63 -60 -64 -58 
-63 -57 -62 -65 -56 
-79 -65 -73 -71 -57 
-73 -70 -72 -64 -58 
-75 -56 -66 -62 -59 
-76 -53 -75 -65 -57 
-60 -66 -59 -62 -58 
-80 -54 -60 -71 -57 
-78 -52 -72 -71 -57 
-79 -70 -73 -64 -59 
-75 -53 -71 -66 -59 
-59 -65 -71 -68 -57 
-74 -53 -60 -64 -58 
-65 -70 -75 -64 -57 
-73 -56 -63 -64 -57 
-58 -51 -71 -68 -58 
-70 -53 -73 -68 -58 
-59 -56 -74 -75 -61 
-78 -54 -60 -67 -59 
-59 -63 -60 -71 -59 
-61 -64 -60 -71 -59 
-64 -55 -72 -75 -58 
-59 -54 -80 -62 -58 
-64 -52 -59 -71 -65 
-66 -63 -63 -70 -59 
-69 -54 -67 -73 -59 
-65 -57 -61 -61 -60 
-61 -59 -74 -65 -60 
-70 -56 -67 -67 -64 
-68 -56 -70 -68 -60 
-65 -61 -63 -60 -66 
-65 -55 -67 -67 -66 
-63 -55 -65 -69 -64 
-62 -55 -61 -62 -67 
-66 -59 -65 -62 -74 
-62 -54 -69 -71 -70 
-64 -52 -75 -76 -70 
-67 -55 -68 -71 -65 
-68 -53 -77 -61 -65 
-73 -59 -73 -66 -64 
-73 -57 -60 -62 -59 
-60 -66 -60 -71 -63 
-65 -58 -59 -62 -61 
-73 -68 -80 -69 -61 
-65 -53 -59 -61 -62 
-72 -68 -66 -67 -62 
-73 -54 -59 -61 -62 
-70 -52 -81 -68 -63 
-60 -56 -81 -69 -61 
-72 -54 -81 -62 -63 
-67 -56 -72 -68 -63 
-62 -56 -72 -62 -64 
-64 -58 -68 -68 -66 
-62 -57 -59 -72 -64 
-62 -66 -59 -75 -67 
-61 -58 -71 -67 -64 
-62 -55 -67 -76 -66 
-68 -54 -70 -67 -84 
-62 -60 -61 -70 -64 
-74 -56 -67 -64 -69 
-69 -57 -66 -69 -62 
-69 -60 -67 -64 -62 
-69 -52 -73 -63 -63 
-72 -58 -73 -77 -63 
-68 -55 -69 -63 -71 
-62 -53 -60 -77 -73 
-68 -62 -72 -63 -74 
-69 -52 -72 -76 -75 
-70 -60 -66 -65 -68 
-70 -52 -61 -75 -72 
-66 -62 -65 -64 -66 
-63 -53 -72 -64 -70 
-64 -54 -60 -74 -66 
-71 -53 -68 -68 -71 
-71 -54 -68 -67 -73 
-63 -53 -73 -63 -66 
-67 -61 -64 -63 -68 
-62 -55 -61 -75 -66 
-66 -56 -73 -74 -78 
-63 -61 -60 -74 -75 
-62 -67 -70 -74 -65 
-68 -60 -70 -71 -67 
-63 -57 -73 -72 -66 
-61 -70 -70 -71 -68 
-66 -57 -78 -72 -71 
-62 -56 -70 -69 -72 
-69 -56 -76 -68 -76 
-60 -60 -73 -66 -75 
-57 -61 -70 -66 -73 
-60 -54 -61 -73 -68 
-70 -54 -80 -69 -75 
-60 -54 -60 -73 -68 
-64 -54 -74 -67 -68 
-63 -54 -60 -68 -68 
-58 -66 -67 -72 -74 
-57 -69 -60 -69 -68 
-59 -59 -65 -68 -68 
-60 -55 -60 -68 -68 
-59 -68 -59 -77 -68 
-58 -58 -74 -71 -69 
-58 -69 -80 -75 -69 
-61 -56 -60 -70 -68 
-61 -56 -83 -71 -70 
-69 -56 -77 -70 -70 
-58 -56 -77 -68 -72 
-69 -56 -61 -70 -68 
-60 -61 -71 -70 -69 
-58 -54 -78 -70 -75 
-65 -64 -66 -72 -78 
-60 -53 -78 -69 -77 
-60 -70 -66 -73 -68 
-72 -54 -78 -68 -75 
-63 -61 -78 -69 -65 
-71 -69 -67 -72 -76 
-61 -54 -61 -67 -77 
-60 -61 -73 -69 -65 
-59 -69 -80 -72 -67 
-59 -54 -62 -69 -77 
-61 -69 -79 -69 -66 
-66 -58 -61 -71 -74 
-72 -68 -61 -72 -78 
-67 -54 -74 -71 -78 
-61 -69 -71 -69 -78 
-61 -54 -61 -72 -68 
-65 -59 -75 -74 -77 
-66 -54 -74 -70 -71 
-58 -56 -62 -73 -66 
-58 -62 -66 -71 -67 
-58 -68 -62 -68 -76 
-66 -54 -63 -68 -71 
-60 -69 -63 -69 -67 
-70 -54 -78 -69 -75 
-61 -69 -78 -73 -68 
-59 -53 -68 -69 -74 
-58 -54 -63 -68 -67 
-58 -69 -67 -69 -67 
-60 -53 -77 -69 -68 
-71 -69 -66 -72 -67 
-61 -54 -64 -69 -79 
-61 -54 -77 -71 -66 
-72 -54 -63 -72 -78 
-59 -63 -78 -69 -79 
-62 -54 -64 -69 -68 
-83 -68 -67 -68 -67 
-71 -61 -63 -68 -68 
-60 -54 -79 -68 -72 
-62 -69 -79 -69 -76 
-58 -53 -64 -69 -68 
-59 -69 -81 -72 -66 
-61 -54 -63 -74 -68 
-58 -54 -79 -67 -65 
-62 -54 -79 -75 -68 
-80 -69 -61 -69 -68 
-63 -54 -70 -68 -71 
-72 -54 -62 -69 -67 
-57 -54 -70 -69 -75 
-58 -61 -63 -69 -67 
-57 -65 -69 -68 -67 
-58 -70 -81 -68 -68 
-57 -71 -76 -69 -67 
-62 -71 -62 -69 -66 
-58 -62 -62 -70 -66 
-57 -70 -68 -72 -66 
-71 -70 -62 -69 -65 
-61 -54 -62 -73 -67 
-69 -53 -81 -69 -67 
-71 -54 -62 -68 -65 
-58 -54 -62 -72 -66 
-56 -69 -62 -69 -68 
-71 -69 -69 -74 -70 
-66 -59 -60 -72 -65 
-61 -71 -70 -69 -65 
-73 -63 -72 -73 -70 
-72 -56 -72 -74 -75 
-61 -70 -61 -68 -70 
-71 -54 -80 -69 -75 
-59 -54 -61 -70 -77 
-61 -70 -81 -72 -77 
-66 -70 -62 -69 -67 
-59 -57 -62 -68 -68 
-59 -54 -65 -68 -68 
-61 -54 -63 -72 -73 
-64 -64 -75 -71 -70 
-62 -71 -75 -69 -69 
-74 -63 -73 -68 -68 
-60 -53 -71 -68 -68 
-62 -53 -68 -68 -68 
-72 -53 -74 -69 -65 
-62 -53 -63 -66 -65 
-62 -54 -77 -70 -67 
-70 -53 -61 -70 -64 
-61 -53 -78 -66 -66 
-72 -54 -74 -71 -63 
-66 -54 -74 -68 -66 
-73 -55 -71 -70 -64 
-59 -68 -71 -61 -67 
-60 -51 -63 -71 -65 
-72 -55 -70 -70 -61 
-72 -54 -73 -66 -61 
-59 -52 -60 -66 -63 
-74 -62 -75 -65 -60 
-75 -53 -64 -65 -65 
-73 -62 -71 -63 -68 
-67 -58 -65 -65 -63 
-61 -59 -75 -65 -61 
-65 -64 -60 -65 -63 
-75 -54 -60 -63 -65 
-70 -57 -60 -68 -62 
-76 -53 -61 -67 -63 
-59 -57 -74 -68 -63 
-70 -77 -76 -64 -64 
-67 -56 -77 -71 -65 
-62 -71 -60 -63 -65 
-62 -54 -75 -62 -64 
-72 -69 -72 -64 -69 
-73 -66 -68 -70 -68 
-81 -58 -71 -65 -68 
-67 -68 -71 -70 -68 
-65 -56 -60 -71 -67 
-69 -55 -67 -73 -68 
-70 -54 -64 -74 -71 
-71 -67 -66 -65 -76 
-78 -53 -62 -73 -77 
-79 -54 -67 -72 -69 
-67 -57 -68 -69 -68 
-67 -54 -62 -64 -69 
-68 -52 -65 -63 -68 
-67 -52 -63 -64 -65 
-72 -68 -63 -64 -70 
-72 -61 -67 -64 -66 
-69 -53 -72 -72 -71 
-69 -71 -62 -63 -72 
-68 -72 -66 -73 -70 
-69 -72 -68 -65 -74 
-68 -72 -72 -63 -67 
-70 -52 -63 -63 -66 
-68 -62 -62 -64 -70 
-74 -70 -65 -63 -72 
-78 -56 -66 -69 -75 
-71 -56 -63 -63 -72 
-69 -71 -66 -64 -66 
-75 -55 -71 -65 -66 
-70 -70 -67 -63 -69 
-68 -54 -66 -64 -67 
-76 -54 -70 -64 -76 
-68 -71 -67 -64 -67 
-68 -53 -69 -64 -69 
-69 -71 -67 -64 -70 
-69 -54 -71 -64 -66 
-67 -71 -70 -62 -71 
-76 -72 -67 -64 -76 
-67 -53 -70 -64 -69 
-75 -71 -62 -74 -71 
-76 -55 -70 -63 -75 
-77 -56 -67 -74 -67 
-77 -71 -62 -63 -75 
-67 -55 -62 -73 -69 
-75 -61 -62 -66 -71 
-69 -71 -61 -68 -68 
-68 -61 -61 -73 -67 
-71 -55 -63 -73 -71 
-69 -52 -65 -74 -75 
-78 -56 -68 -63 -67 
-78 -64 -71 -63 -73 
-71 -73 -69 -64 -67 
-67 -73 -61 -63 -71 
-73 -64 -65 -69 -72 
