373 8
-69 -59 -63 -65 -59 
-71 -59 -65 -65 -59 
-71 -63 -65 -65 -59 
-70 -58 -64 -66 -56 
-71 -60 -64 -68 -56 
-70 -59 -65 -65 -56 
-70 -61 -63 -66 -57 
-70 -63 -65 -66 -59 
-70 -58 -64 -65 -56 
-71 -63 -64 -66 -56 
-69 -58 -63 -65 -62 
-71 -60 -64 -65 -58 
-69 -61 -66 -68 -61 
-71 -61 -63 -65 -61 
-70 -60 -64 -65 -54 
-70 -60 -64 -64 -54 
-76 -60 -64 -64 -54 
-76 -62 -64 -65 -52 
-74 -62 -65 -70 -59 
-74 -58 -65 -69 -53 
-74 -64 -66 -65 -56 
-76 -60 -66 -65 -60 
-70 -61 -65 -67 -61 
-66 -66 -63 -64 -61 
-66 -59 -70 -64 -56 
-71 -59 -66 -68 -56 
-69 -63 -64 -66 -53 
-78 -63 -67 -64 -61 
-75 -60 -64 -64 -59 
-69 -60 -65 -69 -58 
-71 -58 -64 -64 -56 
-71 -60 -64 -63 -53 
-82 -58 -63 -72 -52 
-77 -58 -64 -64 -54 
-78 -58 -65 -73 -56 
-75 -62 -65 -67 -54 
-74 -64 -65 -72 -58 
-72 -60 -64 -65 -52 
-71 -63 -66 -65 -55 
-75 -62 -65 -68 -55 
-68 -63 -66 -65 -56 
-67 -63 -65 -66 -59 
-67 -63 -63 -68 -63 
-68 -61 -64 -66 -60 
-60 -64 -63 -66 -63 
-61 -64 -64 -66 -60 
-59 -64 -67 -66 -59 
-61 -59 -64 -67 -59 
-62 -59 -64 -65 -59 
-57 -60 -64 -65 -64 
-57 -63 -65 -69 -57 
-60 -59 -65 -68 -64 
-56 -60 -64 -67 -59 
-58 -61 -64 -65 -58 
-56 -61 -64 -70 -58 
-59 -61 -64 -65 -59 
-56 -61 -66 -69 -60 
-59 -58 -63 -65 -60 
-58 -61 -65 -66 -62 
-57 -60 -69 -66 -62 
-59 -56 -67 -68 -62 
-58 -60 -64 -65 -63 
-57 -60 -66 -64 -63 
-58 -60 -67 -64 -64 
-58 -63 -68 -64 -65 
-54 -62 -64 -65 -65 
-56 -59 -63 -66 -71 
-55 -56 -64 -65 -71 
-57 -60 -65 -66 -71 
-59 -62 -64 -66 -68 
-56 -62 -65 -65 -67 
-57 -57 -67 -65 -59 
-58 -63 -67 -68 -64 
-55 -58 -62 -64 -62 
-58 -61 -62 -66 -63 
-57 -58 -61 -64 -61 
-58 -62 -61 -65 -59 
-58 -58 -66 -64 -64 
-58 -61 -62 -64 -59 
-56 -59 -62 -64 -60 
-56 -62 -62 -64 -64 
-58 -61 -66 -64 -61 
-57 -61 -63 -64 -62 
-56 -63 -63 -64 -62 
-57 -57 -64 -64 -62 
-54 -57 -63 -67 -59 
-55 -61 -63 -66 -66 
-57 -63 -63 -64 -66 
-57 -58 -63 -66 -66 
-58 -60 -64 -64 -66 
-58 -62 -64 -66 -64 
-56 -60 -64 -65 -67 
-57 -60 -64 -65 -62 
-58 -60 -63 -66 -67 
-57 -58 -65 -66 -62 
-57 -61 -65 -64 -62 
-58 -59 -63 -64 -69 
-56 -58 -63 -64 -81 
-58 -58 -65 -63 -72 
-59 -60 -64 -63 -74 
-56 -60 -67 -65 -74 
-57 -64 -67 -65 -79 
-58 -62 -68 -66 -69 
-58 -62 -64 -64 -63 
-57 -63 -64 -65 -63 
-58 -62 -68 -66 -63 
-58 -62 -65 -66 -76 
-57 -58 -63 -66 -68 
-58 -58 -69 -66 -68 
-58 -62 -62 -65 -68 
-58 -61 -65 -68 -68 
-59 -61 -65 -65 -62 
-57 -61 -64 -67 -63 
-57 -56 -68 -68 -69 
-56 -59 -63 -67 -62 
-55 -59 -64 -63 -61 
-59 -63 -66 -65 -63 
-62 -61 -66 -68 -78 
-62 -57 -65 -68 -63 
-63 -63 -64 -66 -63 
-63 -59 -64 -64 -67 
-64 -65 -65 -65 -66 
-64 -58 -66 -65 -61 
-63 -60 -66 -67 -66 
-61 -59 -66 -65 -62 
-62 -63 -66 -65 -62 
-61 -60 -63 -65 -65 
-61 -59 -66 -63 -63 
-58 -62 -66 -64 -64 
-60 -61 -63 -65 -61 
-59 -62 -67 -69 -62 
-58 -62 -66 -64 -60 
-58 -61 -64 -69 -58 
-59 -60 -67 -63 -58 
-58 -60 -66 -67 -55 
-58 -60 -66 -67 -60 
-59 -61 -65 -65 -54 
-59 -59 -65 -65 -58 
-62 -62 -65 -65 -56 
-60 -62 -67 -64 -62 
-63 -61 -64 -64 -53 
-62 -62 -67 -64 -54 
-69 -59 -67 -64 -60 
-66 -60 -65 -64 -61 
-69 -59 -65 -64 -56 
-65 -64 -65 -68 -60 
-69 -60 -66 -63 -60 
-71 -62 -66 -69 -60 
-72 -60 -67 -64 -54 
-68 -59 -65 -73 -61 
-70 -60 -65 -69 -55 
-70 -64 -65 -65 -55 
-70 -61 -65 -65 -57 
-69 -60 -65 -65 -53 
-69 -60 -66 -64 -60 
-71 -59 -65 -71 -60 
-71 -61 -66 -64 -53 
-68 -59 -65 -63 -56 
-69 -63 -66 -63 -61 
-69 -61 -65 -74 -56 
-70 -61 -66 -64 -62 
-69 -59 -65 -64 -61 
-69 -61 -66 -64 -54 
-72 -61 -65 -65 -59 
-72 -59 -65 -65 -59 
-72 -62 -65 -65 -62 
-69 -61 -65 -69 -58 
-70 -61 -65 -65 -59 
-69 -64 -66 -64 -54 
-70 -59 -65 -66 -56 
-70 -65 -66 -65 -62 
-69 -59 -65 -65 -61 
-69 -61 -66 -71 -53 
-73 -59 -65 -65 -61 
-69 -59 -65 -66 -55 
-69 -59 -65 -65 -57 
-74 -59 -67 -72 -53 
-69 -66 -67 -63 -59 
-77 -66 -66 -72 -53 
-70 -61 -65 -65 -56 
-74 -62 -64 -67 -53 
-75 -65 -65 -68 -59 
-75 -59 -65 -63 -53 
-75 -59 -64 -63 -56 
-76 -64 -64 -72 -62 
-76 -59 -67 -64 -52 
-79 -65 -66 -65 -54 
-75 -60 -65 -70 -52 
-76 -63 -65 -70 -57 
-71 -60 -65 -64 -57 
-76 -60 -64 -71 -63 
-69 -63 -65 -63 -58 
-69 -63 -64 -68 -54 
-69 -64 -65 -63 -62 
-72 -61 -65 -70 -56 
-67 -63 -64 -63 -60 
-67 -61 -65 -63 -61 
-69 -63 -65 -71 -62 
-68 -62 -65 -67 -56 
-69 -66 -66 -64 -54 
-68 -59 -66 -63 -57 
-70 -59 -66 -66 -56 
-69 -60 -65 -63 -53 
-71 -60 -64 -66 -58 
-79 -60 -64 -68 -54 
-80 -64 -65 -68 -54 
-75 -65 -64 -65 -53 
-71 -64 -65 -65 -56 
-80 -67 -65 -66 -56 
-71 -63 -66 -64 -56 
-71 -64 -65 -64 -54 
-76 -62 -65 -64 -55 
-87 -62 -67 -64 -56 
-78 -61 -66 -67 -57 
-70 -61 -68 -65 -57 
-76 -62 -65 -64 -62 
-70 -60 -64 -66 -62 
-69 -60 -62 -70 -60 
-63 -61 -62 -64 -66 
-59 -63 -66 -66 -60 
-60 -60 -68 -66 -81 
-57 -59 -66 -65 -59 
-57 -60 -67 -66 -58 
-57 -59 -66 -64 -60 
-59 -59 -65 -67 -59 
-58 -58 -64 -64 -59 
-59 -59 -65 -64 -60 
-58 -60 -65 -64 -59 
-56 -60 -66 -64 -65 
-58 -59 -66 -66 -60 
-57 -60 -65 -66 -62 
-56 -61 -66 -66 -59 
-56 -61 -64 -64 -65 
-57 -61 -62 -65 -60 
-57 -61 -66 -67 -66 
-56 -62 -63 -66 -64 
-58 -62 -63 -66 -59 
-58 -61 -63 -64 -68 
-59 -61 -65 -66 -59 
-59 -60 -65 -65 -67 
-59 -59 -64 -69 -59 
-60 -60 -63 -67 -67 
-61 -62 -64 -67 -65 
-61 -59 -67 -66 -71 
-57 -58 -66 -66 -60 
-60 -59 -67 -65 -61 
-57 -62 -63 -65 -60 
-59 -60 -63 -64 -65 
-60 -61 -62 -66 -61 
-60 -60 -65 -67 -64 
-62 -62 -66 -66 -63 
-65 -59 -62 -66 -68 
-62 -64 -67 -66 -60 
-63 -59 -63 -67 -71 
-62 -60 -63 -64 -63 
-62 -60 -67 -65 -79 
-60 -59 -65 -64 -70 
-58 -59 -64 -65 -60 
-57 -58 -65 -66 -59 
-59 -59 -65 -66 -63 
-58 -59 -65 -66 -65 
-58 -59 -65 -70 -62 
-56 -59 -65 -70 -70 
-57 -59 -65 -67 -67 
-59 -59 -64 -68 -65 
-56 -60 -65 -67 -70 
-57 -59 -65 -65 -60 
-55 -58 -64 -66 -61 
-58 -58 -64 -66 -62 
-56 -60 -64 -63 -66 
-57 -59 -61 -63 -72 
-59 -58 -67 -65 -65 
-57 -58 -62 -66 -67 
-59 -61 -63 -65 -61 
-57 -60 -63 -69 -63 
-59 -59 -65 -65 -57 
-57 -58 -65 -64 -57 
-58 -62 -65 -64 -58 
-58 -58 -66 -65 -58 
-58 -63 -65 -67 -58 
-58 -58 -66 -64 -61 
-62 -61 -66 -69 -53 
-61 -60 -64 -69 -57 
-66 -61 -67 -66 -54 
-66 -62 -65 -64 -61 
-82 -61 -64 -72 -53 
-74 -60 -66 -64 -52 
-74 -69 -65 -64 -59 
-71 -61 -65 -67 -56 
-75 -60 -64 -65 -54 
-75 -65 -64 -65 -59 
-71 -59 -66 -63 -51 
-79 -61 -65 -63 -54 
-70 -64 -65 -68 -56 
-69 -61 -66 -71 -56 
-73 -61 -66 -66 -58 
-72 -64 -65 -73 -64 
-74 -63 -65 -65 -54 
-67 -61 -66 -67 -56 
-67 -61 -65 -70 -58 
-63 -59 -64 -64 -54 
-62 -60 -65 -69 -56 
-62 -60 -65 -65 -52 
-62 -60 -66 -63 -52 
-59 -60 -66 -63 -54 
-59 -61 -66 -65 -56 
-59 -60 -64 -67 -54 
-60 -62 -65 -63 -54 
-58 -65 -65 -63 -60 
-59 -59 -65 -70 -60 
-61 -59 -65 -68 -54 
-61 -61 -67 -65 -63 
-62 -59 -65 -65 -54 
-65 -62 -66 -65 -61 
-77 -63 -66 -64 -61 
-80 -63 -65 -69 -60 
-80 -59 -65 -63 -56 
-83 -59 -65 -70 -59 
-72 -59 -64 -70 -53 
-70 -59 -64 -63 -57 
-63 -59 -65 -64 -57 
-62 -59 -65 -65 -60 
-61 -60 -65 -63 -57 
-57 -59 -64 -64 -57 
-60 -59 -66 -64 -59 
-57 -59 -65 -64 -63 
-58 -59 -66 -68 -61 
-56 -61 -63 -64 -60 
-56 -59 -66 -69 -63 
-59 -60 -63 -63 -62 
-60 -60 -62 -63 -65 
-56 -61 -62 -69 -65 
-59 -60 -65 -67 -64 
-59 -60 -64 -63 -64 
-59 -61 -65 -68 -64 
-59 -62 -64 -64 -64 
-57 -62 -67 -68 -62 
-58 -62 -65 -67 -65 
-55 -59 -66 -67 -69 
-59 -62 -66 -68 -60 
-60 -62 -68 -65 -65 
-60 -61 -66 -70 -61 
-64 -63 -65 -64 -61 
-65 -66 -67 -64 -58 
-65 -60 -66 -65 -60 
-69 -65 -66 -65 -62 
-69 -59 -66 -65 -60 
-69 -61 -66 -65 -61 
-66 -58 -66 -65 -59 
-66 -64 -68 -62 -65 
-63 -59 -64 -64 -62 
-61 -62 -63 -63 -60 
-63 -59 -65 -67 -63 
-61 -62 -62 -64 -60 
-63 -59 -65 -68 -60 
-61 -59 -63 -64 -63 
-63 -59 -65 -64 -61 
-61 -59 -65 -64 -63 
-61 -63 -65 -64 -60 
-65 -58 -65 -64 -62 
-62 -58 -65 -65 -59 
-62 -58 -65 -64 -59 
-64 -59 -66 -65 -62 
-64 -63 -65 -64 -59 
-63 -64 -62 -64 -61 
-63 -61 -65 -63 -59 
-64 -59 -62 -64 -59 
-65 -64 -62 -62 -59 
-63 -63 -66 -66 -59 
-63 -62 -62 -65 -61 
-63 -59 -62 -64 -59 
-64 -59 -65 -63 -62 
-65 -59 -67 -64 -60 
