376 10
-63 -66 -66 -65 -68 
-61 -66 -81 -61 -60 
-61 -59 -65 -63 -59 
-64 -61 -68 -64 -65 
-67 -60 -80 -60 -61 
-63 -63 -78 -62 -72 
-68 -59 -68 -61 -65 
-66 -60 -63 -61 -63 
-63 -65 -63 -62 -62 
-69 -60 -63 -62 -62 
-67 -67 -64 -61 -62 
-65 -56 -62 -63 -62 
-65 -66 -62 -63 -61 
-66 -57 -64 -61 -62 
-61 -57 -64 -64 -62 
-68 -57 -81 -59 -63 
-69 -57 -63 -62 -63 
-60 -57 -85 -59 -65 
-67 -56 -62 -62 -63 
-63 -57 -87 -64 -66 
-65 -62 -62 -62 -65 
-64 -65 -63 -63 -65 
-64 -66 -63 -60 -63 
-65 -65 -72 -63 -63 
-65 -67 -63 -60 -75 
-63 -68 -77 -62 -63 
-63 -64 -83 -64 -66 
-63 -67 -64 -64 -66 
-65 -62 -64 -62 -64 
-63 -62 -64 -63 -63 
-67 -62 -63 -61 -63 
-63 -62 -64 -61 -66 
-66 -62 -63 -64 -63 
-64 -63 -68 -63 -64 
-64 -62 -68 -65 -63 
-63 -62 -64 -60 -61 
-62 -68 -63 -65 -63 
-65 -62 -63 -59 -60 
-64 -63 -67 -61 -62 
-61 -62 -75 -64 -64 
-62 -64 -64 -60 -61 
-61 -64 -64 -65 -63 
-62 -62 -64 -60 -69 
-61 -64 -63 -64 -64 
-63 -60 -63 -62 -67 
-62 -62 -64 -64 -70 
-62 -66 -63 -62 -59 
-64 -61 -71 -61 -62 
-64 -64 -80 -62 -65 
-63 -63 -65 -62 -62 
-63 -60 -65 -63 -62 
-61 -66 -63 -58 -62 
-61 -60 -85 -62 -62 
-62 -65 -65 -62 -58 
-62 -64 -66 -60 -65 
-59 -64 -80 -62 -60 
-62 -66 -68 -62 -60 
-60 -68 -62 -63 -61 
-62 -68 -64 -60 -60 
-61 -58 -64 -65 -62 
-62 -66 -64 -61 -59 
-63 -57 -64 -63 -63 
-61 -57 -65 -59 -60 
-62 -68 -65 -62 -59 
-62 -70 -65 -62 -63 
-61 -68 -66 -63 -59 
-64 -73 -72 -60 -65 
-64 -67 -66 -66 -59 
-63 -71 -75 -62 -67 
-63 -64 -66 -61 -63 
-61 -68 -69 -57 -62 
-63 -65 -84 -62 -63 
-61 -67 -82 -59 -62 
-63 -58 -82 -63 -63 
-60 -63 -62 -61 -62 
-61 -70 -63 -61 -62 
-63 -63 -86 -61 -62 
-61 -57 -63 -62 -62 
-61 -61 -63 -62 -63 
-62 -63 -85 -59 -62 
-61 -57 -57 -62 -66 
-60 -61 -62 -56 -62 
-62 -59 -71 -63 -63 
-61 -58 -73 -59 -66 
-62 -67 -62 -61 -64 
-60 -67 -62 -62 -63 
-64 -59 -65 -62 -63 
-62 -65 -61 -62 -62 
-62 -59 -61 -60 -64 
-62 -62 -63 -61 -64 
-62 -60 -66 -59 -64 
-64 -60 -63 -61 -64 
-64 -68 -66 -60 -63 
-61 -61 -74 -61 -62 
-62 -64 -66 -61 -63 
-61 -61 -66 -62 -66 
-62 -68 -64 -64 -64 
-62 -62 -65 -61 -66 
-61 -67 -85 -61 -64 
-62 -61 -65 -61 -69 
-62 -63 -64 -64 -66 
-63 -63 -63 -63 -62 
-63 -62 -78 -65 -69 
-62 -67 -78 -62 -62 
-62 -64 -63 -63 -62 
-63 -66 -75 -62 -63 
-62 -62 -67 -61 -62 
-67 -66 -64 -63 -64 
-63 -57 -67 -60 -66 
-62 -70 -74 -66 -64 
-61 -66 -66 -64 -72 
-69 -66 -78 -64 -62 
-64 -60 -85 -59 -61 
-64 -62 -61 -63 -62 
-67 -59 -62 -60 -62 
-64 -64 -83 -62 -62 
-68 -64 -62 -58 -61 
-64 -63 -62 -62 -64 
-67 -61 -72 -60 -65 
-63 -64 -62 -65 -58 
-64 -60 -63 -65 -62 
-64 -66 -73 -62 -61 
-65 -59 -64 -64 -61 
-65 -68 -64 -62 -59 
-62 -59 -89 -59 -61 
-66 -65 -64 -61 -61 
-60 -62 -63 -62 -60 
-68 -62 -64 -60 -62 
-68 -62 -68 -61 -61 
-69 -65 -77 -60 -67 
-65 -64 -68 -61 -63 
-64 -63 -64 -64 -70 
-64 -62 -62 -59 -62 
-65 -62 -64 -63 -62 
-63 -66 -69 -64 -61 
-61 -72 -77 -60 -60 
-63 -66 -63 -63 -64 
-62 -61 -62 -59 -60 
-62 -59 -63 -62 -57 
-63 -62 -65 -62 -57 
-63 -62 -63 -62 -56 
-61 -66 -63 -63 -59 
-64 -63 -82 -62 -72 
-63 -66 -65 -62 -57 
-62 -65 -71 -61 -64 
-61 -65 -85 -59 -62 
-62 -58 -85 -62 -59 
-61 -69 -63 -62 -72 
-62 -70 -65 -65 -58 
-63 -69 -64 -59 -58 
-63 -68 -66 -59 -59 
-62 -61 -66 -64 -60 
-62 -64 -77 -62 -62 
-63 -64 -65 -62 -61 
-64 -62 -65 -63 -59 
-65 -77 -76 -63 -58 
-63 -61 -76 -60 -60 
-63 -65 -72 -63 -63 
-61 -65 -64 -61 -59 
-60 -61 -64 -62 -63 
-60 -65 -62 -62 -61 
-61 -60 -64 -63 -59 
-60 -70 -83 -63 -59 
-63 -70 -63 -63 -62 
-59 -61 -83 -64 -60 
-64 -63 -60 -60 -60 
-60 -62 -81 -65 -73 
-62 -65 -61 -60 -61 
-60 -65 -80 -65 -72 
-63 -63 -80 -62 -73 
-59 -60 -83 -65 -73 
-63 -63 -61 -64 -61 
-66 -65 -74 -61 -60 
-65 -65 -62 -63 -67 
-66 -67 -63 -64 -61 
-62 -59 -63 -64 -59 
-60 -71 -62 -63 -84 
-63 -66 -62 -64 -59 
-60 -68 -62 -63 -75 
-64 -67 -84 -61 -59 
-60 -67 -83 -62 -73 
-60 -59 -62 -61 -58 
-69 -68 -81 -61 -77 
-65 -59 -84 -62 -68 
-65 -62 -68 -64 -57 
-68 -71 -62 -62 -58 
-63 -71 -78 -63 -79 
-64 -61 -75 -62 -58 
-61 -63 -63 -62 -57 
-65 -67 -67 -63 -58 
-67 -70 -63 -63 -57 
-66 -67 -61 -63 -83 
-64 -70 -71 -63 -57 
-67 -59 -62 -61 -57 
-60 -65 -72 -62 -57 
-64 -65 -65 -64 -57 
-60 -70 -71 -63 -57 
-69 -61 -62 -60 -57 
-65 -67 -71 -63 -57 
-68 -61 -62 -59 -57 
-64 -70 -72 -62 -71 
-63 -66 -62 -63 -57 
-63 -68 -63 -62 -57 
-68 -65 -61 -61 -58 
-60 -66 -63 -59 -57 
-68 -65 -70 -61 -57 
-64 -66 -70 -63 -57 
-61 -61 -71 -65 -56 
-62 -58 -61 -62 -72 
-61 -61 -62 -66 -56 
-63 -61 -72 -62 -61 
-64 -64 -64 -65 -58 
-59 -62 -73 -62 -69 
-62 -62 -66 -62 -66 
-63 -68 -62 -62 -61 
-60 -66 -71 -66 -70 
-63 -61 -77 -62 -63 
-62 -65 -76 -59 -62 
-61 -61 -62 -63 -64 
-60 -61 -70 -62 -64 
-61 -66 -80 -59 -64 
-61 -66 -64 -63 -60 
-60 -68 -82 -57 -62 
-60 -61 -83 -65 -62 
-60 -66 -63 -65 -61 
-59 -59 -81 -63 -63 
-60 -58 -73 -61 -61 
-60 -58 -68 -64 -66 
-60 -65 -67 -60 -61 
-61 -58 -63 -60 -70 
-60 -58 -66 -63 -63 
-61 -58 -78 -63 -67 
-65 -66 -79 -65 -64 
-65 -65 -62 -65 -64 
-65 -61 -61 -61 -60 
-66 -67 -76 -65 -61 
-62 -60 -81 -65 -60 
-63 -65 -64 -59 -60 
-61 -60 -62 -62 -60 
-62 -63 -62 -64 -60 
-65 -68 -81 -60 -60 
-65 -59 -63 -65 -62 
-61 -58 -81 -60 -60 
-66 -70 -81 -65 -74 
-62 -67 -63 -65 -61 
-62 -71 -83 -61 -61 
-62 -60 -63 -65 -75 
-65 -69 -63 -61 -63 
-61 -60 -63 -61 -57 
-65 -66 -73 -61 -60 
-68 -72 -76 -67 -60 
-63 -68 -62 -61 -59 
-67 -62 -84 -66 -67 
-65 -66 -63 -61 -67 
-65 -64 -86 -66 -60 
-66 -63 -62 -60 -60 
-61 -66 -84 -64 -61 
-65 -65 -70 -61 -59 
-65 -63 -78 -62 -61 
-66 -62 -62 -62 -61 
-66 -67 -62 -61 -61 
-66 -67 -62 -63 -62 
-65 -71 -63 -62 -62 
-60 -65 -70 -62 -64 
-66 -73 -62 -62 -64 
-62 -73 -64 -60 -62 
-69 -59 -78 -63 -69 
-64 -61 -63 -60 -62 
-62 -67 -63 -65 -63 
-61 -75 -63 -64 -65 
-61 -68 -77 -62 -63 
-61 -64 -64 -65 -62 
-64 -66 -63 -59 -62 
-61 -69 -81 -61 -61 
-61 -67 -63 -60 -63 
-60 -71 -64 -59 -62 
-62 -68 -62 -59 -63 
-60 -59 -79 -64 -63 
-60 -59 -63 -59 -63 
-62 -59 -73 -64 -63 
-61 -59 -65 -60 -61 
-62 -65 -65 -60 -65 
-62 -64 -65 -63 -62 
-62 -63 -65 -63 -63 
-61 -62 -65 -65 -64 
-58 -66 -65 -60 -62 
-61 -65 -66 -62 -67 
-61 -63 -63 -60 -63 
-62 -65 -72 -60 -68 
-61 -65 -73 -60 -64 
-61 -67 -67 -61 -62 
-62 -66 -74 -60 -58 
-62 -66 -66 -64 -61 
-65 -66 -62 -61 -63 
-62 -66 -62 -66 -64 
-67 -65 -67 -61 -62 
-66 -78 -63 -65 -62 
-65 -67 -68 -63 -65 
-65 -71 -83 -67 -63 
-66 -59 -65 -63 -67 
-65 -66 -67 -60 -67 
-65 -69 -62 -60 -62 
-65 -59 -62 -64 -60 
-66 -69 -63 -61 -60 
-66 -59 -69 -63 -60 
-65 -69 -63 -62 -60 
-66 -65 -63 -64 -67 
-66 -68 -64 -64 -60 
-67 -65 -62 -62 -65 
-67 -61 -64 -65 -60 
-65 -59 -63 -62 -62 
-66 -59 -62 -59 -65 
-66 -64 -65 -61 -66 
-65 -61 -63 -61 -64 
-64 -69 -65 -61 -65 
-66 -65 -62 -63 -60 
-66 -64 -71 -59 -66 
-66 -70 -62 -61 -60 
-66 -59 -65 -59 -63 
-65 -63 -63 -62 -64 
-65 -60 -75 -63 -63 
-63 -63 -67 -62 -63 
-64 -63 -63 -59 -63 
-67 -69 -73 -62 -60 
-64 -61 -66 -62 -60 
-62 -65 -66 -65 -60 
-64 -62 -80 -65 -56 
-62 -62 -71 -63 -61 
-64 -62 -63 -63 -64 
-62 -65 -74 -63 -64 
-64 -62 -62 -62 -61 
-62 -66 -61 -66 -62 
-64 -59 -62 -62 -62 
-63 -61 -65 -60 -62 
-65 -61 -62 -65 -63 
-63 -63 -62 -61 -63 
-63 -64 -75 -64 -63 
-64 -62 -62 -65 -65 
-63 -67 -63 -63 -62 
-64 -63 -63 -60 -66 
-64 -63 -70 -65 -62 
-63 -66 -67 -64 -64 
-62 -65 -74 -64 -64 
-63 -61 -67 -65 -62 
-65 -64 -83 -62 -61 
-66 -67 -68 -64 -61 
-65 -65 -77 -64 -63 
-65 -67 -68 -60 -61 
-66 -61 -66 -64 -65 
-65 -65 -83 -64 -60 
-62 -66 -82 -64 -64 
-65 -61 -72 -62 -61 
-65 -60 -81 -64 -64 
-66 -65 -70 -59 -61 
-66 -65 -66 -60 -63 
-66 -60 -67 -64 -64 
-62 -60 -66 -59 -62 
-63 -66 -72 -60 -62 
-65 -64 -66 -60 -63 
-64 -64 -69 -62 -60 
-65 -68 -65 -62 -60 
-65 -65 -65 -63 -65 
-65 -63 -65 -63 -62 
-63 -67 -65 -63 -65 
-65 -63 -78 -61 -60 
-64 -61 -72 -63 -62 
-67 -61 -80 -63 -63 
-64 -66 -71 -59 -64 
-65 -66 -80 -63 -64 
-65 -66 -67 -59 -63 
-66 -65 -83 -64 -60 
-66 -65 -75 -59 -63 
-66 -67 -86 -63 -64 
-65 -65 -67 -62 -64 
-65 -61 -66 -63 -60 
-66 -66 -65 -59 -63 
