387 11
-61 -68 -74 -73 -59 
-76 -77 -69 -78 -59 
-76 -71 -69 -69 -57 
-67 -70 -68 -69 -61 
-64 -67 -70 -78 -62 
-61 -67 -76 -73 -66 
-69 -69 -69 -78 -66 
-67 -74 -68 -72 -59 
-63 -73 -71 -74 -56 
-75 -70 -70 -75 -65 
-75 -71 -70 -74 -55 
-70 -71 -69 -67 -69 
-69 -75 -74 -67 -56 
-68 -71 -75 -67 -61 
-69 -70 -70 -67 -56 
-68 -70 -68 -67 -63 
-63 -71 -70 -73 -57 
-68 -69 -70 -73 -59 
-58 -70 -71 -75 -59 
-69 -74 -71 -74 -66 
-59 -76 -69 -73 -61 
-59 -69 -74 -75 -66 
-65 -72 -71 -67 -57 
-67 -66 -69 -68 -62 
-68 -71 -70 -68 -56 
-64 -67 -69 -74 -60 
-66 -69 -70 -68 -60 
-59 -71 -75 -68 -66 
-59 -70 -68 -74 -54 
-62 -70 -80 -68 -57 
-64 -69 -70 -74 -57 
-59 -74 -73 -75 -62 
-67 -72 -70 -75 -54 
-67 -73 -70 -68 -69 
-59 -70 -72 -71 -62 
-63 -71 -70 -74 -59 
-64 -69 -74 -75 -58 
-68 -69 -69 -71 -68 
-66 -69 -69 -69 -62 
-72 -75 -68 -74 -62 
-64 -72 -73 -74 -67 
-75 -71 -73 -81 -78 
-76 -67 -75 -74 -64 
-70 -67 -75 -74 -80 
-61 -76 -68 -71 -65 
-72 -73 -71 -71 -61 
-66 -67 -69 -70 -64 
-67 -67 -72 -70 -61 
-68 -73 -72 -76 -62 
-70 -66 -69 -71 -63 
-71 -72 -78 -69 -62 
-67 -67 -70 -78 -69 
-63 -73 -70 -72 -62 
-63 -80 -73 -75 -70 
-62 -67 -68 -74 -63 
-61 -65 -71 -75 -85 
-68 -67 -71 -68 -60 
-65 -62 -70 -72 -62 
-65 -71 -75 -69 -60 
-65 -69 -75 -73 -67 
-71 -67 -66 -80 -66 
-66 -73 -69 -80 -61 
-74 -73 -66 -73 -80 
-63 -63 -68 -84 -80 
-60 -71 -69 -74 -66 
-60 -69 -68 -71 -65 
-71 -71 -70 -71 -59 
-80 -71 -68 -71 -65 
-70 -66 -70 -71 -62 
-61 -71 -69 -89 -68 
-65 -68 -70 -69 -61 
-70 -68 -73 -69 -61 
-74 -80 -72 -73 -61 
-71 -67 -77 -68 -69 
-64 -72 -70 -72 -69 
-73 -67 -70 -69 -59 
-70 -76 -72 -71 -70 
-62 -76 -70 -76 -61 
-78 -73 -72 -74 -75 
-72 -71 -70 -77 -68 
-60 -70 -74 -69 -74 
-88 -73 -71 -69 -63 
-69 -74 -73 -76 -72 
-70 -73 -71 -81 -65 
-71 -75 -71 -76 -68 
-76 -66 -73 -72 -65 
-74 -69 -71 -77 -61 
-71 -65 -72 -74 -66 
-59 -68 -72 -78 -67 
-59 -72 -74 -70 -64 
-72 -66 -78 -74 -64 
-72 -72 -70 -70 -64 
-75 -69 -71 -73 -65 
-69 -67 -74 -69 -67 
-69 -68 -71 -70 -64 
-60 -74 -74 -70 -64 
-83 -73 -72 -89 -65 
-69 -78 -73 -75 -64 
-59 -77 -76 -74 -63 
-70 -66 -77 -73 -59 
-74 -68 -73 -70 -59 
-61 -69 -71 -72 -61 
-68 -71 -73 -75 -61 
-66 -66 -72 -73 -61 
-69 -65 -73 -74 -72 
-69 -66 -72 -72 -62 
-77 -67 -72 -72 -59 
-71 -68 -71 -70 -59 
-72 -71 -72 -70 -73 
-65 -65 -70 -71 -59 
-61 -69 -71 -81 -67 
-61 -70 -70 -87 -71 
-61 -70 -71 -82 -63 
-61 -74 -70 -74 -60 
-63 -69 -76 -69 -65 
-66 -76 -70 -70 -74 
-65 -68 -73 -73 -59 
-63 -72 -73 -73 -60 
-65 -75 -73 -73 -64 
-59 -70 -68 -83 -64 
-74 -66 -68 -75 -58 
-59 -70 -75 -75 -60 
-59 -65 -70 -79 -59 
-68 -68 -69 -76 -60 
-72 -68 -74 -78 -59 
-69 -75 -65 -77 -59 
-61 -71 -80 -76 -59 
-78 -68 -77 -78 -60 
-63 -86 -74 -78 -70 
-79 -69 -77 -75 -70 
-59 -68 -76 -73 -61 
-65 -79 -71 -72 -62 
-68 -72 -71 -78 -71 
-62 -80 -68 -70 -70 
-68 -77 -70 -75 -65 
-60 -77 -77 -74 -74 
-68 -71 -72 -73 -61 
-69 -72 -73 -77 -61 
-67 -75 -73 -77 -69 
-64 -70 -72 -71 -69 
-68 -78 -69 -71 -62 
-69 -72 -73 -79 -69 
-59 -71 -69 -69 -64 
-74 -72 -74 -71 -74 
-63 -78 -73 -70 -63 
-86 -69 -67 -71 -63 
-63 -72 -75 -69 -67 
-71 -71 -67 -70 -67 
-74 -74 -69 -70 -75 
-77 -76 -69 -84 -70 
-72 -71 -70 -74 -70 
-65 -71 -68 -72 -71 
-76 -78 -72 -81 -70 
-64 -70 -72 -71 -63 
-59 -82 -76 -71 -71 
-66 -72 -70 -71 -63 
-75 -79 -74 -73 -71 
-77 -90 -83 -73 -67 
-59 -68 -68 -78 -62 
-77 -78 -68 -72 -73 
-60 -67 -74 -72 -69 
-70 -75 -74 -75 -70 
-70 -69 -75 -78 -64 
-59 -70 -73 -72 -60 
-68 -76 -67 -73 -66 
-65 -72 -71 -72 -60 
-71 -77 -70 -72 -71 
-59 -71 -68 -71 -71 
-67 -85 -69 -71 -62 
-61 -69 -73 -72 -73 
-72 -69 -72 -72 -63 
-70 -82 -69 -72 -74 
-72 -66 -72 -72 -75 
-59 -86 -69 -72 -75 
-73 -67 -73 -72 -62 
-71 -79 -71 -72 -73 
-81 -71 -71 -78 -74 
-61 -80 -71 -70 -73 
-72 -73 -71 -70 -70 
-68 -68 -72 -71 -73 
-61 -70 -68 -71 -73 
-65 -68 -71 -71 -84 
-78 -72 -68 -71 -71 
-63 -73 -72 -71 -65 
-65 -68 -74 -72 -68 
-70 -70 -73 -71 -67 
-74 -70 -72 -71 -72 
-75 -73 -72 -71 -63 
-58 -72 -67 -71 -63 
-75 -76 -74 -71 -63 
-68 -74 -70 -72 -72 
-72 -69 -70 -72 -66 
-65 -69 -72 -72 -62 
-71 -71 -72 -72 -78 
-58 -72 -70 -77 -68 
-58 -80 -69 -83 -75 
-59 -80 -66 -71 -62 
-74 -71 -66 -71 -69 
-65 -80 -71 -73 -69 
-71 -81 -73 -71 -71 
-68 -82 -74 -75 -65 
-66 -79 -71 -75 -71 
-58 -75 -75 -70 -71 
-68 -71 -71 -75 -65 
-59 -78 -74 -68 -65 
-72 -74 -70 -72 -62 
-68 -77 -76 -68 -61 
-71 -77 -73 -73 -61 
-63 -74 -72 -71 -65 
-71 -69 -72 -74 -61 
-70 -86 -76 -74 -71 
-69 -67 -74 -74 -58 
-71 -75 -66 -73 -68 
-68 -79 -72 -68 -74 
-58 -71 -68 -77 -59 
-73 -71 -73 -71 -71 
-64 -69 -71 -77 -61 
-74 -69 -77 -74 -62 
-69 -69 -69 -71 -62 
-60 -71 -69 -74 -59 
-60 -69 -75 -70 -67 
-76 -82 -64 -73 -67 
-71 -82 -69 -69 -62 
-64 -75 -72 -74 -65 
-61 -69 -74 -69 -65 
-66 -76 -72 -69 -65 
-62 -76 -74 -71 -68 
-65 -67 -67 -70 -63 
-78 -73 -69 -72 -68 
-70 -68 -67 -80 -62 
-62 -71 -69 -71 -69 
-74 -78 -67 -78 -62 
-62 -72 -69 -77 -67 
-72 -77 -67 -74 -66 
-67 -71 -72 -72 -67 
-72 -81 -67 -81 -66 
-62 -71 -71 -81 -65 
-73 -70 -68 -78 -64 
-63 -69 -67 -83 -68 
-64 -72 -72 -73 -65 
-68 -72 -71 -72 -67 
-64 -73 -75 -75 -64 
-72 -69 -75 -74 -64 
-66 -76 -68 -77 -64 
-65 -78 -72 -75 -64 
-63 -75 -67 -77 -66 
-75 -75 -69 -74 -63 
-63 -78 -73 -73 -67 
-70 -69 -69 -74 -65 
-63 -71 -73 -77 -66 
-63 -70 -72 -72 -66 
-64 -69 -71 -70 -61 
-73 -69 -67 -71 -62 
-63 -72 -69 -69 -65 
-68 -67 -75 -72 -64 
-66 -72 -71 -69 -59 
-72 -69 -76 -71 -66 
-68 -63 -76 -73 -60 
-71 -69 -80 -75 -64 
-67 -72 -70 -76 -68 
-67 -72 -65 -73 -59 
-68 -76 -68 -71 -64 
-68 -72 -68 -82 -70 
-69 -78 -68 -78 -70 
-73 -69 -74 -73 -70 
-70 -70 -68 -75 -63 
-68 -74 -68 -80 -60 
-71 -64 -73 -69 -59 
-69 -77 -73 -69 -68 
-72 -72 -74 -73 -69 
-70 -70 -73 -72 -67 
-59 -75 -70 -72 -59 
-70 -76 -73 -75 -70 
-72 -68 -70 -69 -59 
-70 -78 -74 -69 -66 
-72 -78 -74 -77 -67 
-73 -67 -71 -69 -66 
-66 -67 -73 -74 -72 
-73 -67 -78 -71 -58 
-73 -85 -74 -77 -65 
-70 -75 -75 -73 -65 
-71 -65 -75 -72 -65 
-68 -71 -71 -72 -59 
-70 -69 -71 -70 -67 
-65 -71 -78 -70 -58 
-63 -73 -71 -72 -62 
-82 -65 -70 -73 -62 
-72 -73 -71 -71 -62 
-67 -65 -69 -80 -63 
-63 -67 -70 -69 -65 
-59 -68 -72 -69 -77 
-60 -67 -73 -70 -76 
-60 -68 -71 -72 -64 
-71 -69 -72 -68 -64 
-62 -68 -72 -69 -64 
-63 -68 -71 -73 -64 
-70 -69 -71 -69 -65 
-59 -69 -70 -72 -75 
-66 -68 -71 -68 -65 
-59 -69 -70 -69 -75 
-68 -67 -70 -69 -63 
-67 -67 -69 -69 -87 
-66 -66 -69 -71 -63 
-71 -69 -69 -70 -63 
-67 -63 -73 -69 -81 
-60 -68 -73 -74 -66 
-62 -69 -71 -69 -60 
-67 -64 -69 -71 -72 
-74 -64 -70 -71 -66 
-74 -64 -68 -84 -79 
-64 -64 -68 -72 -66 
-56 -66 -68 -73 -60 
-73 -66 -72 -74 -64 
-57 -67 -71 -83 -60 
-59 -65 -70 -76 -67 
-59 -67 -71 -77 -61 
-62 -63 -70 -79 -61 
-72 -63 -71 -79 -65 
-59 -63 -72 -78 -73 
-63 -63 -74 -77 -65 
-64 -65 -72 -74 -67 
-59 -68 -73 -71 -74 
-62 -65 -70 -72 -65 
-59 -68 -71 -74 -63 
-59 -68 -70 -74 -68 
-62 -67 -69 -73 -65 
-63 -66 -69 -73 -79 
-59 -70 -69 -71 -62 
-63 -69 -67 -85 -78 
-68 -66 -69 -71 -62 
-59 -63 -73 -82 -66 
-62 -64 -73 -75 -67 
-69 -64 -71 -72 -70 
-69 -67 -69 -75 -59 
-61 -67 -75 -80 -64 
-82 -73 -75 -79 -61 
-72 -81 -75 -71 -63 
-65 -68 -69 -72 -65 
-74 -70 -74 -80 -63 
-60 -70 -71 -69 -58 
-76 -72 -71 -74 -57 
-59 -71 -69 -74 -74 
-73 -79 -73 -70 -69 
-73 -71 -73 -68 -69 
-72 -69 -75 -68 -71 
-70 -87 -71 -76 -76 
-74 -76 -69 -73 -76 
-62 -71 -81 -72 -61 
-71 -71 -67 -74 -66 
-63 -65 -79 -76 -66 
-75 -76 -78 -71 -65 
-63 -62 -71 -73 -64 
-69 -68 -68 -71 -64 
-60 -64 -73 -82 -68 
-61 -72 -73 -75 -68 
-68 -74 -73 -82 -69 
-64 -71 -67 -81 -60 
-61 -68 -67 -74 -63 
-61 -71 -72 -79 -66 
-62 -73 -68 -72 -62 
-62 -64 -70 -80 -66 
-65 -69 -70 -73 -63 
-61 -70 -72 -85 -59 
-68 -72 -71 -71 -63 
-59 -72 -72 -72 -66 
-69 -66 -71 -72 -65 
-68 -71 -71 -74 -59 
-71 -70 -71 -78 -61 
-67 -71 -70 -75 -61 
-69 -74 -70 -81 -61 
-69 -72 -80 -72 -66 
-59 -77 -70 -72 -60 
-65 -70 -74 -74 -66 
-63 -74 -77 -72 -64 
-68 -73 -69 -77 -62 
-68 -73 -77 -71 -59 
-60 -68 -77 -78 -67 
-68 -73 -75 -78 -60 
-69 -68 -74 -76 -59 
-70 -79 -74 -70 -60 
-68 -68 -68 -76 -60 
-69 -78 -72 -80 -62 
-60 -79 -68 -85 -59 
-61 -74 -76 -71 -60 
-61 -70 -74 -86 -59 
-68 -79 -76 -71 -61 
-60 -75 -68 -71 -61 
