357 7
-69 -68 -66 -67 -60 
-68 -71 -70 -68 -63 
-69 -71 -66 -67 -62 
-68 -72 -84 -76 -70 
-66 -74 -67 -64 -61 
-68 -70 -67 -67 -65 
-69 -71 -67 -75 -61 
-70 -68 -75 -70 -68 
-70 -73 -83 -64 -60 
-66 -71 -84 -67 -69 
-70 -70 -67 -68 -60 
-66 -70 -85 -77 -69 
-68 -73 -68 -68 -60 
-65 -70 -84 -77 -60 
-69 -73 -74 -68 -66 
-69 -70 -66 -68 -61 
-66 -70 -84 -64 -69 
-71 -71 -71 -67 -69 
-69 -70 -86 -64 -64 
-65 -70 -69 -78 -61 
-72 -74 -85 -78 -66 
-66 -71 -67 -78 -60 
-67 -74 -73 -74 -61 
-69 -70 -69 -68 -62 
-66 -75 -68 -77 -68 
-66 -69 -85 -67 -62 
-70 -77 -76 -64 -70 
-68 -72 -76 -64 -64 
-66 -72 -66 -64 -62 
-70 -71 -81 -68 -69 
-66 -75 -68 -80 -69 
-67 -69 -67 -68 -62 
-66 -70 -68 -75 -65 
-73 -75 -70 -72 -71 
-72 -69 -77 -68 -63 
-72 -75 -70 -76 -70 
-74 -70 -69 -75 -66 
-66 -70 -70 -75 -61 
-73 -70 -78 -64 -66 
-68 -74 -68 -68 -66 
-68 -71 -88 -63 -60 
-66 -70 -89 -76 -62 
-72 -72 -67 -67 -60 
-65 -68 -67 -68 -61 
-70 -68 -68 -64 -59 
-68 -70 -70 -77 -62 
-69 -70 -66 -66 -60 
-71 -67 -78 -68 -62 
-68 -68 -75 -68 -60 
-71 -70 -66 -67 -61 
-65 -74 -67 -66 -60 
-68 -75 -72 -72 -62 
-66 -69 -74 -66 -61 
-70 -69 -86 -64 -65 
-71 -76 -69 -64 -61 
-66 -69 -86 -78 -61 
-72 -71 -68 -66 -61 
-69 -70 -69 -69 -62 
-69 -80 -82 -71 -61 
-69 -70 -66 -69 -66 
-66 -70 -72 -65 -61 
-70 -72 -69 -66 -64 
-71 -71 -67 -69 -61 
-65 -72 -72 -75 -60 
-66 -74 -67 -70 -65 
-72 -78 -75 -77 -71 
-75 -72 -69 -77 -63 
-76 -70 -69 -69 -61 
-65 -71 -64 -64 -71 
-74 -77 -64 -77 -60 
-65 -72 -69 -64 -61 
-72 -78 -65 -64 -70 
-65 -79 -68 -68 -60 
-69 -72 -70 -77 -64 
-69 -84 -70 -66 -60 
-65 -71 -71 -77 -60 
-70 -71 -71 -64 -64 
-72 -72 -71 -68 -65 
-70 -88 -71 -77 -59 
-72 -73 -84 -64 -60 
-65 -72 -66 -64 -69 
-70 -72 -71 -76 -60 
-67 -72 -85 -66 -63 
-66 -72 -72 -64 -60 
-65 -71 -71 -67 -64 
-72 -71 -67 -77 -69 
-71 -72 -71 -75 -60 
-65 -71 -84 -62 -61 
-72 -73 -71 -62 -70 
-65 -82 -71 -71 -61 
-70 -73 -71 -76 -61 
-67 -73 -75 -64 -60 
-70 -72 -75 -77 -66 
-72 -71 -66 -77 -69 
-72 -72 -71 -70 -64 
-72 -71 -71 -64 -61 
-72 -88 -70 -68 -60 
-70 -87 -70 -77 -69 
-72 -79 -66 -74 -60 
-73 -71 -75 -64 -64 
-65 -79 -78 -66 -61 
-65 -71 -66 -77 -61 
-65 -77 -84 -77 -65 
-66 -73 -76 -71 -64 
-66 -73 -69 -63 -61 
-67 -69 -80 -68 -69 
-72 -69 -74 -71 -61 
-65 -76 -72 -69 -60 
-68 -71 -68 -68 -70 
-66 -72 -75 -63 -60 
-74 -71 -66 -69 -60 
-75 -70 -80 -71 -60 
-76 -71 -69 -63 -61 
-66 -77 -66 -69 -61 
-65 -71 -73 -75 -61 
-69 -72 -69 -76 -61 
-75 -71 -66 -76 -61 
-71 -77 -69 -65 -64 
-65 -72 -66 -74 -69 
-70 -71 -69 -74 -65 
-70 -72 -82 -64 -64 
-68 -78 -69 -64 -61 
-65 -71 -66 -68 -61 
-70 -73 -66 -68 -64 
-69 -77 -66 -68 -69 
-65 -77 -69 -64 -61 
-68 -71 -83 -68 -61 
-66 -72 -69 -73 -61 
-68 -71 -66 -68 -61 
-68 -72 -69 -64 -69 
-65 -77 -69 -77 -61 
-68 -72 -84 -77 -69 
-65 -73 -69 -68 -61 
-69 -75 -69 -78 -61 
-65 -77 -69 -78 -61 
-68 -71 -83 -78 -61 
-65 -71 -69 -64 -61 
-75 -77 -83 -78 -62 
-73 -71 -66 -66 -62 
-75 -71 -82 -68 -69 
-65 -76 -66 -68 -61 
-65 -71 -83 -78 -62 
-71 -76 -65 -68 -61 
-68 -71 -83 -64 -61 
-66 -71 -70 -71 -64 
-69 -72 -66 -78 -68 
-67 -69 -68 -78 -61 
-70 -72 -73 -71 -61 
-66 -76 -69 -73 -62 
-70 -72 -70 -78 -61 
-65 -75 -70 -78 -62 
-70 -72 -70 -74 -68 
-67 -73 -67 -68 -65 
-64 -74 -70 -64 -62 
-69 -72 -70 -68 -68 
-75 -76 -82 -68 -61 
-65 -70 -66 -64 -62 
-65 -75 -70 -77 -69 
-75 -75 -66 -68 -61 
-76 -74 -67 -64 -61 
-76 -70 -66 -68 -61 
-75 -73 -69 -64 -69 
-75 -72 -82 -78 -61 
-75 -70 -69 -78 -63 
-74 -73 -67 -63 -69 
-74 -72 -66 -78 -62 
-64 -72 -69 -68 -60 
-74 -75 -69 -76 -61 
-68 -73 -67 -76 -65 
-66 -72 -75 -78 -61 
-75 -72 -69 -68 -62 
-65 -76 -70 -64 -62 
-68 -73 -64 -69 -62 
-65 -77 -66 -65 -61 
-70 -75 -76 -71 -62 
-75 -72 -69 -68 -62 
-66 -73 -83 -68 -69 
-65 -78 -69 -64 -61 
-75 -73 -69 -78 -69 
-66 -73 -66 -68 -60 
-75 -77 -69 -78 -62 
-75 -72 -66 -68 -65 
-75 -74 -69 -73 -65 
-66 -77 -70 -78 -65 
-67 -71 -65 -66 -61 
-74 -71 -66 -68 -66 
-72 -70 -76 -63 -60 
-72 -72 -65 -77 -59 
-65 -71 -66 -69 -61 
-68 -71 -79 -64 -69 
-65 -79 -68 -69 -69 
-75 -70 -80 -69 -61 
-75 -71 -66 -64 -70 
-65 -69 -66 -75 -61 
-68 -69 -70 -64 -69 
-71 -73 -68 -71 -63 
-70 -71 -83 -64 -60 
-65 -73 -83 -69 -61 
-70 -73 -70 -77 -69 
-69 -76 -69 -76 -69 
-72 -74 -70 -73 -66 
-66 -73 -70 -73 -69 
-71 -73 -66 -64 -61 
-66 -83 -80 -76 -61 
-71 -75 -65 -77 -69 
-71 -75 -84 -64 -61 
-66 -71 -87 -76 -68 
-74 -70 -66 -76 -61 
-68 -73 -66 -69 -69 
-75 -75 -66 -64 -61 
-65 -75 -71 -76 -61 
-72 -72 -66 -64 -61 
-67 -71 -70 -64 -61 
-66 -71 -65 -78 -61 
-67 -71 -66 -64 -61 
-67 -72 -84 -79 -62 
-72 -71 -66 -69 -61 
-72 -79 -70 -77 -60 
-67 -74 -66 -75 -68 
-66 -75 -85 -68 -62 
-67 -70 -74 -74 -60 
-66 -71 -81 -68 -60 
-66 -78 -68 -62 -69 
-68 -71 -79 -67 -59 
-70 -69 -85 -68 -62 
-67 -70 -70 -64 -60 
-68 -69 -88 -61 -67 
-66 -68 -67 -65 -60 
-68 -68 -75 -70 -68 
-71 -69 -80 -70 -63 
-66 -70 -82 -67 -62 
-64 -68 -75 -73 -62 
-64 -68 -69 -74 -62 
-64 -68 -64 -74 -64 
-65 -68 -73 -74 -61 
-70 -69 -83 -73 -67 
-77 -69 -70 -72 -63 
-71 -70 -72 -75 -64 
-79 -70 -83 -65 -69 
-66 -70 -72 -80 -68 
-74 -69 -78 -81 -61 
-65 -78 -71 -77 -69 
-70 -68 -81 -77 -61 
-70 -72 -73 -66 -66 
-70 -70 -82 -64 -71 
-71 -75 -65 -79 -62 
-71 -71 -84 -69 -72 
-68 -77 -70 -64 -62 
-71 -76 -83 -70 -71 
-68 -71 -69 -63 -71 
-71 -68 -85 -63 -61 
-66 -74 -71 -66 -60 
-68 -69 -65 -86 -60 
-75 -69 -71 -73 -59 
-66 -69 -66 -68 -60 
-84 -71 -69 -68 -60 
-66 -75 -88 -64 -62 
-68 -67 -66 -73 -63 
-69 -75 -70 -65 -65 
-64 -68 -70 -81 -62 
-69 -68 -82 -64 -65 
-76 -68 -65 -66 -65 
-64 -67 -66 -66 -63 
-69 -69 -66 -65 -64 
-67 -67 -86 -68 -63 
-64 -74 -67 -63 -63 
-67 -66 -89 -68 -63 
-64 -66 -65 -81 -64 
-67 -66 -69 -74 -62 
-66 -72 -71 -66 -64 
-71 -66 -67 -74 -62 
-81 -74 -71 -81 -64 
-74 -72 -66 -74 -63 
-82 -68 -66 -65 -62 
-70 -66 -65 -67 -64 
-72 -72 -77 -68 -64 
-68 -68 -67 -74 -63 
-65 -68 -74 -67 -62 
-66 -70 -70 -76 -60 
-67 -71 -67 -76 -60 
-79 -71 -67 -71 -60 
-65 -69 -82 -68 -60 
-77 -68 -74 -66 -67 
-85 -76 -71 -64 -60 
-69 -69 -71 -81 -67 
-72 -71 -73 -69 -60 
-65 -72 -67 -69 -63 
-68 -73 -70 -70 -60 
-83 -69 -79 -70 -61 
-80 -69 -71 -65 -63 
-72 -74 -69 -74 -62 
-75 -70 -68 -70 -64 
-78 -70 -68 -65 -63 
-74 -73 -69 -70 -65 
-68 -70 -68 -68 -61 
-66 -73 -68 -66 -59 
-66 -71 -68 -70 -59 
-67 -72 -86 -69 -58 
-69 -70 -66 -64 -59 
-67 -71 -68 -75 -67 
-74 -72 -67 -64 -59 
-67 -71 -68 -69 -67 
-68 -71 -67 -77 -59 
-66 -71 -85 -69 -60 
-66 -69 -67 -64 -61 
-68 -70 -69 -64 -67 
-73 -70 -89 -69 -67 
-68 -74 -69 -64 -61 
-75 -69 -70 -69 -66 
-72 -69 -79 -66 -63 
-68 -69 -84 -64 -61 
-73 -70 -70 -69 -62 
-66 -73 -70 -62 -66 
-71 -72 -75 -73 -62 
-72 -72 -70 -68 -62 
-69 -70 -70 -68 -61 
-78 -72 -69 -65 -61 
-69 -70 -86 -67 -61 
-78 -75 -85 -65 -62 
-77 -71 -76 -67 -63 
-74 -72 -73 -77 -62 
-69 -70 -68 -69 -61 
-67 -72 -69 -77 -66 
-69 -75 -69 -68 -61 
-67 -71 -83 -68 -61 
-71 -69 -83 -68 -59 
-76 -75 -69 -73 -61 
-66 -70 -68 -65 -65 
-68 -69 -68 -68 -62 
-67 -69 -69 -65 -65 
-67 -75 -68 -68 -63 
-68 -75 -69 -68 -62 
-75 -70 -69 -64 -66 
-75 -69 -68 -66 -63 
-75 -70 -84 -73 -66 
-67 -69 -68 -73 -62 
-68 -71 -84 -65 -62 
-66 -70 -68 -73 -66 
-68 -68 -68 -65 -62 
-67 -68 -78 -73 -62 
-75 -72 -68 -68 -61 
-75 -68 -68 -65 -62 
-69 -73 -68 -68 -62 
-68 -68 -68 -68 -62 
-66 -71 -69 -63 -66 
-67 -72 -68 -72 -61 
-67 -73 -69 -73 -62 
-67 -69 -69 -73 -63 
-68 -69 -69 -70 -66 
-68 -76 -69 -74 -62 
-66 -70 -69 -74 -66 
-68 -76 -68 -65 -62 
-67 -76 -83 -69 -64 
-67 -76 -68 -74 -62 
-71 -72 -76 -66 -67 
-71 -70 -69 -67 -62 
-75 -70 -83 -64 -67 
