361 2
-71 -60 -58 -76 -69 
-61 -61 -61 -73 -69 
-70 -59 -60 -75 -66 
-61 -62 -59 -71 -68 
-73 -58 -59 -78 -63 
-69 -60 -63 -78 -65 
-69 -62 -56 -72 -64 
-64 -62 -68 -79 -70 
-68 -59 -60 -78 -65 
-65 -62 -66 -79 -71 
-63 -60 -59 -76 -68 
-61 -58 -66 -79 -68 
-65 -68 -66 -74 -66 
-71 -58 -57 -77 -66 
-63 -69 -55 -74 -66 
-69 -64 -63 -73 -71 
-69 -74 -58 -73 -65 
-68 -63 -65 -72 -72 
-68 -55 -56 -72 -66 
-65 -57 -66 -75 -71 
-66 -58 -62 -74 -70 
-61 -57 -55 -74 -65 
-65 -56 -61 -79 -65 
-65 -64 -63 -81 -67 
-64 -64 -66 -77 -67 
-61 -70 -63 -81 -64 
-61 -59 -65 -72 -68 
-70 -68 -56 -83 -65 
-70 -61 -64 -74 -68 
-65 -67 -64 -73 -64 
-64 -70 -59 -77 -73 
-68 -70 -61 -72 -64 
-64 -62 -57 -72 -70 
-61 -58 -60 -79 -70 
-62 -61 -64 -74 -64 
-64 -60 -57 -72 -64 
-61 -61 -68 -77 -65 
-63 -62 -60 -76 -66 
-61 -57 -58 -77 -68 
-62 -67 -69 -72 -64 
-61 -60 -58 -80 -64 
-66 -63 -71 -75 -65 
-66 -61 -59 -75 -63 
-67 -65 -65 -74 -70 
-69 -65 -60 -76 -65 
-66 -61 -62 -79 -66 
-72 -61 -57 -79 -65 
-62 -61 -57 -76 -72 
-71 -59 -61 -72 -72 
-65 -74 -58 -76 -65 
-63 -58 -66 -73 -67 
-62 -60 -61 -84 -66 
-70 -62 -62 -82 -65 
-68 -64 -62 -77 -67 
-70 -60 -66 -74 -66 
-66 -64 -65 -75 -67 
-65 -58 -63 -78 -65 
-60 -64 -68 -77 -66 
-62 -60 -68 -79 -65 
-69 -64 -60 -79 -66 
-69 -73 -55 -75 -66 
-60 -66 -65 -76 -66 
-62 -63 -64 -75 -66 
-62 -65 -55 -77 -63 
-74 -67 -65 -80 -67 
-62 -65 -61 -77 -68 
-62 -59 -66 -74 -68 
-61 -67 -56 -81 -68 
-60 -66 -59 -74 -63 
-70 -66 -64 -74 -66 
-60 -64 -58 -72 -67 
-70 -69 -62 -72 -65 
-59 -67 -64 -69 -60 
-69 -67 -64 -72 -69 
-58 -65 -63 -74 -74 
-60 -73 -62 -69 -74 
-58 -71 -63 -72 -61 
-62 -67 -66 -72 -61 
-57 -67 -56 -70 -62 
-60 -68 -61 -74 -65 
-61 -66 -62 -75 -66 
-72 -66 -59 -70 -62 
-60 -63 -67 -70 -63 
-60 -63 -64 -71 -68 
-62 -65 -65 -73 -66 
-65 -62 -59 -73 -66 
-64 -66 -60 -75 -73 
-67 -68 -64 -76 -69 
-68 -79 -58 -76 -71 
-68 -68 -66 -78 -71 
-62 -66 -57 -76 -71 
-67 -65 -68 -76 -67 
-70 -63 -58 -76 -71 
-71 -63 -64 -73 -70 
-63 -63 -66 -77 -67 
-62 -68 -61 -76 -65 
-64 -68 -61 -75 -68 
-69 -63 -59 -78 -64 
-62 -61 -58 -83 -64 
-62 -68 -61 -76 -74 
-66 -62 -60 -78 -68 
-65 -64 -62 -81 -64 
-61 -66 -62 -75 -64 
-68 -64 -65 -76 -64 
-61 -56 -58 -76 -64 
-64 -62 -62 -76 -67 
-69 -63 -67 -75 -64 
-62 -65 -58 -78 -63 
-63 -66 -61 -78 -64 
-62 -61 -67 -78 -71 
-68 -65 -58 -75 -71 
-63 -63 -62 -76 -65 
-62 -63 -64 -78 -63 
-61 -61 -58 -75 -65 
-71 -65 -58 -77 -68 
-63 -66 -68 -77 -64 
-73 -60 -64 -72 -64 
-72 -64 -64 -75 -68 
-71 -57 -65 -75 -73 
-64 -62 -64 -74 -69 
-73 -66 -67 -75 -69 
-66 -63 -65 -77 -66 
-67 -62 -57 -74 -76 
-67 -66 -62 -75 -72 
-63 -63 -68 -76 -65 
-62 -64 -62 -73 -67 
-61 -63 -68 -75 -67 
-63 -64 -66 -74 -70 
-71 -63 -63 -74 -72 
-76 -71 -63 -75 -68 
-66 -65 -67 -74 -67 
-63 -65 -67 -74 -66 
-60 -62 -58 -74 -68 
-60 -64 -65 -73 -68 
-61 -63 -56 -73 -65 
-61 -67 -57 -73 -66 
-61 -72 -61 -76 -65 
-63 -65 -68 -77 -70 
-70 -71 -58 -78 -66 
-71 -63 -66 -79 -69 
-71 -63 -61 -74 -64 
-62 -69 -65 -73 -69 
-68 -62 -65 -80 -67 
-61 -64 -67 -74 -70 
-61 -64 -62 -75 -65 
-67 -67 -67 -75 -73 
-69 -63 -58 -76 -65 
-69 -64 -71 -75 -67 
-62 -67 -62 -74 -69 
-60 -63 -67 -74 -74 
-68 -66 -56 -74 -71 
-69 -64 -68 -75 -74 
-62 -65 -60 -76 -69 
-65 -67 -55 -74 -69 
-65 -65 -61 -77 -75 
-62 -66 -58 -77 -75 
-70 -66 -64 -75 -73 
-72 -65 -55 -77 -65 
-71 -68 -61 -77 -65 
-65 -66 -59 -74 -66 
-64 -71 -57 -72 -72 
-71 -72 -56 -79 -66 
-62 -69 -60 -75 -67 
-67 -69 -68 -75 -73 
-66 -65 -61 -75 -67 
-66 -62 -66 -78 -65 
-64 -69 -62 -78 -76 
-62 -62 -69 -80 -68 
-61 -64 -69 -71 -82 
-61 -62 -61 -76 -68 
-61 -65 -67 -77 -66 
-62 -64 -63 -73 -66 
-61 -70 -60 -72 -66 
-75 -69 -57 -79 -70 
-61 -68 -61 -75 -68 
-62 -65 -62 -75 -67 
-62 -70 -68 -73 -66 
-63 -66 -61 -76 -64 
-61 -69 -62 -72 -64 
-74 -65 -62 -75 -64 
-62 -67 -62 -75 -62 
-71 -69 -58 -74 -66 
-72 -69 -62 -73 -73 
-67 -70 -61 -77 -67 
-74 -67 -58 -78 -67 
-65 -67 -67 -75 -68 
-61 -69 -55 -72 -64 
-62 -68 -62 -72 -66 
-62 -67 -62 -72 -70 
-63 -67 -62 -72 -67 
-63 -67 -63 -76 -65 
-62 -69 -56 -76 -64 
-63 -67 -63 -72 -65 
-75 -69 -67 -75 -66 
-62 -68 -62 -73 -64 
-63 -69 -64 -75 -68 
-62 -72 -61 -75 -64 
-63 -72 -57 -75 -64 
-62 -66 -67 -72 -65 
-63 -76 -57 -79 -65 
-74 -65 -57 -71 -65 
-63 -66 -66 -75 -65 
-63 -66 -57 -77 -65 
-69 -71 -65 -77 -67 
-61 -64 -57 -74 -67 
-62 -64 -65 -75 -66 
-62 -70 -64 -75 -72 
-71 -65 -61 -76 -68 
-61 -65 -58 -73 -69 
-63 -65 -65 -77 -67 
-61 -64 -62 -75 -66 
-72 -58 -55 -72 -66 
-72 -60 -55 -71 -66 
-65 -64 -66 -76 -70 
-64 -65 -66 -74 -68 
-70 -65 -55 -73 -65 
-72 -64 -62 -72 -66 
-71 -66 -61 -72 -72 
-64 -58 -61 -71 -70 
-61 -65 -63 -75 -69 
-65 -67 -63 -74 -64 
-60 -65 -61 -74 -67 
-62 -62 -59 -72 -66 
-61 -61 -63 -72 -69 
-60 -66 -68 -78 -71 
-60 -63 -55 -74 -63 
-63 -65 -68 -73 -66 
-61 -59 -63 -73 -63 
-67 -62 -62 -71 -67 
-72 -62 -62 -73 -67 
-66 -67 -68 -71 -66 
-68 -61 -62 -77 -65 
-60 -68 -63 -75 -68 
-72 -66 -57 -75 -65 
-60 -62 -66 -78 -64 
-60 -64 -58 -74 -68 
-61 -68 -66 -74 -69 
-67 -63 -59 -73 -66 
-60 -68 -59 -73 -64 
-61 -69 -67 -72 -65 
-61 -68 -63 -74 -65 
-61 -68 -57 -72 -63 
-71 -70 -66 -73 -67 
-71 -72 -59 -71 -68 
-72 -66 -62 -71 -65 
-72 -58 -60 -71 -63 
-67 -65 -63 -71 -64 
-61 -60 -55 -71 -65 
-71 -59 -60 -73 -66 
-61 -75 -64 -75 -65 
-65 -59 -60 -74 -65 
-73 -67 -64 -75 -65 
-74 -64 -66 -74 -71 
-68 -59 -64 -72 -71 
-75 -65 -65 -73 -67 
-64 -64 -68 -75 -65 
-71 -67 -63 -75 -65 
-73 -60 -65 -73 -64 
-66 -65 -68 -77 -72 
-62 -62 -62 -76 -65 
-63 -70 -61 -71 -64 
-79 -62 -66 -71 -75 
-62 -64 -61 -70 -72 
-65 -59 -61 -76 -64 
-61 -60 -66 -80 -76 
-58 -62 -59 -75 -80 
-62 -62 -67 -70 -80 
-58 -67 -60 -73 -70 
-63 -62 -65 -74 -60 
-65 -62 -60 -72 -59 
-63 -70 -64 -78 -78 
-63 -70 -65 -69 -59 
-63 -71 -61 -73 -59 
-60 -63 -66 -70 -63 
-65 -61 -68 -71 -64 
-75 -66 -64 -72 -72 
-78 -62 -64 -75 -63 
-68 -63 -62 -73 -67 
-67 -61 -59 -74 -65 
-68 -62 -65 -76 -63 
-68 -61 -72 -75 -65 
-67 -64 -71 -76 -62 
-63 -61 -58 -75 -65 
-63 -63 -69 -81 -63 
-62 -61 -64 -76 -66 
-63 -63 -68 -76 -68 
-62 -63 -64 -77 -68 
-67 -63 -66 -77 -66 
-63 -66 -64 -75 -67 
-67 -67 -64 -78 -67 
-65 -65 -69 -78 -67 
-64 -68 -62 -77 -67 
-65 -66 -65 -75 -66 
-67 -66 -69 -75 -67 
-65 -66 -63 -75 -64 
-67 -69 -64 -76 -69 
-65 -65 -58 -75 -68 
-65 -66 -57 -76 -66 
-65 -62 -64 -75 -66 
-64 -66 -65 -78 -68 
-62 -66 -69 -75 -65 
-67 -66 -64 -79 -65 
-66 -68 -68 -73 -64 
-65 -69 -58 -80 -66 
-67 -65 -69 -75 -65 
-67 -63 -70 -76 -66 
-63 -63 -70 -78 -64 
-67 -63 -70 -77 -67 
-63 -65 -70 -76 -64 
-65 -64 -59 -76 -66 
-63 -64 -70 -77 -63 
-65 -65 -58 -77 -66 
-63 -65 -69 -75 -63 
-64 -62 -63 -76 -66 
-63 -64 -68 -75 -64 
-65 -63 -58 -77 -66 
-64 -63 -63 -75 -66 
-67 -65 -62 -77 -62 
-68 -64 -69 -76 -66 
-64 -71 -66 -75 -67 
-62 -71 -69 -77 -61 
-65 -64 -64 -76 -67 
-67 -64 -69 -76 -62 
-67 -66 -60 -76 -66 
-67 -65 -57 -74 -62 
-66 -67 -61 -74 -66 
-68 -64 -59 -75 -64 
-65 -66 -61 -73 -67 
-62 -65 -69 -74 -68 
-62 -65 -63 -74 -65 
-66 -63 -60 -74 -65 
-68 -66 -68 -77 -64 
-62 -63 -59 -77 -66 
-69 -63 -68 -75 -64 
-67 -69 -65 -77 -65 
-67 -69 -57 -75 -63 
-66 -66 -59 -77 -66 
-62 -67 -67 -77 -63 
-63 -62 -62 -74 -68 
-63 -67 -68 -75 -68 
-65 -63 -63 -78 -67 
-63 -63 -68 -78 -64 
-66 -65 -59 -77 -65 
-64 -65 -68 -77 -64 
-63 -63 -63 -76 -66 
-63 -61 -64 -76 -64 
-66 -65 -67 -74 -65 
-63 -62 -60 -75 -64 
-62 -65 -64 -77 -64 
-62 -65 -61 -76 -64 
-64 -64 -68 -74 -66 
-66 -66 -62 -78 -63 
-63 -66 -59 -78 -67 
-66 -66 -66 -76 -64 
-62 -63 -63 -75 -66 
-63 -65 -59 -76 -65 
-65 -63 -59 -77 -66 
-63 -67 -63 -78 -64 
-66 -63 -69 -78 -66 
-62 -68 -58 -75 -66 
-66 -68 -69 -74 -66 
