355 3
-67 -51 -57 -72 -67 
-73 -56 -59 -77 -68 
-68 -51 -60 -76 -66 
-72 -56 -62 -77 -66 
-66 -54 -58 -74 -68 
-67 -56 -59 -74 -67 
-65 -51 -59 -72 -65 
-66 -54 -59 -73 -67 
-66 -51 -56 -74 -66 
-73 -56 -57 -74 -67 
-74 -53 -59 -75 -66 
-68 -51 -58 -73 -66 
-74 -56 -57 -73 -72 
-73 -53 -60 -71 -66 
-73 -52 -62 -74 -67 
-70 -52 -57 -76 -67 
-73 -56 -56 -74 -65 
-65 -51 -59 -75 -68 
-67 -55 -59 -75 -66 
-74 -56 -56 -77 -68 
-70 -57 -59 -78 -68 
-67 -56 -63 -75 -67 
-65 -55 -57 -75 -69 
-67 -53 -59 -73 -68 
-71 -57 -56 -74 -66 
-67 -59 -58 -74 -68 
-67 -59 -60 -75 -68 
-66 -55 -59 -74 -67 
-73 -54 -58 -75 -66 
-66 -57 -62 -74 -68 
-68 -56 -57 -72 -68 
-73 -54 -62 -77 -64 
-64 -57 -63 -76 -65 
-69 -53 -59 -76 -66 
-68 -55 -62 -78 -67 
-75 -51 -63 -76 -65 
-71 -54 -59 -75 -66 
-73 -57 -56 -75 -67 
-67 -54 -56 -74 -68 
-71 -50 -61 -73 -66 
-68 -56 -58 -74 -66 
-70 -58 -57 -76 -72 
-65 -55 -57 -74 -72 
-71 -55 -57 -74 -65 
-68 -56 -64 -74 -64 
-68 -57 -58 -75 -62 
-70 -51 -56 -75 -62 
-66 -56 -62 -77 -73 
-66 -53 -58 -75 -65 
-66 -55 -56 -73 -72 
-68 -52 -59 -77 -68 
-68 -56 -57 -74 -69 
-75 -58 -57 -76 -68 
-76 -51 -57 -78 -69 
-72 -54 -57 -75 -68 
-71 -52 -57 -74 -67 
-71 -56 -60 -70 -64 
-73 -51 -58 -74 -66 
-66 -57 -59 -70 -65 
-70 -54 -60 -73 -74 
-71 -55 -60 -75 -64 
-67 -57 -62 -75 -67 
-66 -54 -58 -74 -67 
-68 -51 -63 -74 -67 
-73 -55 -57 -74 -66 
-73 -54 -57 -73 -70 
-74 -51 -58 -73 -66 
-72 -51 -57 -74 -64 
-75 -57 -57 -71 -72 
-66 -57 -58 -75 -65 
-67 -52 -56 -74 -65 
-72 -52 -57 -74 -65 
-66 -60 -57 -74 -64 
-65 -51 -63 -76 -66 
-72 -56 -56 -72 -66 
-69 -54 -56 -75 -64 
-69 -57 -59 -77 -66 
-71 -51 -62 -76 -68 
-69 -55 -56 -72 -70 
-71 -51 -54 -72 -67 
-69 -57 -61 -75 -66 
-72 -55 -56 -73 -65 
-69 -56 -62 -72 -65 
-72 -56 -57 -73 -68 
-72 -53 -57 -72 -66 
-70 -57 -56 -71 -67 
-69 -51 -55 -72 -67 
-70 -53 -57 -72 -66 
-66 -58 -57 -74 -66 
-71 -57 -57 -75 -63 
-67 -57 -62 -71 -63 
-67 -57 -58 -71 -65 
-69 -53 -57 -73 -72 
-68 -57 -55 -73 -67 
-71 -57 -57 -74 -68 
-65 -57 -56 -77 -78 
-72 -51 -56 -77 -68 
-65 -51 -55 -78 -68 
-71 -56 -57 -78 -65 
-74 -52 -61 -75 -67 
-74 -55 -57 -75 -66 
-71 -54 -58 -76 -69 
-67 -52 -58 -75 -66 
-73 -57 -63 -76 -68 
-67 -56 -58 -75 -66 
-71 -58 -58 -76 -67 
-66 -58 -55 -76 -68 
-66 -57 -62 -75 -67 
-72 -52 -58 -76 -68 
-69 -56 -56 -75 -68 
-70 -52 -58 -74 -65 
-69 -56 -56 -73 -67 
-70 -54 -60 -77 -68 
-70 -53 -59 -70 -67 
-70 -53 -57 -71 -65 
-73 -55 -63 -69 -65 
-71 -54 -59 -76 -64 
-71 -56 -62 -72 -65 
-69 -51 -59 -77 -65 
-64 -55 -59 -76 -66 
-74 -58 -62 -75 -66 
-73 -59 -57 -77 -66 
-72 -51 -62 -77 -66 
-75 -59 -60 -74 -68 
-65 -51 -56 -78 -66 
-70 -54 -63 -75 -65 
-73 -52 -54 -74 -64 
-70 -56 -61 -73 -66 
-71 -52 -55 -74 -66 
-73 -54 -59 -72 -66 
-74 -58 -60 -72 -64 
-64 -52 -60 -72 -71 
-70 -57 -58 -73 -69 
-67 -56 -58 -74 -69 
-69 -56 -59 -77 -68 
-69 -56 -59 -70 -68 
-70 -55 -59 -72 -69 
-71 -51 -59 -73 -66 
-66 -58 -60 -78 -68 
-72 -58 -59 -73 -67 
-71 -54 -60 -72 -66 
-75 -54 -60 -69 -72 
-75 -58 -60 -76 -66 
-72 -52 -60 -71 -66 
-68 -58 -60 -72 -67 
-70 -51 -62 -72 -77 
-69 -56 -61 -67 -69 
-71 -56 -60 -70 -68 
-70 -58 -60 -76 -66 
-71 -54 -61 -79 -67 
-70 -52 -59 -79 -70 
-69 -56 -59 -74 -67 
-80 -55 -59 -74 -68 
-75 -57 -59 -73 -66 
-70 -57 -58 -77 -73 
-72 -55 -59 -74 -69 
-72 -53 -62 -74 -67 
-70 -58 -57 -77 -67 
-69 -56 -63 -73 -66 
-72 -56 -59 -74 -66 
-68 -51 -63 -74 -78 
-72 -57 -56 -75 -77 
-66 -57 -63 -73 -66 
-74 -56 -64 -74 -74 
-66 -58 -58 -73 -66 
-74 -52 -58 -74 -74 
-72 -59 -58 -73 -66 
-73 -54 -60 -74 -66 
-70 -58 -57 -73 -68 
-73 -59 -57 -74 -67 
-73 -57 -57 -72 -71 
-66 -58 -60 -72 -71 
-72 -59 -63 -72 -67 
-71 -51 -57 -74 -67 
-68 -57 -63 -73 -67 
-66 -57 -57 -75 -76 
-66 -51 -63 -74 -67 
-71 -59 -57 -74 -74 
-66 -51 -63 -73 -74 
-74 -58 -57 -73 -67 
-66 -52 -57 -73 -67 
-70 -59 -56 -73 -67 
-73 -59 -57 -74 -67 
-65 -57 -64 -72 -67 
-73 -52 -57 -73 -66 
-70 -52 -56 -75 -69 
-72 -59 -57 -73 -66 
-72 -59 -56 -73 -73 
-72 -55 -56 -75 -67 
-71 -52 -57 -75 -73 
-70 -54 -57 -72 -74 
-73 -59 -63 -73 -67 
-66 -57 -57 -76 -75 
-70 -55 -60 -73 -67 
-69 -60 -57 -72 -74 
-69 -52 -63 -74 -66 
-69 -60 -57 -72 -74 
-70 -58 -63 -73 -67 
-70 -58 -60 -76 -70 
-70 -57 -57 -80 -66 
-71 -51 -63 -80 -67 
-69 -56 -55 -73 -69 
-72 -55 -62 -79 -73 
-64 -56 -58 -74 -67 
-72 -51 -58 -78 -66 
-71 -51 -57 -73 -67 
-71 -55 -58 -72 -72 
-69 -54 -59 -74 -68 
-65 -53 -57 -75 -72 
-65 -54 -58 -77 -68 
-64 -52 -62 -75 -67 
-65 -55 -58 -75 -68 
-74 -54 -62 -76 -67 
-74 -54 -56 -72 -68 
-73 -56 -62 -76 -66 
-67 -57 -57 -73 -66 
-70 -57 -57 -73 -66 
-69 -56 -58 -73 -70 
-66 -57 -58 -73 -75 
-68 -52 -59 -74 -66 
-66 -57 -63 -74 -68 
-71 -58 -59 -75 -70 
-66 -58 -57 -74 -67 
-70 -58 -63 -76 -66 
-73 -58 -57 -74 -75 
-71 -56 -63 -75 -75 
-72 -52 -56 -76 -66 
-72 -53 -60 -74 -67 
-71 -55 -60 -74 -74 
-66 -52 -56 -74 -67 
-70 -58 -58 -75 -74 
-71 -58 -60 -74 -69 
-69 -58 -57 -75 -68 
-72 -55 -57 -76 -68 
-71 -52 -57 -75 -75 
-66 -56 -64 -75 -66 
-66 -58 -56 -75 -74 
-71 -57 -57 -75 -67 
-65 -53 -64 -73 -66 
-71 -59 -56 -74 -66 
-66 -59 -64 -73 -67 
-71 -52 -57 -73 -65 
-71 -57 -64 -75 -65 
-70 -60 -58 -77 -65 
-69 -58 -60 -74 -65 
-70 -55 -63 -76 -66 
-69 -55 -56 -75 -65 
-71 -54 -58 -75 -66 
-71 -57 -62 -73 -68 
-67 -50 -55 -74 -66 
-71 -55 -62 -76 -73 
-69 -55 -58 -76 -70 
-77 -62 -60 -73 -71 
-74 -61 -58 -71 -69 
-74 -60 -60 -72 -68 
-72 -59 -59 -71 -67 
-71 -57 -62 -72 -69 
-71 -51 -61 -71 -68 
-72 -58 -62 -72 -68 
-69 -60 -61 -72 -68 
-72 -58 -62 -75 -71 
-68 -58 -61 -75 -67 
-72 -53 -61 -75 -66 
-71 -59 -57 -75 -74 
-69 -51 -61 -74 -68 
-69 -59 -57 -72 -70 
-73 -57 -62 -75 -67 
-73 -57 -63 -72 -66 
-73 -56 -58 -74 -66 
-67 -57 -65 -76 -66 
-69 -52 -64 -74 -67 
-74 -57 -58 -73 -67 
-69 -52 -64 -76 -67 
-68 -57 -58 -75 -69 
-68 -54 -63 -71 -68 
-73 -58 -57 -71 -66 
-68 -57 -60 -71 -66 
-62 -53 -59 -74 -66 
-67 -56 -58 -71 -66 
-65 -55 -61 -73 -71 
-66 -55 -58 -73 -71 
-71 -51 -58 -77 -69 
-70 -55 -60 -71 -67 
-72 -56 -60 -74 -67 
-70 -57 -64 -76 -66 
-69 -53 -61 -75 -66 
-70 -54 -57 -70 -68 
-70 -56 -59 -73 -73 
-69 -57 -61 -76 -68 
-68 -55 -57 -72 -68 
-68 -51 -64 -71 -68 
-63 -55 -63 -74 -66 
-69 -56 -58 -77 -76 
-68 -57 -60 -76 -66 
-72 -56 -58 -77 -74 
-62 -56 -64 -76 -68 
-72 -57 -58 -72 -68 
-65 -56 -56 -72 -68 
-71 -51 -58 -71 -80 
-68 -55 -57 -73 -68 
-68 -56 -56 -76 -67 
-62 -57 -56 -76 -68 
-68 -51 -56 -77 -79 
-63 -56 -58 -76 -68 
-71 -51 -56 -71 -68 
-71 -55 -56 -78 -68 
-72 -57 -56 -71 -77 
-68 -57 -57 -77 -67 
-62 -57 -57 -73 -68 
-73 -51 -56 -77 -68 
-68 -57 -58 -76 -68 
-65 -54 -57 -78 -68 
-65 -51 -64 -77 -68 
-67 -56 -57 -71 -67 
-63 -57 -64 -77 -79 
-72 -51 -57 -77 -67 
-68 -51 -64 -77 -79 
-68 -56 -58 -78 -68 
-74 -51 -64 -78 -68 
-62 -57 -56 -79 -67 
-64 -54 -59 -77 -70 
-66 -53 -57 -71 -73 
-63 -57 -57 -78 -78 
-72 -53 -57 -77 -68 
-72 -54 -59 -72 -68 
-72 -57 -63 -77 -69 
-63 -57 -57 -71 -69 
-67 -54 -61 -72 -69 
-72 -50 -64 -71 -70 
-62 -57 -60 -77 -68 
-68 -58 -63 -75 -68 
-63 -57 -58 -77 -67 
-70 -57 -63 -70 -77 
-68 -57 -63 -76 -66 
-68 -51 -57 -72 -66 
-68 -56 -63 -71 -65 
-63 -57 -56 -78 -75 
-67 -57 -64 -77 -65 
-62 -55 -59 -72 -73 
-73 -57 -63 -79 -69 
-64 -51 -59 -78 -71 
-69 -53 -58 -78 -72 
-67 -56 -61 -72 -69 
-63 -56 -57 -80 -74 
-67 -51 -57 -72 -67 
-70 -56 -57 -77 -67 
-67 -55 -59 -77 -72 
-72 -56 -58 -80 -76 
-62 -55 -57 -75 -69 
-74 -56 -63 -82 -66 
-67 -51 -63 -75 -75 
-68 -51 -59 -76 -71 
-75 -50 -64 -81 -69 
-68 -57 -63 -76 -66 
-71 -55 -57 -72 -68 
