391 15
-74 -76 -78 -66 -63 
-59 -65 -75 -66 -53 
-59 -72 -80 -72 -59 
-55 -69 -82 -68 -58 
-63 -70 -70 -64 -55 
-62 -74 -85 -71 -59 
-61 -67 -90 -68 -60 
-59 -73 -90 -64 -54 
-66 -62 -70 -71 -54 
-51 -71 -83 -65 -58 
-75 -74 -78 -65 -56 
-59 -74 -75 -71 -56 
-66 -63 -75 -66 -61 
-66 -66 -74 -70 -58 
-50 -64 -74 -65 -57 
-59 -71 -74 -63 -64 
-47 -68 -74 -65 -58 
-54 -67 -80 -64 -65 
-48 -66 -71 -73 -59 
-48 -67 -70 -66 -60 
-54 -65 -70 -65 -59 
-51 -69 -74 -71 -60 
-60 -67 -73 -65 -56 
-53 -73 -73 -73 -58 
-63 -73 -78 -64 -59 
-55 -68 -74 -64 -57 
-51 -69 -71 -65 -57 
-54 -73 -72 -64 -59 
-47 -63 -81 -77 -55 
-52 -69 -68 -74 -59 
-56 -77 -81 -74 -54 
-56 -72 -78 -65 -57 
-48 -72 -72 -75 -52 
-56 -65 -69 -66 -51 
-49 -71 -69 -63 -60 
-54 -74 -76 -64 -56 
-49 -69 -75 -64 -57 
-54 -77 -71 -76 -52 
-53 -67 -75 -65 -57 
-53 -69 -73 -70 -58 
-53 -76 -72 -66 -62 
-54 -76 -78 -64 -64 
-55 -68 -76 -65 -59 
-55 -70 -75 -65 -53 
-58 -65 -74 -66 -57 
-53 -71 -74 -66 -65 
-53 -80 -74 -71 -58 
-55 -80 -74 -67 -53 
-52 -70 -74 -72 -57 
-62 -62 -78 -67 -61 
-53 -70 -78 -71 -56 
-60 -68 -78 -68 -63 
-55 -78 -76 -68 -62 
-51 -78 -72 -71 -55 
-58 -67 -71 -67 -57 
-57 -68 -72 -66 -62 
-50 -61 -79 -68 -62 
-53 -68 -75 -67 -56 
-58 -65 -76 -65 -62 
-57 -70 -72 -70 -53 
-58 -76 -77 -68 -56 
-58 -77 -77 -71 -57 
-57 -65 -73 -68 -59 
-57 -72 -73 -63 -59 
-52 -70 -73 -72 -55 
-57 -73 -73 -71 -58 
-59 -72 -73 -65 -53 
-56 -67 -73 -66 -56 
-52 -71 -74 -68 -54 
-57 -63 -73 -65 -56 
-56 -60 -72 -65 -58 
-50 -75 -72 -65 -58 
-58 -74 -71 -72 -58 
-50 -75 -74 -66 -59 
-57 -75 -74 -64 -59 
-56 -72 -75 -67 -57 
-51 -81 -73 -65 -59 
-54 -79 -72 -69 -62 
-55 -79 -77 -64 -59 
-57 -78 -74 -74 -63 
-50 -78 -76 -64 -59 
-50 -74 -75 -65 -58 
-56 -73 -74 -65 -56 
-55 -64 -73 -65 -59 
-52 -71 -79 -63 -63 
-50 -72 -76 -66 -63 
-56 -68 -78 -71 -60 
-55 -63 -76 -71 -58 
-59 -85 -76 -62 -58 
-50 -85 -78 -68 -62 
-57 -62 -78 -62 -59 
-57 -84 -77 -72 -62 
-52 -63 -76 -66 -59 
-48 -70 -76 -72 -62 
-55 -65 -76 -70 -58 
-51 -65 -78 -71 -65 
-53 -73 -77 -68 -59 
-58 -66 -76 -62 -57 
-50 -76 -77 -63 -60 
-56 -70 -74 -66 -59 
-49 -69 -82 -69 -62 
-54 -68 -77 -66 -61 
-48 -63 -77 -62 -58 
-54 -70 -78 -68 -63 
-49 -62 -77 -63 -59 
-54 -69 -72 -63 -62 
-51 -64 -78 -69 -62 
-58 -72 -78 -68 -63 
-50 -63 -79 -68 -58 
-56 -81 -74 -67 -60 
-54 -71 -78 -70 -56 
-57 -71 -80 -65 -61 
-56 -77 -74 -64 -66 
-59 -77 -71 -73 -59 
-59 -68 -71 -64 -64 
-51 -81 -71 -72 -59 
-60 -65 -72 -72 -63 
-49 -81 -73 -64 -63 
-57 -72 -72 -64 -60 
-49 -63 -72 -74 -61 
-57 -65 -76 -63 -57 
-50 -63 -72 -67 -59 
-57 -75 -75 -65 -55 
-52 -65 -73 -65 -62 
-60 -67 -75 -65 -62 
-61 -79 -77 -68 -57 
-55 -66 -80 -64 -58 
-55 -65 -74 -64 -59 
-51 -67 -74 -65 -59 
-56 -72 -73 -65 -55 
-50 -72 -71 -66 -57 
-58 -72 -77 -72 -53 
-55 -63 -71 -67 -62 
-59 -67 -73 -66 -57 
-55 -71 -72 -71 -59 
-58 -69 -75 -67 -56 
-57 -68 -73 -73 -59 
-58 -71 -75 -67 -57 
-58 -83 -75 -67 -60 
-57 -79 -79 -66 -58 
-56 -65 -75 -65 -61 
-51 -65 -72 -78 -58 
-51 -83 -79 -65 -57 
-53 -86 -79 -71 -59 
-57 -68 -76 -65 -54 
-52 -67 -74 -70 -61 
-53 -76 -75 -67 -61 
-51 -68 -78 -67 -61 
-58 -72 -75 -67 -55 
-53 -70 -76 -71 -55 
-51 -69 -76 -66 -59 
-57 -74 -77 -77 -54 
-51 -73 -73 -77 -62 
-57 -75 -75 -70 -56 
-52 -80 -70 -81 -59 
-56 -80 -77 -65 -57 
-57 -71 -71 -66 -59 
-56 -70 -78 -66 -60 
-50 -73 -74 -66 -54 
-54 -75 -76 -66 -64 
-50 -76 -80 -65 -58 
-58 -76 -80 -65 -56 
-54 -76 -73 -73 -60 
-47 -76 -75 -64 -58 
-59 -63 -86 -76 -63 
-54 -73 -78 -76 -59 
-53 -73 -80 -67 -66 
-50 -71 -81 -66 -58 
-54 -64 -80 -70 -64 
-54 -76 -79 -73 -64 
-54 -72 -75 -66 -59 
-54 -70 -78 -72 -62 
-55 -71 -77 -71 -59 
-54 -74 -78 -67 -54 
-47 -66 -78 -75 -60 
-54 -66 -82 -64 -66 
-51 -77 -83 -69 -66 
-54 -81 -78 -77 -57 
-62 -81 -76 -64 -62 
-47 -71 -76 -63 -73 
-52 -71 -85 -65 -63 
-52 -65 -79 -65 -69 
-51 -71 -75 -65 -62 
-56 -69 -76 -65 -63 
-46 -71 -76 -63 -60 
-51 -72 -76 -64 -62 
-47 -70 -77 -65 -60 
-55 -68 -79 -65 -70 
-52 -69 -75 -77 -61 
-57 -67 -75 -75 -63 
-50 -66 -75 -67 -61 
-56 -66 -78 -75 -63 
-57 -74 -75 -64 -71 
-48 -65 -78 -76 -71 
-54 -74 -78 -64 -62 
-51 -67 -75 -64 -67 
-54 -68 -77 -78 -62 
-47 -72 -72 -64 -68 
-47 -67 -77 -79 -63 
-55 -71 -72 -63 -63 
-55 -67 -78 -70 -63 
-54 -70 -77 -64 -65 
-54 -65 -75 -64 -62 
-54 -69 -72 -72 -63 
-47 -66 -80 -65 -63 
-47 -71 -73 -64 -62 
-51 -68 -74 -64 -63 
-47 -68 -79 -63 -62 
-56 -72 -78 -76 -62 
-49 -70 -82 -75 -69 
-58 -73 -76 -70 -61 
-52 -67 -76 -63 -63 
-54 -69 -77 -70 -61 
-54 -68 -79 -78 -61 
-55 -69 -75 -67 -68 
-55 -72 -77 -72 -66 
-56 -68 -77 -64 -61 
-51 -73 -80 -64 -65 
-57 -74 -79 -64 -62 
-53 -71 -81 -63 -61 
-57 -75 -82 -77 -65 
-53 -75 -79 -63 -61 
-55 -68 -78 -64 -61 
-56 -65 -79 -64 -61 
-53 -67 -85 -64 -60 
-56 -67 -82 -64 -60 
-55 -67 -85 -64 -60 
-57 -74 -80 -63 -60 
-57 -66 -78 -63 -64 
-55 -63 -79 -63 -61 
-54 -69 -86 -71 -64 
-57 -72 -86 -64 -65 
-54 -68 -76 -72 -60 
-56 -65 -76 -62 -59 
-52 -71 -82 -61 -67 
-52 -74 -76 -82 -61 
-49 -65 -73 -81 -62 
-51 -78 -76 -77 -63 
-51 -75 -73 -65 -61 
-45 -72 -73 -62 -61 
-57 -72 -75 -64 -61 
-47 -66 -80 -63 -61 
-49 -69 -77 -64 -64 
-51 -70 -71 -63 -60 
-46 -68 -76 -64 -60 
-48 -70 -72 -64 -63 
-53 -69 -76 -73 -63 
-52 -69 -76 -72 -64 
-55 -71 -75 -65 -61 
-46 -71 -75 -81 -59 
-51 -69 -75 -65 -60 
-50 -72 -74 -65 -64 
-57 -69 -75 -65 -60 
-47 -71 -74 -65 -62 
-52 -70 -74 -65 -62 
-47 -70 -71 -80 -58 
-53 -75 -73 -64 -62 
-47 -70 -70 -79 -62 
-47 -73 -73 -64 -65 
-54 -69 -73 -64 -61 
-53 -69 -73 -64 -61 
-52 -69 -73 -71 -65 
-52 -69 -74 -63 -60 
-56 -73 -72 -63 -59 
-51 -69 -75 -65 -59 
-46 -72 -74 -63 -60 
-49 -70 -75 -71 -67 
-56 -69 -72 -77 -67 
-50 -71 -78 -62 -61 
-57 -69 -73 -77 -61 
-48 -69 -77 -65 -61 
-56 -68 -73 -77 -61 
-51 -69 -72 -65 -60 
-47 -74 -71 -78 -61 
-56 -74 -77 -62 -69 
-46 -69 -71 -79 -61 
-51 -73 -71 -63 -61 
-45 -76 -71 -79 -61 
-51 -76 -77 -63 -62 
-56 -68 -75 -63 -69 
-46 -69 -72 -73 -61 
-50 -68 -73 -62 -59 
-46 -68 -74 -77 -59 
-51 -69 -72 -62 -59 
-55 -68 -73 -78 -58 
-51 -71 -74 -63 -61 
-55 -69 -71 -78 -60 
-51 -70 -75 -63 -63 
-50 -72 -74 -81 -60 
-55 -71 -74 -64 -66 
-51 -69 -73 -64 -61 
-51 -69 -73 -81 -60 
-54 -70 -72 -63 -64 
-50 -69 -73 -82 -64 
-50 -71 -71 -71 -61 
-55 -69 -73 -63 -63 
-46 -73 -71 -64 -66 
-55 -69 -71 -63 -68 
-47 -70 -75 -81 -68 
-46 -71 -73 -64 -61 
-51 -68 -75 -64 -63 
-51 -69 -74 -64 -64 
-51 -69 -75 -64 -62 
-51 -67 -69 -84 -64 
-54 -69 -75 -84 -68 
-52 -68 -73 -63 -63 
-53 -77 -73 -72 -61 
-48 -77 -73 -79 -61 
-54 -71 -73 -64 -55 
-49 -68 -74 -66 -59 
-58 -79 -74 -66 -54 
-57 -79 -74 -65 -67 
-56 -75 -73 -70 -69 
-57 -70 -75 -65 -60 
-59 -73 -73 -66 -67 
-57 -73 -76 -65 -64 
-47 -66 -71 -74 -63 
-52 -79 -77 -64 -64 
-53 -74 -79 -74 -62 
-53 -62 -83 -64 -63 
-49 -70 -76 -62 -64 
-59 -60 -78 -63 -64 
-50 -70 -74 -62 -61 
-58 -72 -82 -69 -65 
-58 -69 -74 -62 -62 
-49 -61 -82 -61 -65 
-57 -61 -74 -62 -63 
-48 -70 -74 -61 -66 
-57 -62 -80 -72 -66 
-57 -70 -74 -63 -62 
-47 -65 -77 -63 -63 
-55 -69 -74 -63 -60 
-52 -70 -79 -62 -66 
-54 -82 -78 -69 -60 
-48 -81 -78 -62 -61 
-56 -69 -76 -62 -59 
-48 -64 -73 -62 -59 
-54 -64 -74 -75 -61 
-47 -62 -74 -65 -62 
-55 -65 -81 -75 -62 
-53 -65 -79 -65 -64 
-51 -61 -75 -73 -59 
-54 -65 -75 -66 -60 
-48 -70 -75 -72 -60 
-55 -62 -78 -67 -66 
-47 -59 -77 -72 -62 
-53 -65 -77 -71 -69 
-54 -62 -76 -66 -63 
-50 -68 -77 -68 -66 
-54 -68 -76 -72 -63 
-54 -67 -76 -64 -70 
-52 -66 -75 -68 -63 
-49 -65 -75 -64 -67 
-52 -65 -75 -63 -63 
-46 -67 -75 -63 -62 
-46 -63 -85 -73 -62 
-54 -68 -75 -72 -67 
-52 -69 -75 -68 -64 
-52 -66 -75 -64 -62 
-54 -65 -75 -63 -62 
-46 -65 -81 -73 -63 
-54 -65 -75 -64 -66 
-50 -67 -76 -73 -61 
-46 -59 -76 -65 -67 
-54 -69 -75 -73 -62 
-48 -66 -75 -65 -67 
-52 -68 -75 -74 -61 
-48 -67 -76 -64 -61 
-48 -68 -76 -64 -60 
-51 -68 -77 -64 -63 
-52 -62 -78 -63 -65 
-52 -69 -79 -64 -62 
-46 -69 -80 -63 -65 
-52 -69 -81 -79 -65 
-46 -68 -85 -68 -63 
-55 -59 -80 -64 -63 
-49 -68 -80 -71 -65 
-55 -58 -83 -77 -64 
-46 -68 -77 -77 -64 
-50 -63 -77 -64 -63 
-50 -68 -78 -65 -63 
-54 -67 -81 -65 -62 
-47 -68 -80 -69 -63 
-54 -68 -74 -65 -63 
-49 -63 -73 -68 -62 
-46 -67 -74 -62 -64 
-51 -59 -85 -62 -62 
-51 -68 -80 -62 -64 
-51 -59 -79 -76 -61 
-54 -68 -83 -76 -64 
-54 -59 -80 -63 -61 
