350 14
-53 -66 -65 -69 -52 
-55 -70 -63 -67 -52 
-54 -71 -63 -68 -54 
-53 -61 -65 -69 -51 
-53 -69 -68 -67 -53 
-54 -69 -64 -70 -52 
-54 -70 -65 -70 -59 
-54 -68 -62 -70 -53 
-54 -68 -62 -68 -65 
-59 -70 -63 -70 -61 
-60 -70 -72 -69 -53 
-56 -66 -64 -68 -58 
-54 -62 -63 -68 -71 
-54 -70 -63 -70 -51 
-54 -61 -64 -68 -74 
-59 -70 -63 -69 -60 
-59 -72 -63 -69 -54 
-54 -71 -65 -68 -66 
-54 -62 -63 -69 -54 
-56 -71 -63 -68 -54 
-60 -73 -70 -69 -56 
-54 -73 -63 -69 -54 
-59 -60 -63 -68 -54 
-61 -71 -64 -69 -53 
-61 -72 -63 -68 -58 
-56 -72 -63 -74 -51 
-54 -60 -63 -72 -51 
-56 -75 -72 -72 -56 
-58 -74 -67 -70 -51 
-55 -70 -72 -67 -62 
-55 -60 -72 -68 -51 
-54 -60 -63 -72 -69 
-54 -63 -63 -69 -58 
-54 -72 -73 -67 -51 
-54 -69 -72 -69 -52 
-58 -69 -72 -71 -66 
-54 -68 -72 -70 -52 
-60 -64 -73 -67 -52 
-54 -70 -63 -70 -61 
-60 -60 -63 -73 -52 
-54 -60 -72 -69 -51 
-60 -70 -63 -68 -51 
-56 -61 -63 -68 -63 
-54 -73 -63 -70 -52 
-61 -61 -62 -72 -63 
-61 -71 -71 -71 -52 
-54 -71 -62 -68 -73 
-61 -61 -75 -71 -72 
-54 -68 -64 -71 -54 
-55 -69 -63 -70 -54 
-59 -69 -63 -68 -58 
-54 -64 -65 -72 -53 
-61 -74 -69 -72 -53 
-58 -68 -63 -71 -52 
-55 -69 -63 -71 -53 
-60 -77 -63 -73 -51 
-57 -70 -66 -70 -54 
-56 -67 -63 -70 -54 
-54 -67 -62 -68 -57 
-55 -60 -63 -68 -52 
-54 -70 -69 -71 -53 
-54 -75 -68 -72 -56 
-54 -76 -69 -66 -50 
-55 -60 -69 -68 -54 
-59 -81 -67 -70 -55 
-59 -64 -74 -71 -51 
-52 -61 -68 -70 -58 
-58 -74 -68 -68 -52 
-58 -62 -63 -70 -59 
-54 -62 -65 -70 -49 
-51 -66 -63 -69 -57 
-51 -65 -64 -69 -50 
-56 -64 -64 -68 -56 
-56 -72 -64 -68 -66 
-53 -64 -65 -71 -61 
-53 -74 -72 -71 -54 
-62 -73 -66 -71 -56 
-60 -63 -66 -71 -57 
-57 -63 -65 -67 -55 
-51 -64 -65 -67 -80 
-53 -71 -65 -71 -57 
-57 -63 -67 -71 -60 
-56 -71 -66 -69 -63 
-54 -65 -65 -68 -62 
-55 -65 -69 -69 -61 
-59 -65 -69 -70 -67 
-58 -68 -67 -66 -60 
-56 -68 -65 -72 -56 
-56 -62 -68 -72 -58 
-53 -64 -67 -69 -57 
-55 -64 -67 -71 -60 
-56 -67 -68 -68 -57 
-56 -65 -72 -69 -63 
-54 -73 -75 -70 -60 
-54 -67 -70 -69 -53 
-58 -64 -64 -68 -74 
-54 -77 -65 -70 -54 
-54 -66 -72 -68 -61 
-53 -67 -66 -69 -61 
-53 -65 -66 -71 -53 
-52 -65 -65 -68 -60 
-53 -65 -72 -71 -59 
-53 -66 -73 -72 -54 
-54 -68 -65 -71 -62 
-57 -66 -69 -69 -59 
-52 -68 -65 -69 -57 
-53 -64 -64 -69 -59 
-53 -64 -64 -69 -60 
-54 -65 -67 -68 -61 
-55 -65 -63 -68 -60 
-57 -73 -64 -68 -60 
-56 -67 -69 -67 -62 
-54 -66 -68 -68 -62 
-58 -67 -69 -77 -62 
-58 -70 -68 -70 -59 
-60 -62 -66 -67 -59 
-56 -67 -67 -68 -59 
-58 -64 -70 -69 -60 
-58 -65 -77 -70 -60 
-58 -62 -65 -69 -59 
-59 -63 -66 -69 -59 
-62 -62 -70 -69 -56 
-71 -62 -66 -71 -64 
-64 -63 -68 -69 -61 
-66 -69 -69 -69 -57 
-60 -64 -68 -70 -58 
-59 -65 -65 -70 -59 
-58 -62 -72 -70 -56 
-60 -63 -64 -68 -56 
-60 -62 -71 -72 -59 
-61 -68 -67 -67 -58 
-61 -62 -76 -71 -66 
-71 -67 -73 -71 -67 
-69 -66 -69 -69 -68 
-56 -61 -70 -69 -68 
-67 -61 -69 -66 -60 
-59 -72 -68 -71 -58 
-67 -68 -76 -70 -71 
-65 -66 -69 -69 -60 
-70 -62 -83 -70 -57 
-59 -62 -77 -69 -59 
-58 -67 -77 -67 -55 
-57 -67 -78 -73 -79 
-56 -63 -72 -73 -53 
-57 -65 -74 -69 -59 
-61 -67 -69 -67 -60 
-57 -64 -69 -65 -58 
-59 -64 -67 -67 -57 
-60 -68 -68 -66 -55 
-59 -63 -70 -67 -61 
-61 -68 -69 -67 -58 
-59 -63 -69 -65 -60 
-59 -67 -67 -67 -57 
-62 -70 -68 -68 -57 
-62 -67 -70 -66 -63 
-64 -70 -74 -71 -57 
-62 -63 -76 -69 -56 
-63 -63 -72 -66 -54 
-61 -61 -66 -69 -55 
-59 -68 -69 -68 -60 
-60 -65 -67 -68 -66 
-57 -72 -73 -69 -59 
-60 -62 -75 -71 -63 
-57 -63 -67 -71 -63 
-59 -69 -69 -70 -57 
-60 -66 -71 -70 -75 
-62 -64 -70 -72 -63 
-58 -66 -70 -70 -54 
-58 -62 -67 -68 -72 
-55 -61 -69 -68 -57 
-68 -66 -69 -68 -71 
-57 -60 -67 -68 -69 
-63 -60 -67 -70 -69 
-54 -65 -68 -69 -59 
-54 -64 -70 -69 -67 
-54 -67 -69 -71 -62 
-63 -64 -67 -75 -65 
-53 -68 -65 -75 -75 
-55 -61 -65 -71 -74 
-59 -63 -67 -70 -61 
-53 -60 -68 -75 -64 
-58 -63 -71 -76 -61 
-52 -60 -74 -76 -72 
-54 -63 -74 -68 -62 
-56 -64 -75 -68 -65 
-54 -60 -68 -68 -66 
-54 -62 -68 -71 -65 
-53 -66 -68 -74 -68 
-53 -61 -67 -69 -64 
-57 -67 -75 -74 -60 
-54 -62 -72 -73 -65 
-57 -61 -67 -73 -68 
-54 -60 -68 -70 -69 
-54 -62 -67 -70 -72 
-54 -61 -67 -70 -69 
-57 -60 -68 -69 -71 
-55 -63 -67 -69 -59 
-58 -60 -68 -73 -68 
-54 -67 -72 -68 -71 
-54 -60 -69 -72 -59 
-54 -61 -69 -70 -68 
-53 -61 -73 -68 -68 
-56 -61 -72 -72 -70 
-53 -59 -74 -68 -67 
-53 -62 -69 -67 -59 
-53 -60 -66 -66 -71 
-56 -64 -66 -71 -61 
-54 -61 -66 -72 -71 
-58 -65 -68 -69 -71 
-54 -61 -73 -67 -71 
-59 -64 -66 -68 -70 
-53 -61 -72 -67 -61 
-58 -60 -65 -67 -67 
-53 -63 -66 -72 -68 
-55 -64 -68 -71 -71 
-56 -61 -72 -74 -59 
-52 -61 -71 -71 -63 
-55 -65 -66 -72 -60 
-52 -61 -64 -68 -65 
-53 -64 -68 -68 -59 
-53 -65 -71 -68 -67 
-53 -62 -66 -69 -66 
-53 -63 -69 -69 -67 
-54 -64 -66 -71 -68 
-54 -62 -64 -72 -66 
-57 -63 -65 -67 -66 
-55 -64 -70 -68 -69 
-54 -63 -70 -75 -69 
-54 -64 -67 -70 -61 
-56 -63 -69 -71 -62 
-55 -65 -70 -68 -71 
-56 -63 -71 -72 -65 
-62 -64 -70 -67 -62 
-63 -67 -66 -69 -65 
-59 -66 -66 -74 -67 
-60 -64 -73 -68 -67 
-58 -69 -69 -68 -71 
-61 -69 -71 -68 -61 
-59 -62 -64 -68 -71 
-58 -64 -68 -68 -65 
-55 -64 -66 -68 -71 
-58 -65 -67 -70 -72 
-58 -62 -71 -68 -70 
-60 -67 -71 -76 -77 
-57 -65 -70 -76 -64 
-60 -68 -71 -67 -64 
-56 -62 -71 -71 -69 
-56 -66 -68 -71 -77 
-58 -66 -66 -70 -67 
-54 -68 -65 -67 -62 
-56 -67 -68 -70 -69 
-53 -61 -66 -70 -61 
-57 -68 -75 -67 -61 
-54 -61 -67 -68 -66 
-54 -64 -67 -71 -68 
-55 -62 -65 -70 -65 
-54 -62 -67 -67 -61 
-54 -62 -75 -67 -71 
-57 -66 -74 -70 -65 
-54 -65 -70 -71 -69 
-55 -62 -71 -68 -64 
-54 -61 -66 -67 -68 
-54 -68 -76 -71 -59 
-54 -63 -68 -71 -64 
-57 -62 -75 -72 -69 
-55 -64 -65 -72 -61 
-54 -63 -65 -68 -70 
-57 -64 -74 -70 -61 
-55 -62 -75 -70 -68 
-54 -62 -79 -67 -60 
-60 -65 -77 -72 -61 
-58 -62 -77 -68 -61 
-56 -65 -72 -74 -61 
-56 -69 -68 -70 -57 
-60 -65 -67 -69 -59 
-55 -67 -71 -70 -55 
-59 -63 -68 -73 -59 
-55 -67 -72 -69 -58 
-61 -63 -70 -70 -58 
-61 -66 -69 -72 -54 
-57 -64 -69 -77 -59 
-58 -63 -75 -74 -54 
-60 -64 -67 -74 -61 
-58 -70 -85 -74 -61 
-58 -66 -68 -72 -61 
-58 -67 -66 -68 -57 
-59 -68 -66 -71 -55 
-58 -67 -75 -71 -55 
-58 -69 -71 -71 -59 
-56 -67 -71 -69 -55 
-57 -65 -67 -69 -55 
-57 -65 -65 -70 -55 
-57 -65 -67 -70 -56 
-56 -62 -68 -67 -57 
-56 -64 -67 -68 -55 
-56 -65 -69 -69 -56 
-56 -62 -65 -71 -57 
-57 -66 -68 -69 -55 
-55 -64 -65 -65 -58 
-57 -65 -65 -66 -57 
-55 -64 -68 -67 -54 
-55 -65 -66 -69 -57 
-57 -63 -70 -68 -55 
-55 -62 -68 -68 -55 
-57 -62 -66 -71 -59 
-55 -63 -69 -71 -54 
-56 -64 -68 -68 -55 
-56 -71 -69 -66 -54 
-58 -64 -69 -69 -57 
-56 -64 -65 -70 -55 
-57 -64 -64 -70 -59 
-57 -64 -66 -69 -58 
-58 -67 -68 -69 -60 
-57 -64 -74 -72 -60 
-60 -75 -73 -69 -54 
-59 -68 -74 -71 -56 
-55 -70 -67 -70 -62 
-54 -66 -67 -71 -55 
-56 -70 -69 -74 -55 
-56 -69 -66 -68 -69 
-61 -68 -65 -67 -58 
-58 -69 -65 -72 -59 
-57 -72 -64 -69 -60 
-60 -72 -65 -68 -63 
-56 -70 -73 -68 -62 
-56 -66 -70 -67 -61 
-58 -70 -76 -70 -65 
-57 -67 -76 -68 -61 
-60 -74 -69 -72 -64 
-56 -68 -68 -68 -59 
-61 -72 -66 -72 -59 
-61 -74 -73 -72 -59 
-59 -74 -66 -71 -59 
-62 -66 -70 -70 -76 
-59 -66 -65 -71 -60 
-62 -66 -65 -70 -71 
-57 -68 -69 -71 -71 
-57 -74 -65 -68 -60 
-54 -65 -77 -68 -66 
-60 -65 -65 -71 -60 
-58 -63 -65 -68 -63 
-62 -62 -74 -70 -71 
-56 -63 -66 -70 -60 
-57 -62 -66 -71 -64 
-65 -62 -66 -69 -59 
-58 -70 -66 -71 -62 
-59 -63 -66 -70 -59 
-57 -64 -75 -71 -59 
-64 -62 -69 -71 -61 
-59 -64 -78 -70 -62 
