376 5
-69 -66 -59 -65 -60 
-67 -62 -58 -63 -59 
-63 -66 -61 -66 -75 
-65 -62 -59 -63 -59 
-69 -62 -57 -63 -69 
-64 -80 -59 -63 -70 
-76 -60 -59 -65 -61 
-68 -59 -58 -65 -61 
-78 -69 -58 -65 -61 
-68 -61 -59 -63 -59 
-79 -61 -61 -63 -60 
-65 -69 -60 -66 -59 
-78 -69 -59 -63 -58 
-77 -60 -57 -65 -76 
-66 -68 -59 -63 -75 
-77 -62 -61 -63 -59 
-65 -68 -61 -65 -76 
-78 -68 -59 -64 -59 
-70 -64 -59 -64 -60 
-71 -70 -59 -63 -60 
-65 -62 -61 -63 -67 
-68 -78 -58 -63 -65 
-65 -65 -56 -63 -74 
-76 -66 -58 -64 -59 
-71 -84 -58 -64 -60 
-65 -64 -61 -64 -62 
-70 -65 -58 -63 -68 
-69 -66 -60 -63 -67 
-76 -66 -56 -64 -61 
-68 -70 -59 -65 -59 
-63 -64 -61 -66 -74 
-65 -72 -58 -63 -59 
-66 -66 -57 -63 -59 
-64 -74 -58 -63 -60 
-66 -66 -59 -62 -59 
-74 -82 -61 -63 -76 
-70 -61 -59 -64 -59 
-75 -61 -58 -63 -58 
-66 -79 -58 -63 -69 
-65 -62 -58 -63 -65 
-66 -67 -61 -63 -57 
-63 -64 -56 -64 -74 
-64 -62 -59 -64 -61 
-75 -69 -60 -63 -68 
-74 -75 -57 -66 -61 
-66 -76 -61 -63 -62 
-63 -60 -58 -67 -61 
-68 -60 -59 -64 -67 
-64 -66 -59 -65 -61 
-64 -73 -57 -63 -59 
-69 -71 -59 -63 -60 
-69 -65 -63 -64 -62 
-69 -68 -59 -63 -59 
-60 -71 -61 -65 -59 
-75 -64 -60 -64 -60 
-72 -60 -56 -64 -58 
-69 -62 -62 -62 -63 
-65 -64 -59 -62 -54 
-65 -73 -59 -63 -61 
-64 -67 -58 -63 -59 
-66 -74 -63 -63 -64 
-64 -60 -59 -64 -64 
-66 -71 -57 -63 -61 
-66 -61 -57 -65 -69 
-68 -63 -56 -64 -57 
-64 -69 -59 -61 -54 
-61 -65 -63 -62 -57 
-59 -63 -63 -63 -61 
-65 -63 -59 -62 -54 
-59 -65 -57 -63 -58 
-63 -68 -59 -62 -67 
-58 -62 -58 -62 -64 
-60 -69 -63 -66 -56 
-66 -60 -59 -64 -54 
-65 -60 -63 -67 -62 
-63 -67 -57 -67 -54 
-65 -60 -59 -64 -60 
-59 -60 -60 -64 -53 
-64 -62 -63 -64 -59 
-59 -74 -63 -62 -53 
-61 -66 -61 -64 -59 
-65 -69 -64 -65 -58 
-65 -63 -59 -65 -65 
-65 -68 -62 -62 -54 
-64 -66 -60 -63 -58 
-65 -59 -62 -66 -65 
-65 -71 -59 -62 -65 
-65 -72 -58 -66 -54 
-60 -62 -61 -63 -57 
-63 -63 -59 -63 -58 
-61 -60 -59 -62 -65 
-63 -60 -60 -63 -61 
-60 -60 -59 -62 -62 
-57 -59 -60 -63 -65 
-62 -62 -58 -65 -57 
-62 -71 -58 -63 -62 
-60 -62 -59 -62 -59 
-63 -62 -61 -63 -65 
-63 -76 -61 -62 -59 
-66 -68 -58 -63 -63 
-67 -64 -58 -62 -56 
-59 -64 -63 -65 -64 
-61 -69 -58 -64 -67 
-64 -73 -61 -62 -65 
-64 -59 -59 -64 -55 
-65 -59 -62 -64 -60 
-65 -65 -59 -64 -69 
-62 -74 -59 -63 -60 
-66 -62 -59 -62 -59 
-63 -77 -62 -63 -56 
-64 -59 -61 -63 -59 
-64 -59 -58 -64 -56 
-59 -59 -57 -61 -72 
-64 -60 -65 -63 -54 
-61 -61 -58 -62 -71 
-67 -62 -59 -64 -56 
-64 -59 -59 -62 -59 
-64 -62 -58 -62 -69 
-65 -62 -63 -65 -59 
-60 -63 -56 -63 -68 
-67 -68 -59 -64 -60 
-61 -62 -63 -65 -56 
-63 -70 -58 -63 -56 
-63 -63 -63 -64 -60 
-58 -63 -58 -61 -69 
-61 -65 -62 -63 -57 
-64 -68 -59 -63 -66 
-65 -62 -59 -61 -55 
-64 -69 -59 -64 -69 
-62 -63 -62 -64 -71 
-63 -60 -59 -60 -61 
-60 -62 -59 -65 -66 
-64 -60 -60 -62 -54 
-62 -62 -59 -64 -73 
-63 -62 -60 -62 -61 
-68 -71 -63 -66 -61 
-63 -61 -58 -65 -55 
-72 -63 -62 -65 -59 
-66 -61 -57 -64 -59 
-65 -61 -63 -69 -68 
-65 -74 -57 -62 -68 
-65 -62 -62 -69 -60 
-65 -62 -56 -61 -58 
-63 -74 -58 -64 -60 
-67 -61 -61 -66 -60 
-63 -62 -57 -63 -59 
-68 -60 -60 -63 -57 
-71 -62 -59 -64 -58 
-68 -62 -62 -64 -63 
-69 -61 -61 -63 -66 
-63 -73 -57 -64 -59 
-67 -59 -57 -63 -58 
-68 -60 -57 -66 -62 
-62 -61 -57 -63 -64 
-68 -63 -58 -64 -57 
-58 -61 -58 -63 -68 
-69 -67 -60 -62 -59 
-58 -72 -58 -61 -75 
-61 -73 -60 -64 -63 
-60 -62 -57 -64 -60 
-64 -58 -59 -62 -63 
-66 -62 -59 -63 -65 
-70 -60 -58 -66 -65 
-71 -70 -59 -63 -67 
-71 -69 -60 -63 -65 
-71 -68 -57 -65 -71 
-67 -62 -62 -64 -73 
-71 -63 -58 -66 -72 
-67 -65 -62 -67 -71 
-69 -62 -59 -67 -60 
-64 -61 -63 -69 -60 
-65 -61 -57 -69 -81 
-62 -62 -63 -70 -59 
-65 -62 -63 -71 -77 
-61 -60 -57 -71 -59 
-65 -63 -57 -74 -59 
-65 -61 -60 -69 -57 
-65 -69 -61 -66 -58 
-65 -61 -58 -68 -59 
-63 -73 -59 -67 -59 
-60 -72 -58 -63 -59 
-71 -60 -58 -65 -61 
-72 -67 -58 -63 -60 
-61 -64 -62 -66 -60 
-63 -62 -61 -62 -69 
-61 -62 -60 -66 -61 
-65 -72 -60 -63 -85 
-62 -65 -59 -68 -62 
-64 -66 -59 -68 -59 
-66 -63 -59 -62 -62 
-65 -62 -62 -65 -65 
-69 -60 -59 -64 -73 
-65 -59 -57 -64 -64 
-66 -61 -58 -63 -69 
-65 -62 -58 -64 -73 
-63 -70 -62 -62 -72 
-57 -65 -58 -62 -65 
-63 -60 -59 -62 -60 
-74 -62 -59 -63 -65 
-64 -63 -58 -63 -59 
-75 -62 -58 -64 -67 
-65 -62 -63 -66 -60 
-66 -61 -60 -67 -59 
-65 -60 -60 -64 -69 
-69 -69 -58 -64 -62 
-65 -60 -58 -66 -65 
-68 -60 -60 -63 -61 
-63 -63 -62 -65 -69 
-63 -60 -57 -62 -65 
-79 -65 -58 -63 -71 
-79 -64 -58 -67 -65 
-69 -75 -60 -67 -70 
-63 -59 -59 -63 -64 
-69 -65 -57 -66 -69 
-65 -81 -57 -66 -59 
-62 -64 -60 -68 -66 
-62 -75 -57 -63 -65 
-67 -61 -61 -65 -69 
-67 -80 -58 -64 -70 
-66 -62 -62 -64 -62 
-65 -62 -59 -67 -56 
-66 -60 -61 -64 -55 
-65 -78 -59 -63 -60 
-64 -63 -62 -63 -54 
-64 -72 -60 -66 -60 
-64 -62 -60 -63 -53 
-63 -64 -59 -63 -61 
-62 -72 -58 -64 -69 
-69 -60 -60 -68 -59 
-69 -72 -57 -63 -62 
-68 -68 -57 -63 -63 
-63 -62 -60 -63 -60 
-64 -63 -59 -63 -60 
-69 -63 -61 -67 -72 
-63 -78 -56 -65 -72 
-69 -65 -57 -68 -61 
-69 -73 -57 -65 -71 
-63 -64 -61 -67 -60 
-64 -63 -58 -65 -72 
-64 -65 -62 -67 -62 
-67 -63 -59 -65 -60 
-66 -66 -56 -64 -62 
-71 -72 -57 -64 -60 
-68 -66 -61 -64 -74 
-63 -60 -61 -68 -59 
-72 -60 -58 -63 -75 
-72 -68 -58 -64 -65 
-73 -68 -59 -66 -60 
-67 -66 -57 -65 -60 
-64 -67 -57 -63 -60 
-73 -68 -57 -64 -74 
-63 -71 -59 -65 -74 
-63 -67 -59 -65 -74 
-65 -70 -59 -64 -69 
-66 -68 -58 -64 -60 
-71 -66 -58 -63 -66 
-73 -68 -57 -65 -62 
-66 -60 -57 -64 -74 
-73 -60 -58 -66 -62 
-68 -67 -58 -64 -60 
-71 -66 -61 -64 -68 
-73 -66 -60 -64 -62 
-68 -65 -58 -63 -65 
-64 -64 -59 -64 -64 
-70 -70 -58 -65 -66 
-70 -69 -59 -64 -61 
-69 -60 -61 -65 -74 
-73 -70 -58 -65 -62 
-69 -70 -61 -64 -74 
-74 -71 -58 -64 -62 
-71 -60 -58 -66 -67 
-64 -69 -58 -68 -61 
-71 -72 -59 -64 -61 
-72 -70 -58 -68 -62 
-70 -71 -58 -64 -63 
-74 -59 -58 -64 -61 
-70 -70 -59 -65 -61 
-70 -69 -58 -68 -63 
-73 -71 -62 -68 -61 
-70 -71 -59 -64 -63 
-73 -68 -59 -64 -72 
-62 -71 -60 -63 -64 
-72 -70 -62 -68 -71 
-72 -69 -60 -65 -63 
-73 -59 -59 -64 -63 
-73 -66 -62 -64 -72 
-73 -70 -58 -65 -63 
-69 -69 -60 -65 -72 
-72 -71 -58 -64 -61 
-62 -70 -62 -67 -72 
-72 -59 -62 -64 -62 
-62 -70 -59 -68 -62 
-63 -70 -62 -65 -63 
-66 -70 -59 -66 -63 
-63 -69 -60 -66 -61 
-63 -69 -62 -64 -63 
-71 -69 -58 -64 -63 
-69 -60 -60 -65 -61 
-71 -69 -59 -65 -72 
-71 -68 -59 -66 -60 
-71 -68 -59 -64 -72 
-73 -68 -62 -66 -63 
-71 -69 -58 -65 -72 
-62 -58 -60 -65 -62 
-62 -67 -62 -67 -61 
-73 -59 -58 -68 -72 
-62 -71 -58 -63 -62 
-73 -66 -60 -65 -67 
-72 -68 -58 -64 -66 
-62 -71 -58 -63 -62 
-62 -67 -62 -63 -68 
-62 -71 -58 -65 -62 
-66 -67 -59 -64 -63 
-71 -59 -59 -64 -60 
-64 -71 -61 -68 -60 
-74 -71 -59 -64 -62 
-73 -57 -62 -69 -60 
-64 -65 -58 -67 -67 
-63 -71 -57 -65 -74 
-74 -59 -61 -65 -59 
-70 -70 -59 -66 -69 
-71 -69 -61 -65 -61 
-75 -59 -59 -66 -70 
-75 -71 -57 -65 -61 
-70 -58 -57 -69 -76 
-65 -71 -58 -69 -61 
-69 -68 -57 -65 -61 
-65 -70 -59 -69 -75 
-72 -68 -58 -66 -59 
-66 -71 -58 -65 -63 
-65 -59 -60 -64 -60 
-72 -59 -58 -64 -67 
-70 -69 -58 -63 -56 
-69 -60 -61 -62 -61 
-67 -61 -58 -62 -62 
-62 -61 -63 -68 -68 
-64 -67 -60 -62 -56 
-62 -69 -60 -64 -57 
-64 -59 -61 -63 -60 
-62 -65 -61 -63 -60 
-66 -61 -63 -62 -61 
-63 -67 -58 -63 -54 
-68 -61 -62 -65 -62 
-63 -67 -63 -64 -59 
-67 -60 -61 -66 -62 
-67 -58 -56 -64 -60 
-63 -57 -59 -63 -58 
-64 -57 -57 -63 -59 
-66 -61 -58 -62 -61 
-66 -66 -60 -68 -61 
-72 -78 -57 -62 -61 
-63 -62 -57 -64 -61 
-68 -86 -57 -62 -61 
-62 -62 -60 -62 -72 
-68 -62 -57 -66 -72 
-62 -62 -59 -62 -62 
-62 -62 -58 -66 -62 
-68 -72 -59 -62 -69 
-70 -63 -57 -62 -60 
-68 -62 -59 -63 -63 
-68 -78 -62 -68 -60 
-71 -69 -58 -66 -64 
-73 -63 -58 -64 -64 
-68 -75 -57 -68 -64 
-73 -62 -61 -63 -59 
-62 -68 -60 -67 -62 
-73 -62 -59 -68 -65 
-62 -65 -58 -63 -65 
-69 -65 -59 -68 -64 
-64 -64 -62 -64 -65 
-69 -64 -58 -65 -59 
-64 -64 -58 -68 -64 
-68 -75 -58 -63 -64 
-72 -64 -61 -65 -64 
-68 -64 -57 -63 -64 
-73 -75 -58 -65 -64 
