392 9
-68 -69 -66 -78 -54 
-70 -60 -66 -69 -57 
-70 -67 -68 -73 -54 
-68 -57 -65 -73 -57 
-64 -56 -71 -72 -52 
-66 -57 -65 -69 -58 
-60 -56 -76 -70 -58 
-66 -60 -63 -72 -64 
-61 -54 -66 -69 -64 
-68 -61 -66 -73 -58 
-68 -52 -77 -69 -54 
-62 -58 -78 -72 -59 
-69 -52 -77 -69 -57 
-67 -61 -66 -74 -58 
-67 -53 -63 -68 -67 
-68 -60 -66 -68 -58 
-61 -60 -77 -76 -57 
-67 -54 -64 -68 -63 
-68 -62 -73 -67 -57 
-60 -61 -64 -68 -62 
-63 -56 -79 -68 -68 
-68 -60 -66 -67 -68 
-70 -52 -64 -69 -65 
-65 -56 -66 -75 -59 
-61 -59 -72 -68 -57 
-72 -62 -67 -68 -57 
-68 -53 -67 -69 -62 
-68 -62 -63 -77 -57 
-61 -53 -69 -76 -62 
-69 -62 -62 -68 -57 
-72 -59 -77 -69 -57 
-61 -54 -68 -71 -57 
-61 -60 -78 -68 -63 
-69 -57 -66 -71 -57 
-61 -57 -65 -69 -62 
-66 -58 -64 -72 -61 
-65 -58 -70 -70 -62 
-66 -61 -71 -70 -56 
-66 -60 -66 -70 -60 
-65 -54 -63 -70 -58 
-63 -62 -69 -69 -55 
-68 -58 -65 -70 -65 
-68 -64 -65 -69 -53 
-64 -62 -73 -71 -63 
-64 -63 -70 -68 -57 
-68 -62 -65 -68 -66 
-68 -66 -71 -70 -53 
-67 -65 -65 -69 -65 
-61 -63 -72 -70 -60 
-68 -64 -65 -69 -65 
-67 -60 -73 -73 -59 
-66 -57 -65 -71 -53 
-62 -63 -80 -70 -56 
-67 -63 -65 -75 -65 
-66 -63 -74 -70 -64 
-62 -65 -75 -75 -57 
-63 -61 -75 -75 -55 
-62 -62 -64 -79 -64 
-68 -62 -64 -77 -59 
-68 -63 -70 -71 -54 
-68 -61 -73 -77 -62 
-68 -54 -76 -69 -57 
-62 -60 -77 -75 -63 
-66 -61 -69 -78 -56 
-67 -59 -74 -72 -62 
-59 -62 -77 -70 -59 
-74 -61 -70 -75 -63 
-59 -61 -65 -75 -63 
-69 -61 -67 -72 -58 
-68 -54 -67 -74 -62 
-59 -58 -69 -72 -62 
-68 -61 -66 -72 -59 
-68 -62 -70 -70 -60 
-59 -61 -80 -74 -58 
-62 -54 -72 -69 -58 
-63 -54 -65 -70 -60 
-69 -54 -73 -70 -57 
-59 -62 -67 -71 -64 
-68 -62 -65 -71 -56 
-67 -55 -72 -69 -56 
-59 -63 -65 -69 -63 
-64 -56 -67 -71 -58 
-73 -62 -71 -68 -59 
-59 -57 -65 -70 -56 
-74 -57 -72 -68 -64 
-68 -63 -64 -70 -63 
-59 -66 -64 -70 -59 
-67 -63 -64 -75 -62 
-72 -66 -64 -68 -62 
-67 -57 -74 -74 -61 
-66 -65 -64 -68 -57 
-66 -63 -64 -74 -59 
-66 -58 -72 -67 -63 
-74 -62 -63 -70 -63 
-59 -62 -71 -68 -59 
-59 -61 -63 -70 -59 
-63 -58 -67 -70 -59 
-59 -57 -63 -75 -63 
-59 -60 -63 -68 -59 
-67 -68 -72 -75 -63 
-68 -68 -64 -70 -59 
-75 -70 -63 -74 -59 
-59 -63 -64 -70 -59 
-69 -59 -69 -71 -59 
-59 -58 -64 -75 -63 
-68 -60 -75 -67 -58 
-71 -58 -69 -70 -59 
-63 -64 -75 -66 -61 
-72 -68 -64 -74 -59 
-60 -58 -75 -74 -55 
-70 -69 -65 -70 -59 
-60 -62 -74 -75 -59 
-66 -58 -64 -68 -55 
-67 -60 -64 -71 -63 
-67 -65 -64 -75 -56 
-68 -57 -72 -67 -56 
-59 -62 -64 -75 -57 
-70 -67 -63 -72 -58 
-72 -58 -70 -73 -56 
-70 -68 -64 -68 -56 
-71 -62 -64 -68 -64 
-59 -62 -64 -74 -56 
-71 -60 -64 -70 -56 
-71 -64 -64 -72 -58 
-71 -57 -63 -68 -64 
-66 -62 -68 -74 -59 
-69 -62 -64 -69 -61 
-69 -60 -68 -73 -58 
-69 -57 -64 -74 -65 
-60 -61 -72 -73 -56 
-67 -65 -67 -74 -61 
-68 -62 -64 -69 -65 
-59 -63 -65 -74 -57 
-67 -63 -65 -69 -58 
-73 -62 -65 -73 -61 
-74 -56 -65 -70 -58 
-74 -62 -65 -73 -57 
-75 -59 -65 -71 -57 
-67 -61 -65 -69 -58 
-60 -61 -64 -74 -57 
-76 -56 -65 -70 -57 
-60 -59 -66 -72 -58 
-67 -61 -65 -69 -58 
-60 -57 -66 -74 -64 
-72 -61 -65 -69 -57 
-69 -63 -64 -70 -57 
-59 -61 -66 -70 -64 
-69 -62 -64 -70 -57 
-67 -54 -69 -69 -64 
-58 -61 -64 -74 -57 
-70 -62 -65 -69 -57 
-68 -63 -72 -72 -61 
-59 -63 -64 -71 -59 
-72 -55 -70 -74 -58 
-68 -61 -65 -71 -59 
-73 -56 -70 -73 -59 
-72 -61 -64 -71 -57 
-68 -64 -65 -74 -64 
-66 -64 -65 -72 -57 
-68 -64 -71 -70 -58 
-74 -56 -64 -73 -58 
-70 -63 -69 -71 -62 
-71 -62 -73 -73 -63 
-64 -62 -67 -69 -60 
-69 -56 -69 -72 -56 
-68 -61 -65 -69 -61 
-73 -58 -65 -71 -60 
-70 -56 -69 -70 -61 
-66 -61 -68 -69 -58 
-65 -57 -65 -69 -64 
-70 -64 -71 -68 -65 
-67 -66 -65 -68 -59 
-69 -66 -75 -69 -64 
-63 -60 -65 -69 -55 
-66 -58 -74 -74 -56 
-67 -66 -64 -69 -58 
-66 -66 -75 -72 -59 
-60 -62 -64 -69 -58 
-67 -60 -65 -73 -63 
-65 -62 -63 -69 -59 
-60 -63 -73 -71 -59 
-69 -62 -64 -68 -57 
-70 -69 -63 -75 -60 
-64 -65 -64 -74 -58 
-71 -59 -64 -71 -60 
-71 -68 -64 -77 -60 
-66 -63 -74 -76 -64 
-71 -72 -64 -66 -59 
-59 -60 -64 -71 -64 
-71 -69 -71 -75 -64 
-68 -62 -63 -70 -58 
-60 -58 -63 -70 -55 
-71 -66 -63 -70 -60 
-66 -72 -72 -70 -55 
-71 -63 -72 -66 -60 
-66 -62 -66 -72 -62 
-65 -71 -67 -68 -58 
-69 -71 -71 -70 -63 
-68 -63 -64 -66 -60 
-68 -71 -63 -74 -56 
-61 -62 -64 -68 -60 
-63 -67 -67 -66 -59 
-66 -63 -63 -68 -57 
-58 -62 -72 -66 -57 
-74 -62 -63 -72 -57 
-73 -62 -63 -66 -60 
-71 -69 -63 -66 -56 
-71 -62 -63 -72 -62 
-68 -64 -69 -75 -60 
-67 -69 -62 -68 -59 
-72 -59 -63 -67 -57 
-59 -69 -63 -68 -60 
-72 -65 -63 -75 -60 
-69 -63 -63 -71 -56 
-59 -69 -73 -68 -56 
-68 -69 -64 -71 -59 
-68 -61 -72 -66 -55 
-68 -70 -64 -66 -59 
-68 -63 -76 -68 -57 
-58 -63 -76 -66 -59 
-67 -63 -63 -72 -60 
-77 -63 -79 -69 -59 
-67 -62 -69 -69 -58 
-78 -69 -62 -69 -57 
-66 -62 -63 -77 -59 
-74 -62 -64 -68 -57 
-58 -66 -63 -75 -56 
-59 -57 -78 -67 -60 
-72 -64 -64 -67 -56 
-66 -61 -64 -69 -59 
-68 -60 -72 -68 -55 
-60 -61 -64 -71 -55 
-63 -63 -66 -72 -56 
-58 -62 -67 -78 -58 
-69 -62 -66 -75 -62 
-59 -58 -64 -75 -57 
-74 -59 -69 -70 -56 
-66 -58 -65 -70 -66 
-62 -60 -70 -68 -60 
-66 -58 -63 -71 -60 
-61 -60 -70 -69 -54 
-73 -62 -64 -69 -54 
-71 -60 -78 -72 -62 
-69 -62 -68 -72 -57 
-57 -61 -64 -68 -62 
-59 -60 -69 -67 -62 
-56 -64 -65 -68 -58 
-61 -63 -70 -72 -56 
-58 -62 -70 -64 -59 
-64 -64 -64 -72 -60 
-60 -63 -77 -65 -62 
-68 -63 -64 -72 -62 
-66 -59 -70 -65 -60 
-69 -63 -68 -65 -57 
-68 -62 -68 -69 -62 
-68 -62 -71 -71 -57 
-61 -61 -67 -67 -62 
-67 -61 -70 -68 -59 
-66 -63 -70 -71 -54 
-63 -61 -65 -65 -55 
-65 -64 -68 -64 -57 
-68 -63 -68 -65 -56 
-67 -62 -67 -64 -55 
-62 -57 -71 -68 -57 
-66 -57 -66 -63 -61 
-67 -64 -66 -72 -57 
-66 -65 -72 -64 -59 
-69 -64 -69 -64 -54 
-64 -61 -69 -64 -57 
-66 -65 -68 -64 -54 
-60 -61 -68 -64 -59 
-59 -65 -68 -73 -58 
-65 -58 -78 -62 -57 
-65 -65 -69 -73 -59 
-62 -58 -69 -73 -62 
-59 -65 -67 -63 -62 
-67 -58 -66 -64 -54 
-66 -65 -68 -65 -62 
-59 -63 -65 -65 -57 
-59 -59 -81 -69 -62 
-60 -61 -68 -64 -54 
-66 -58 -78 -64 -57 
-59 -58 -67 -74 -54 
-65 -60 -70 -64 -54 
-68 -61 -67 -74 -63 
-65 -61 -81 -64 -63 
-65 -60 -66 -64 -57 
-66 -64 -82 -64 -62 
-66 -57 -66 -64 -54 
-59 -57 -70 -64 -57 
-65 -62 -66 -64 -55 
-65 -64 -81 -64 -57 
-65 -61 -71 -68 -54 
-65 -57 -81 -73 -57 
-67 -64 -70 -73 -54 
-59 -64 -82 -64 -63 
-67 -57 -69 -72 -62 
-59 -61 -69 -64 -54 
-67 -65 -79 -64 -62 
-67 -58 -66 -72 -57 
-63 -60 -69 -64 -58 
-67 -64 -67 -68 -57 
-67 -63 -69 -72 -63 
-67 -65 -68 -67 -55 
-57 -59 -68 -73 -57 
-68 -65 -66 -64 -57 
-68 -63 -68 -73 -61 
-62 -62 -70 -63 -60 
-61 -59 -70 -65 -55 
-62 -62 -66 -63 -57 
-59 -58 -66 -64 -62 
-67 -63 -78 -68 -57 
-68 -60 -66 -65 -63 
-69 -61 -71 -67 -59 
-69 -68 -68 -64 -56 
-69 -63 -63 -66 -62 
-69 -65 -68 -70 -56 
-58 -65 -76 -69 -57 
-58 -64 -68 -65 -55 
-65 -65 -64 -65 -57 
-59 -65 -70 -67 -56 
-68 -62 -70 -70 -57 
-66 -65 -66 -65 -55 
-66 -65 -81 -71 -64 
-64 -62 -65 -66 -57 
-64 -61 -65 -71 -62 
-65 -61 -64 -67 -59 
-66 -63 -71 -66 -57 
-65 -58 -66 -73 -56 
-66 -62 -73 -72 -56 
-66 -56 -81 -74 -56 
-59 -57 -66 -65 -54 
-66 -63 -77 -75 -54 
-59 -58 -77 -65 -56 
-65 -62 -68 -65 -54 
-59 -58 -67 -68 -57 
-64 -64 -73 -65 -59 
-58 -59 -68 -73 -54 
-58 -63 -80 -63 -56 
-59 -63 -70 -69 -54 
-67 -63 -69 -75 -56 
-58 -66 -66 -75 -54 
-64 -59 -65 -64 -56 
-66 -63 -65 -65 -63 
-72 -62 -74 -74 -54 
-70 -61 -71 -68 -63 
-65 -59 -78 -64 -59 
-70 -59 -64 -72 -62 
-58 -64 -80 -65 -62 
-68 -61 -65 -64 -63 
-57 -61 -68 -68 -57 
-68 -58 -64 -70 -56 
-68 -62 -79 -66 -62 
-57 -59 -72 -66 -57 
-67 -62 -72 -71 -62 
-56 -59 -69 -65 -57 
-68 -64 -69 -65 -56 
-67 -64 -65 -64 -62 
-67 -62 -68 -64 -62 
-65 -65 -64 -63 -57 
-57 -61 -80 -71 -56 
-67 -57 -65 -64 -63 
-64 -62 -79 -64 -57 
-64 -58 -68 -71 -55 
-67 -62 -68 -64 -57 
-63 -62 -86 -71 -55 
-67 -64 -65 -63 -55 
-59 -62 -70 -63 -57 
-65 -60 -65 -67 -58 
-59 -57 -65 -64 -57 
-65 -60 -69 -63 -55 
-66 -58 -70 -71 -59 
-64 -59 -66 -63 -58 
-59 -62 -65 -63 -56 
-66 -58 -65 -64 -57 
-62 -61 -70 -68 -57 
-59 -63 -65 -65 -57 
-65 -64 -83 -65 -62 
-60 -59 -66 -65 -56 
-65 -64 -81 -72 -57 
-64 -65 -68 -65 -57 
-65 -60 -82 -65 -56 
-65 -65 -66 -70 -61 
-62 -58 -65 -66 -56 
-58 -62 -68 -65 -57 
-65 -62 -68 -66 -56 
-66 -62 -66 -70 -59 
-65 -62 -68 -66 -58 
-66 -62 -67 -74 -54 
-67 -58 -67 -66 -61 
-68 -62 -68 -72 -61 
-69 -57 -64 -72 -54 
