371 1
-61 -52 -64 -61 -72 
-59 -54 -58 -65 -59 
-62 -60 -75 -73 -69 
-58 -55 -81 -61 -59 
-61 -52 -69 -61 -71 
-63 -54 -73 -71 -63 
-61 -58 -69 -62 -70 
-59 -54 -59 -61 -57 
-61 -55 -63 -61 -65 
-61 -60 -67 -60 -59 
-64 -60 -59 -62 -71 
-63 -51 -64 -77 -69 
-58 -60 -59 -61 -71 
-63 -60 -64 -77 -69 
-62 -51 -60 -66 -69 
-61 -51 -63 -77 -64 
-63 -61 -59 -67 -59 
-58 -54 -65 -76 -68 
-61 -61 -80 -67 -61 
-60 -54 -59 -60 -70 
-60 -56 -65 -66 -65 
-60 -54 -83 -79 -58 
-63 -54 -60 -62 -70 
-59 -51 -58 -79 -59 
-63 -61 -86 -62 -59 
-60 -56 -86 -73 -68 
-63 -51 -60 -62 -69 
-61 -54 -72 -62 -64 
-62 -57 -65 -62 -70 
-62 -54 -62 -78 -68 
-64 -60 -60 -66 -59 
-60 -54 -82 -77 -59 
-64 -60 -60 -67 -69 
-60 -54 -60 -77 -73 
-61 -56 -63 -66 -70 
-62 -57 -59 -67 -65 
-64 -52 -77 -64 -71 
-61 -60 -78 -66 -69 
-63 -53 -77 -77 -59 
-59 -55 -77 -74 -58 
-60 -61 -77 -62 -69 
-63 -61 -64 -77 -69 
-64 -51 -61 -77 -70 
-63 -60 -75 -61 -70 
-63 -54 -61 -61 -58 
-62 -61 -73 -63 -59 
-60 -55 -69 -74 -68 
-62 -55 -60 -77 -69 
-62 -60 -75 -65 -70 
-63 -51 -60 -73 -69 
-63 -54 -72 -66 -63 
-64 -60 -63 -61 -69 
-59 -51 -63 -76 -59 
-62 -51 -61 -63 -68 
-63 -52 -62 -72 -59 
-64 -52 -63 -65 -69 
-64 -60 -63 -77 -58 
-64 -54 -62 -68 -67 
-59 -61 -63 -63 -58 
-60 -56 -65 -69 -63 
-64 -52 -60 -76 -68 
-58 -54 -61 -62 -64 
-62 -58 -66 -68 -64 
-64 -52 -65 -65 -63 
-64 -54 -72 -78 -71 
-63 -51 -71 -72 -63 
-63 -60 -71 -67 -71 
-63 -51 -63 -63 -67 
-61 -53 -61 -64 -74 
-62 -59 -66 -60 -76 
-61 -54 -62 -62 -76 
-61 -61 -65 -82 -76 
-61 -50 -63 -64 -65 
-63 -61 -64 -60 -71 
-60 -60 -67 -65 -60 
-63 -51 -66 -78 -60 
-61 -54 -64 -64 -64 
-63 -54 -66 -77 -61 
-64 -50 -65 -63 -66 
-59 -61 -65 -65 -58 
-59 -55 -64 -65 -66 
-63 -56 -66 -61 -63 
-63 -61 -70 -64 -66 
-60 -55 -65 -65 -63 
-62 -50 -64 -76 -60 
-59 -50 -68 -63 -59 
-61 -51 -67 -65 -61 
-61 -60 -67 -65 -63 
-59 -54 -66 -77 -64 
-63 -60 -67 -86 -64 
-64 -57 -66 -62 -65 
-61 -54 -67 -61 -65 
-62 -61 -67 -65 -69 
-63 -52 -65 -62 -66 
-64 -55 -66 -70 -62 
-61 -56 -64 -74 -67 
-60 -62 -64 -80 -67 
-61 -54 -63 -72 -72 
-61 -54 -64 -61 -75 
-63 -51 -62 -62 -61 
-63 -56 -66 -77 -69 
-60 -51 -64 -77 -68 
-64 -61 -64 -67 -70 
-64 -61 -62 -66 -61 
-64 -57 -59 -81 -66 
-59 -55 -65 -72 -60 
-59 -53 -59 -63 -60 
-58 -63 -57 -77 -62 
-62 -55 -66 -73 -66 
-63 -50 -63 -65 -67 
-67 -59 -62 -62 -69 
-66 -58 -61 -67 -66 
-65 -50 -64 -67 -60 
-61 -55 -61 -69 -58 
-66 -55 -63 -67 -59 
-62 -51 -60 -66 -62 
-67 -60 -66 -76 -70 
-69 -48 -66 -68 -82 
-70 -63 -63 -89 -59 
-64 -50 -58 -77 -62 
-63 -56 -61 -65 -70 
-65 -50 -60 -64 -67 
-62 -60 -60 -75 -59 
-65 -60 -63 -72 -60 
-62 -64 -60 -69 -60 
-63 -56 -67 -60 -63 
-59 -60 -62 -61 -60 
-63 -55 -63 -62 -66 
-59 -60 -64 -63 -73 
-62 -53 -62 -63 -67 
-63 -60 -63 -83 -59 
-62 -56 -62 -72 -67 
-62 -61 -60 -69 -68 
-59 -62 -61 -78 -61 
-59 -62 -58 -69 -65 
-59 -50 -68 -69 -60 
-62 -60 -69 -79 -69 
-62 -57 -59 -64 -61 
-61 -49 -61 -65 -62 
-59 -55 -71 -70 -65 
-62 -56 -61 -63 -66 
-60 -57 -71 -69 -66 
-61 -56 -70 -68 -66 
-62 -50 -63 -69 -66 
-59 -61 -65 -82 -62 
-60 -49 -66 -64 -65 
-60 -57 -59 -82 -60 
-57 -49 -59 -65 -66 
-57 -61 -67 -68 -61 
-63 -61 -65 -83 -66 
-60 -50 -67 -69 -67 
-59 -61 -59 -69 -60 
-60 -56 -60 -64 -66 
-60 -49 -68 -69 -65 
-62 -49 -59 -82 -67 
-60 -61 -67 -69 -66 
-63 -49 -64 -84 -67 
-60 -55 -62 -65 -65 
-60 -61 -64 -68 -67 
-60 -49 -60 -63 -66 
-59 -57 -68 -69 -61 
-59 -52 -64 -74 -62 
-61 -48 -64 -83 -66 
-58 -62 -61 -65 -64 
-63 -56 -68 -65 -66 
-60 -58 -62 -73 -62 
-60 -48 -64 -69 -62 
-60 -58 -64 -77 -65 
-60 -55 -67 -73 -66 
-60 -58 -61 -67 -66 
-60 -49 -60 -84 -66 
-61 -62 -61 -73 -65 
-60 -48 -69 -82 -66 
-58 -54 -70 -67 -66 
-60 -48 -63 -83 -62 
-63 -54 -70 -83 -65 
-59 -54 -63 -68 -62 
-63 -48 -61 -83 -65 
-59 -62 -70 -67 -65 
-59 -48 -62 -82 -65 
-63 -54 -70 -83 -65 
-59 -49 -71 -68 -66 
-60 -55 -62 -71 -65 
-63 -62 -62 -65 -60 
-59 -48 -62 -82 -64 
-64 -62 -62 -63 -66 
-60 -50 -64 -67 -65 
-64 -48 -69 -68 -66 
-59 -48 -62 -63 -66 
-58 -55 -69 -66 -65 
-59 -62 -63 -83 -65 
-64 -56 -60 -67 -61 
-64 -62 -69 -82 -66 
-59 -54 -64 -68 -64 
-61 -55 -60 -67 -66 
-61 -54 -58 -83 -65 
-63 -48 -65 -68 -64 
-58 -51 -58 -67 -66 
-61 -54 -64 -65 -67 
-63 -48 -68 -66 -66 
-58 -49 -62 -84 -60 
-63 -49 -67 -66 -64 
-58 -55 -59 -83 -65 
-59 -54 -61 -83 -63 
-63 -62 -59 -83 -60 
-59 -62 -62 -67 -65 
-61 -51 -65 -71 -65 
-64 -56 -65 -65 -62 
-60 -54 -64 -80 -63 
-59 -50 -66 -78 -66 
-59 -60 -66 -78 -67 
-58 -48 -60 -78 -68 
-64 -51 -61 -71 -66 
-58 -60 -68 -68 -61 
-58 -47 -64 -72 -60 
-63 -54 -67 -63 -60 
-58 -48 -60 -65 -67 
-58 -54 -64 -71 -62 
-64 -54 -64 -80 -60 
-60 -47 -62 -69 -65 
-64 -61 -67 -64 -65 
-57 -61 -64 -65 -63 
-58 -55 -65 -80 -62 
-60 -55 -59 -63 -66 
-58 -47 -60 -79 -65 
-59 -61 -66 -68 -66 
-64 -53 -65 -72 -65 
-63 -54 -60 -81 -60 
-59 -51 -63 -82 -63 
-60 -62 -68 -81 -66 
-58 -47 -68 -65 -60 
-59 -62 -59 -63 -65 
-58 -56 -67 -67 -60 
-59 -55 -66 -66 -61 
-64 -62 -66 -74 -62 
-58 -62 -63 -64 -64 
-58 -56 -58 -66 -61 
-60 -62 -59 -80 -65 
-61 -51 -64 -66 -61 
-59 -48 -59 -66 -60 
-61 -58 -68 -64 -65 
-59 -58 -66 -66 -65 
-60 -54 -64 -67 -65 
-59 -48 -63 -77 -67 
-59 -54 -68 -66 -65 
-60 -54 -60 -78 -60 
-64 -63 -68 -67 -60 
-62 -54 -61 -69 -66 
-59 -54 -69 -78 -66 
-64 -63 -63 -66 -66 
-60 -54 -60 -67 -67 
-64 -54 -66 -72 -63 
-60 -54 -62 -78 -66 
-62 -57 -63 -68 -67 
-59 -63 -63 -65 -60 
-65 -54 -68 -67 -67 
-61 -54 -63 -77 -59 
-59 -63 -60 -64 -66 
-59 -59 -62 -64 -61 
-59 -58 -67 -69 -62 
-60 -54 -64 -76 -66 
-63 -51 -64 -66 -66 
-61 -55 -64 -69 -66 
-60 -63 -59 -77 -60 
-63 -51 -59 -71 -60 
-66 -53 -66 -64 -64 
-61 -54 -63 -77 -67 
-64 -57 -64 -77 -66 
-64 -49 -61 -77 -65 
-61 -57 -63 -64 -63 
-63 -51 -63 -76 -65 
-66 -61 -60 -64 -65 
-65 -51 -65 -68 -68 
-63 -62 -60 -65 -65 
-62 -55 -63 -64 -62 
-58 -62 -67 -65 -60 
-61 -50 -61 -70 -66 
-59 -57 -63 -69 -64 
-62 -60 -62 -69 -60 
-58 -55 -62 -73 -69 
-62 -55 -66 -70 -68 
-66 -49 -59 -69 -60 
-59 -62 -59 -64 -66 
-65 -49 -59 -69 -60 
-58 -63 -66 -65 -61 
-59 -54 -66 -80 -67 
-61 -58 -64 -72 -60 
-59 -63 -68 -64 -63 
-61 -54 -68 -64 -67 
-65 -54 -62 -65 -64 
-64 -51 -72 -63 -68 
-62 -54 -58 -63 -65 
-61 -53 -59 -65 -60 
-65 -63 -56 -62 -70 
-65 -51 -60 -81 -59 
-63 -59 -56 -63 -76 
-65 -60 -62 -63 -66 
-65 -52 -60 -62 -59 
-64 -63 -61 -63 -77 
-66 -54 -63 -71 -68 
-58 -59 -71 -73 -59 
-58 -61 -69 -83 -60 
-66 -61 -59 -68 -61 
-62 -56 -63 -62 -65 
-60 -56 -64 -78 -59 
-60 -57 -62 -67 -61 
-59 -50 -67 -67 -58 
-59 -55 -62 -67 -69 
-60 -56 -61 -90 -64 
-62 -61 -67 -63 -59 
-62 -53 -61 -81 -59 
-61 -64 -67 -83 -68 
-61 -64 -60 -69 -63 
-61 -53 -61 -71 -71 
-59 -53 -65 -69 -60 
-65 -51 -67 -78 -68 
-58 -53 -67 -68 -66 
-60 -54 -63 -65 -64 
-58 -52 -62 -69 -66 
-61 -57 -59 -65 -66 
-61 -50 -62 -69 -67 
-61 -58 -66 -73 -66 
-63 -58 -62 -73 -63 
-61 -51 -67 -63 -67 
-64 -59 -63 -65 -62 
-60 -59 -62 -74 -61 
-60 -59 -66 -68 -61 
-60 -58 -63 -63 -61 
-64 -52 -65 -65 -67 
-63 -63 -63 -70 -61 
-58 -59 -65 -64 -70 
-60 -51 -62 -80 -65 
-63 -62 -60 -80 -61 
-60 -62 -65 -69 -62 
-58 -57 -62 -66 -67 
-63 -56 -62 -62 -59 
-61 -57 -62 -77 -59 
-64 -57 -65 -68 -64 
-64 -58 -62 -74 -63 
-64 -55 -63 -64 -59 
-59 -57 -59 -64 -61 
-61 -50 -66 -69 -62 
-65 -54 -65 -63 -68 
-62 -50 -63 -62 -64 
-60 -58 -62 -71 -65 
-60 -50 -59 -68 -66 
-66 -59 -62 -62 -66 
-60 -60 -59 -67 -66 
-65 -55 -62 -68 -60 
-65 -60 -59 -76 -67 
-64 -49 -69 -63 -63 
-59 -58 -61 -78 -64 
-60 -49 -61 -65 -60 
-61 -54 -61 -66 -68 
-59 -49 -61 -63 -67 
-65 -52 -66 -67 -63 
-66 -49 -72 -80 -59 
-58 -54 -64 -70 -59 
-63 -53 -75 -63 -60 
-66 -53 -61 -77 -61 
-61 -53 -72 -62 -59 
-59 -50 -60 -66 -61 
-62 -53 -72 -64 -63 
-62 -54 -71 -63 -66 
-62 -49 -61 -76 -66 
-65 -49 -71 -63 -61 
-61 -54 -62 -63 -63 
-63 -53 -69 -78 -60 
-66 -55 -61 -76 -63 
-64 -49 -61 -71 -63 
-67 -55 -61 -68 -63 
