365 12
-56 -85 -71 -76 -67 
-62 -62 -72 -79 -61 
-68 -77 -70 -74 -61 
-60 -66 -70 -77 -70 
-71 -62 -70 -70 -81 
-57 -62 -71 -73 -62 
-57 -61 -71 -75 -70 
-61 -72 -73 -74 -64 
-65 -80 -71 -74 -67 
-63 -70 -71 -75 -67 
-65 -62 -71 -71 -72 
-74 -73 -75 -72 -65 
-57 -62 -75 -71 -64 
-68 -62 -70 -75 -64 
-55 -75 -74 -75 -69 
-63 -62 -70 -72 -68 
-55 -75 -74 -72 -66 
-62 -65 -83 -78 -68 
-72 -63 -74 -74 -66 
-58 -63 -75 -76 -66 
-82 -62 -75 -74 -61 
-62 -72 -75 -73 -71 
-69 -60 -74 -73 -62 
-56 -68 -80 -72 -65 
-58 -65 -75 -78 -69 
-73 -69 -81 -78 -65 
-58 -64 -73 -74 -67 
-62 -69 -72 -74 -62 
-58 -61 -72 -75 -75 
-62 -72 -74 -75 -65 
-65 -72 -77 -71 -74 
-59 -62 -72 -81 -66 
-67 -65 -70 -80 -68 
-57 -69 -71 -76 -65 
-57 -62 -76 -72 -66 
-62 -62 -75 -72 -66 
-86 -75 -75 -79 -73 
-65 -63 -81 -69 -67 
-91 -61 -73 -80 -74 
-74 -62 -73 -72 -71 
-56 -69 -77 -70 -65 
-77 -62 -73 -70 -74 
-64 -74 -71 -73 -64 
-57 -61 -70 -77 -73 
-61 -63 -72 -73 -67 
-68 -71 -83 -70 -67 
-65 -64 -71 -70 -68 
-60 -62 -73 -81 -65 
-66 -66 -71 -73 -65 
-65 -74 -71 -71 -65 
-71 -62 -71 -83 -68 
-69 -74 -71 -84 -66 
-67 -62 -79 -81 -67 
-66 -63 -75 -77 -67 
-66 -74 -75 -77 -68 
-65 -62 -70 -81 -68 
-58 -68 -71 -70 -67 
-54 -65 -71 -83 -68 
-56 -76 -70 -80 -66 
-77 -62 -70 -81 -63 
-62 -61 -78 -81 -65 
-78 -63 -74 -69 -66 
-56 -74 -69 -82 -66 
-77 -65 -80 -81 -69 
-56 -74 -73 -83 -66 
-66 -65 -77 -82 -64 
-56 -66 -74 -80 -64 
-60 -62 -69 -80 -70 
-75 -70 -77 -72 -68 
-55 -65 -69 -78 -66 
-67 -75 -72 -77 -68 
-56 -61 -69 -77 -61 
-56 -68 -72 -75 -63 
-56 -70 -70 -77 -65 
-56 -73 -75 -71 -67 
-56 -64 -75 -77 -68 
-64 -64 -70 -78 -63 
-56 -75 -76 -71 -68 
-63 -65 -70 -75 -69 
-59 -66 -73 -74 -64 
-58 -68 -69 -75 -65 
-58 -62 -69 -82 -69 
-66 -75 -70 -74 -64 
-65 -74 -77 -77 -62 
-60 -77 -74 -72 -72 
-67 -63 -70 -81 -71 
-54 -62 -79 -70 -62 
-69 -62 -72 -76 -68 
-65 -62 -74 -74 -65 
-65 -80 -68 -73 -77 
-59 -62 -78 -77 -68 
-60 -63 -75 -77 -71 
-64 -81 -75 -78 -62 
-60 -63 -69 -74 -76 
-60 -63 -75 -77 -66 
-58 -63 -73 -82 -68 
-60 -82 -75 -75 -74 
-63 -63 -68 -86 -74 
-61 -71 -70 -72 -68 
-58 -84 -70 -78 -79 
-64 -83 -79 -72 -63 
-64 -63 -72 -84 -70 
-64 -64 -79 -74 -70 
-60 -62 -75 -74 -78 
-59 -63 -76 -76 -63 
-61 -65 -78 -77 -75 
-62 -63 -76 -73 -77 
-61 -72 -75 -82 -64 
-63 -84 -77 -73 -63 
-60 -62 -70 -74 -63 
-60 -64 -81 -77 -68 
-59 -62 -75 -74 -71 
-62 -85 -78 -82 -71 
-59 -64 -81 -82 -66 
-61 -63 -80 -85 -66 
-62 -73 -77 -73 -76 
-61 -64 -70 -87 -71 
-59 -63 -79 -82 -74 
-59 -64 -74 -78 -63 
-61 -66 -69 -72 -67 
-62 -73 -68 -76 -73 
-63 -63 -75 -74 -76 
-63 -84 -73 -75 -72 
-62 -70 -76 -77 -64 
-60 -64 -69 -77 -73 
-61 -63 -72 -76 -63 
-60 -82 -71 -74 -67 
-63 -64 -73 -74 -73 
-65 -62 -73 -72 -70 
-60 -62 -80 -89 -77 
-61 -64 -72 -80 -63 
-67 -62 -69 -75 -68 
-72 -62 -69 -80 -64 
-64 -63 -75 -77 -66 
-57 -62 -70 -75 -64 
-56 -61 -78 -75 -65 
-86 -66 -78 -78 -65 
-84 -73 -69 -78 -74 
-63 -65 -79 -79 -81 
-58 -77 -74 -74 -81 
-57 -62 -69 -73 -62 
-74 -75 -69 -85 -78 
-65 -63 -75 -76 -66 
-67 -61 -77 -78 -64 
-75 -66 -71 -76 -62 
-59 -62 -74 -78 -62 
-67 -65 -74 -71 -62 
-61 -71 -75 -75 -78 
-71 -71 -81 -79 -62 
-58 -66 -73 -76 -68 
-56 -63 -79 -77 -70 
-68 -70 -76 -76 -76 
-59 -63 -75 -78 -60 
-69 -70 -79 -78 -72 
-59 -63 -75 -76 -72 
-69 -71 -80 -78 -68 
-70 -63 -75 -76 -73 
-60 -63 -75 -78 -71 
-70 -63 -80 -77 -62 
-60 -65 -74 -77 -67 
-70 -65 -74 -77 -63 
-61 -72 -78 -80 -63 
-65 -61 -71 -78 -74 
-59 -73 -69 -78 -61 
-66 -65 -71 -75 -71 
-61 -64 -71 -74 -63 
-76 -66 -72 -76 -69 
-69 -70 -72 -75 -65 
-58 -65 -79 -77 -66 
-65 -68 -75 -72 -65 
-58 -69 -75 -76 -64 
-72 -69 -75 -75 -64 
-59 -61 -75 -72 -65 
-79 -65 -76 -80 -65 
-80 -64 -73 -73 -74 
-61 -71 -76 -73 -67 
-59 -66 -72 -78 -72 
-59 -64 -71 -77 -65 
-69 -68 -70 -75 -63 
-81 -62 -72 -75 -63 
-81 -70 -81 -74 -86 
-57 -61 -71 -74 -62 
-73 -61 -75 -77 -72 
-58 -67 -71 -77 -69 
-57 -72 -73 -75 -65 
-65 -65 -74 -74 -81 
-58 -63 -75 -76 -67 
-62 -62 -72 -74 -62 
-57 -65 -74 -80 -67 
-57 -65 -73 -81 -63 
-64 -64 -75 -74 -65 
-67 -67 -75 -73 -74 
-58 -69 -73 -74 -63 
-63 -66 -75 -77 -67 
-55 -64 -76 -83 -67 
-73 -64 -80 -72 -78 
-66 -64 -75 -83 -77 
-71 -64 -73 -72 -65 
-56 -66 -72 -72 -65 
-74 -69 -72 -75 -66 
-59 -64 -79 -75 -68 
-57 -66 -78 -73 -71 
-57 -69 -74 -74 -62 
-60 -67 -74 -70 -70 
-57 -69 -74 -75 -64 
-58 -66 -75 -72 -63 
-57 -65 -82 -73 -62 
-62 -67 -77 -72 -66 
-66 -68 -86 -73 -70 
-56 -64 -85 -71 -65 
-56 -68 -81 -75 -70 
-58 -64 -71 -72 -66 
-60 -63 -73 -77 -61 
-58 -63 -77 -79 -64 
-60 -65 -74 -77 -81 
-72 -66 -74 -80 -81 
-63 -66 -75 -76 -60 
-68 -64 -72 -78 -60 
-60 -63 -76 -77 -63 
-69 -62 -80 -82 -63 
-68 -69 -72 -74 -72 
-56 -63 -72 -77 -62 
-58 -73 -74 -80 -63 
-56 -66 -73 -74 -62 
-60 -69 -74 -80 -65 
-55 -74 -71 -74 -62 
-55 -72 -77 -74 -63 
-65 -70 -77 -76 -63 
-62 -69 -75 -76 -73 
-60 -65 -73 -75 -73 
-68 -65 -78 -83 -62 
-60 -71 -74 -83 -68 
-68 -63 -79 -81 -62 
-60 -72 -74 -72 -67 
-57 -71 -75 -76 -62 
-62 -71 -76 -74 -71 
-64 -63 -75 -74 -63 
-82 -64 -71 -75 -68 
-67 -63 -78 -76 -68 
-62 -63 -75 -74 -63 
-62 -85 -79 -72 -73 
-64 -62 -73 -77 -64 
-66 -68 -73 -76 -64 
-59 -71 -74 -75 -63 
-62 -64 -71 -79 -68 
-63 -64 -74 -78 -63 
-73 -64 -72 -72 -62 
-67 -63 -76 -78 -61 
-61 -71 -78 -75 -61 
-56 -68 -71 -77 -74 
-56 -62 -75 -84 -74 
-59 -64 -76 -83 -64 
-59 -63 -74 -78 -70 
-59 -72 -71 -84 -75 
-64 -68 -75 -76 -63 
-73 -63 -79 -76 -63 
-62 -63 -73 -72 -63 
-66 -72 -76 -74 -68 
-62 -77 -75 -81 -61 
-64 -64 -74 -82 -67 
-58 -63 -75 -77 -67 
-59 -62 -78 -77 -72 
-59 -62 -72 -77 -65 
-63 -64 -75 -76 -63 
-60 -64 -74 -77 -72 
-74 -75 -74 -79 -68 
-57 -63 -74 -76 -61 
-64 -63 -72 -80 -65 
-55 -63 -78 -76 -61 
-56 -78 -73 -78 -67 
-59 -67 -73 -75 -80 
-56 -76 -81 -76 -68 
-55 -68 -76 -77 -72 
-63 -67 -72 -75 -63 
-56 -71 -81 -75 -63 
-59 -66 -72 -74 -62 
-60 -63 -71 -74 -64 
-61 -63 -81 -78 -64 
-57 -79 -75 -78 -62 
-61 -65 -74 -78 -65 
-59 -74 -72 -80 -66 
-64 -74 -70 -76 -71 
-62 -81 -78 -78 -63 
-67 -63 -74 -84 -69 
-60 -71 -71 -78 -65 
-58 -70 -73 -75 -71 
-61 -63 -82 -74 -71 
-58 -61 -70 -74 -72 
-60 -66 -71 -74 -65 
-66 -70 -71 -78 -69 
-66 -65 -75 -85 -69 
-59 -70 -72 -86 -69 
-64 -65 -76 -76 -65 
-62 -68 -74 -83 -65 
-67 -62 -69 -79 -66 
-61 -64 -69 -83 -65 
-64 -62 -82 -83 -66 
-60 -77 -70 -78 -66 
-65 -77 -76 -79 -71 
-66 -74 -76 -79 -66 
-67 -74 -80 -84 -66 
-64 -70 -72 -73 -68 
-64 -63 -70 -77 -69 
-61 -63 -70 -74 -66 
-60 -70 -74 -77 -68 
-61 -64 -75 -77 -69 
-62 -67 -68 -78 -64 
-61 -65 -74 -79 -64 
-62 -63 -79 -86 -68 
-62 -86 -77 -84 -66 
-61 -64 -76 -74 -68 
-61 -63 -74 -80 -68 
-62 -67 -71 -78 -64 
-62 -63 -75 -71 -71 
-61 -72 -74 -76 -70 
-60 -76 -69 -78 -70 
-61 -66 -72 -79 -70 
-61 -76 -75 -81 -64 
-62 -67 -72 -81 -69 
-61 -76 -74 -76 -69 
-62 -63 -71 -82 -69 
-62 -77 -71 -77 -69 
-61 -63 -75 -73 -69 
-62 -63 -73 -78 -64 
-62 -77 -74 -81 -70 
-61 -67 -70 -81 -70 
-61 -63 -72 -75 -70 
-61 -65 -76 -79 -70 
-61 -78 -75 -73 -69 
-61 -63 -70 -78 -70 
-61 -62 -74 -80 -69 
-62 -62 -75 -78 -71 
-62 -78 -73 -80 -64 
-61 -63 -69 -80 -69 
-61 -68 -74 -76 -64 
-61 -63 -76 -79 -69 
-61 -68 -75 -72 -70 
-61 -65 -73 -76 -69 
-60 -63 -72 -72 -70 
-61 -80 -75 -72 -71 
-62 -67 -73 -80 -71 
-61 -79 -69 -81 -70 
-61 -65 -73 -80 -72 
-61 -64 -73 -74 -69 
-61 -64 -68 -71 -72 
-62 -66 -74 -80 -70 
-61 -83 -77 -75 -72 
-62 -65 -77 -72 -65 
-60 -62 -75 -73 -65 
-62 -67 -70 -74 -68 
-63 -65 -77 -76 -67 
-62 -63 -71 -77 -66 
-62 -62 -74 -74 -67 
-61 -63 -76 -75 -67 
-63 -70 -70 -73 -70 
-63 -68 -76 -73 -64 
-66 -66 -73 -80 -75 
-65 -72 -76 -77 -73 
-64 -71 -73 -79 -76 
-62 -69 -71 -76 -70 
-62 -67 -71 -72 -65 
-59 -68 -77 -73 -65 
-59 -71 -76 -82 -76 
-59 -69 -71 -82 -73 
-62 -69 -76 -73 -66 
