2016-05-19 22:29:48.492701 -85 -61 -81 -64 -71 
2016-05-19 22:29:48.633726 -89 -61 -77 -65 -71 
2016-05-19 22:29:48.742733 -72 -65 -77 -63 -70 
2016-05-19 22:29:48.850751 -76 -73 -76 -62 -70 
2016-05-19 22:29:48.954757 -70 -68 -74 -63 -71 
2016-05-19 22:29:49.164784 -80 -61 -77 -65 -73 
2016-05-19 22:29:49.276799 -86 -77 -78 -66 -75 
2016-05-19 22:29:49.475826 -78 -66 -75 -62 -75 
2016-05-19 22:29:49.630845 -79 -68 -77 -63 -74 
2016-05-19 22:29:49.803866 -76 -70 -76 -63 -78 
2016-05-19 22:29:50.216922 -75 -62 -79 -67 -81 
2016-05-19 22:29:50.323934 -71 -59 -73 -64 -82 
2016-05-19 22:29:50.465956 -75 -66 -71 -69 -74 
2016-05-19 22:29:50.672985 -68 -69 -79 -59 -77 
2016-05-19 22:29:50.784126 -78 -66 -76 -65 -75 
2016-05-19 22:29:50.893015 -86 -68 -77 -67 -75 
2016-05-19 22:29:51.095037 -78 -62 -80 -69 -80 
2016-05-19 22:29:51.194047 -74 -89 -77 -67 -81 
2016-05-19 22:29:51.377074 -77 -64 -78 -62 -71 
2016-05-19 22:29:51.624235 -75 -75 -77 -62 -75 
2016-05-19 22:29:51.782127 -75 -75 -83 -64 -81 
2016-05-19 22:29:51.933150 -73 -76 -71 -57 -74 
2016-05-19 22:29:52.145174 -78 -74 -74 -68 -74 
2016-05-19 22:29:52.434209 -72 -72 -76 -70 -71 
2016-05-19 22:29:52.563236 -73 -81 -72 -66 -72 
2016-05-19 22:29:52.666242 -74 -73 -70 -69 -75 
2016-05-19 22:29:52.835264 -66 -75 -73 -68 -85 
2016-05-19 22:29:53.088440 -71 -71 -72 -71 -79 
2016-05-19 22:29:53.290324 -71 -71 -71 -65 -76 
2016-05-19 22:29:53.616497 -75 -83 -79 -69 -77 
2016-05-19 22:29:53.723384 -67 -79 -70 -79 -72 
2016-05-19 22:29:53.921407 -69 -75 -71 -77 -71 
2016-05-19 22:29:54.100432 -71 -80 -72 -68 -76 
2016-05-19 22:29:54.203447 -67 -83 -69 -65 -73 
2016-05-19 22:29:54.310458 -77 -78 -81 -74 -80 
2016-05-19 22:29:54.415471 -72 -68 -71 -69 -81 
2016-05-19 22:29:54.523488 -65 -74 -75 -71 -76 
2016-05-19 22:29:54.725511 -65 -70 -71 -72 -74 
2016-05-19 22:29:55.261581 -65 -72 -76 -66 -89 
2016-05-19 22:29:55.365604 -66 -71 -80 -69 -83 
2016-05-19 22:29:55.504742 -65 -69 -73 -67 -73 
2016-05-19 22:29:55.610627 -66 -72 -84 -82 -81 
2016-05-19 22:29:55.714638 -66 -66 -72 -67 -72 
2016-05-19 22:29:55.868664 -65 -72 -78 -72 -78 
2016-05-19 22:29:56.071687 -66 -68 -74 -64 -79 
2016-05-19 22:29:56.176832 -70 -73 -71 -65 -74 
2016-05-19 22:29:56.281715 -68 -66 -76 -66 -72 
2016-05-19 22:29:56.587754 -65 -69 -69 -69 -79 
2016-05-19 22:29:56.753779 -64 -76 -72 -63 -73 
2016-05-19 22:29:56.860790 -66 -72 -78 -62 -77 
2016-05-19 22:29:57.068821 -70 -67 -76 -71 -74 
2016-05-19 22:29:57.175840 -67 -70 -83 -60 -76 
2016-05-19 22:29:57.280847 -73 -66 -74 -70 -76 
2016-05-19 22:29:57.392989 -67 -71 -79 -72 -70 
2016-05-19 22:29:57.523881 -76 -71 -75 -64 -75 
2016-05-19 22:29:57.631890 -69 -70 -77 -63 -79 
2016-05-19 22:29:57.809911 -86 -73 -76 -67 -81 
2016-05-19 22:29:58.018945 -73 -75 -81 -65 -78 
2016-05-19 22:29:58.220968 -71 -66 -75 -68 -73 
2016-05-19 22:29:58.536011 -71 -65 -74 -70 -80 
2016-05-19 22:29:58.637023 -70 -75 -74 -65 -77 
2016-05-19 22:29:58.789047 -80 -70 -76 -69 -79 
2016-05-19 22:29:58.895054 -73 -71 -81 -78 -72 
2016-05-19 22:29:59.002070 -72 -68 -71 -73 -77 
2016-05-19 22:29:59.191095 -74 -64 -74 -75 -79 
2016-05-19 22:29:59.293108 -78 -67 -77 -78 -74 
2016-05-19 22:29:59.499144 -71 -70 -73 -76 -80 
2016-05-19 22:29:59.598148 -69 -68 -72 -66 -82 
2016-05-19 22:29:59.796175 -71 -68 -78 -65 -74 
2016-05-19 22:29:59.898186 -75 -74 -82 -70 -89 
2016-05-19 22:30:00.006202 -70 -69 -73 -71 -75 
2016-05-19 22:30:00.211228 -71 -70 -71 -72 -77 
2016-05-19 22:30:00.451259 -79 -73 -72 -67 -76 
2016-05-19 22:30:00.641413 -69 -77 -69 -70 -76 
2016-05-19 22:30:00.742304 -77 -71 -73 -73 -76 
2016-05-19 22:30:01.264370 -71 -68 -76 -68 -74 
2016-05-19 22:30:01.372380 -66 -67 -73 -65 -74 
2016-05-19 22:30:01.676421 -72 -69 -74 -74 -79 
2016-05-19 22:30:01.886461 -77 -76 -71 -67 -82 
2016-05-19 22:30:02.131478 -77 -76 -76 -69 -75 
2016-05-19 22:30:02.332505 -76 -76 -78 -62 -72 
2016-05-19 22:30:02.443530 -73 -76 -77 -60 -73 
2016-05-19 22:30:02.542533 -77 -81 -81 -58 -77 
2016-05-19 22:30:02.654551 -75 -68 -77 -62 -71 
2016-05-19 22:30:02.935587 -68 -77 -78 -61 -79 
2016-05-19 22:30:03.143611 -77 -75 -80 -62 -80 
2016-05-19 22:30:03.245624 -74 -78 -84 -63 -81 
2016-05-19 22:30:03.352638 -79 -75 -81 -64 -81 
2016-05-19 22:30:03.457781 -81 -81 -87 -65 -77 
2016-05-19 22:30:03.575666 -77 -67 -74 -67 -84 
2016-05-19 22:30:03.784699 -75 -68 -79 -71 -83 
2016-05-19 22:30:03.989725 -86 -70 -88 -72 -80 
2016-05-19 22:30:04.097865 -81 -70 -90 -77 -79 
2016-05-19 22:30:04.196749 -78 -71 -83 -78 -87 
2016-05-19 22:30:04.308771 -73 -70 -81 -76 -78 
2016-05-19 22:30:04.503789 -75 -69 -80 -71 -81 
2016-05-19 22:30:04.833961 -76 -69 -80 -72 -78 
2016-05-19 22:30:05.051860 -81 -70 -77 -76 -86 
2016-05-19 22:30:05.151873 -72 -70 -83 -72 -86 
2016-05-19 22:30:05.384907 -77 -73 -85 -76 -81 
2016-05-19 22:30:05.490915 -74 -77 -82 -70 -79 
2016-05-19 22:30:05.698073 -77 -80 -78 -68 -81 
2016-05-19 22:30:05.895971 -76 -82 -80 -72 -82 
2016-05-19 22:30:06.105006 -76 -72 -79 -76 -78 
2016-05-19 22:30:06.321023 -75 -74 -77 -79 -80 
2016-05-19 22:30:06.632067 -82 -79 -83 -73 -82 
2016-05-19 22:30:06.849099 -80 -84 -85 -72 -86 
2016-05-19 22:30:07.160139 -80 -78 -86 -69 -81 
2016-05-19 22:30:07.364162 -77 -83 -83 -69 -82 
2016-05-19 22:30:07.562317 -83 -72 -84 -70 -82 
2016-05-19 22:30:07.791215 -81 -73 -80 -71 -84 
2016-05-19 22:30:07.893231 -86 -71 -82 -71 -80 
2016-05-19 22:30:08.015251 -80 -73 -83 -77 -77 
2016-05-19 22:30:08.117261 -78 -74 -84 -65 -80 
2016-05-19 22:30:08.327288 -82 -78 -84 -72 -83 
2016-05-19 22:30:08.434431 -80 -82 -81 -74 -86 
2016-05-19 22:30:08.650459 -80 -81 -88 -67 -86 
2016-05-19 22:30:08.751341 -74 -86 -86 -68 -88 
2016-05-19 22:30:08.857357 -78 -74 -81 -74 -78 
2016-05-19 22:30:09.068384 -77 -73 -86 -69 -79 
2016-05-19 22:30:09.274540 -79 -71 -86 -75 -80 
2016-05-19 22:30:09.453434 -76 -80 -79 -70 -76 
2016-05-19 22:30:09.557457 -78 -72 -80 -69 -79 
2016-05-19 22:30:09.908496 -80 -75 -82 -75 -83 
2016-05-19 22:30:10.016507 -76 -82 -86 -78 -82 
2016-05-19 22:30:10.225540 -76 -79 -83 -76 -81 
2016-05-19 22:30:10.422562 -78 -80 -83 -73 -82 
2016-05-19 22:30:10.524575 -79 -85 -84 -73 -76 
2016-05-19 22:30:10.627589 -79 -74 -87 -72 -82 
2016-05-19 22:30:10.746734 -80 -77 -83 -72 -75 
2016-05-19 22:30:11.061642 -75 -79 -82 -71 -84 
2016-05-19 22:30:11.227667 -77 -82 -89 -71 -73 
2016-05-19 22:30:11.332681 -73 -77 -79 -76 -83 
2016-05-19 22:30:11.444695 -76 -75 -85 -71 -80 
2016-05-19 22:30:11.552709 -90 -85 -83 -76 -71 
2016-05-19 22:30:11.787741 -75 -78 -80 -76 -76 
2016-05-19 22:30:11.893754 -80 -74 -84 -73 -80 
2016-05-19 22:30:12.097780 -79 -75 -84 -72 -70 
2016-05-19 22:30:12.303807 -78 -75 -83 -68 -77 
2016-05-19 22:30:12.451824 -76 -75 -84 -73 -81 
2016-05-19 22:30:12.556838 -81 -77 -85 -69 -86 
2016-05-19 22:30:12.735869 -79 -74 -86 -73 -74 
2016-05-19 22:30:12.947021 -75 -78 -84 -69 -71 
2016-05-19 22:30:13.142917 -80 -73 -85 -71 -72 
2016-05-19 22:30:13.349944 -82 -71 -89 -75 -72 
2016-05-19 22:30:13.564972 -76 -75 -84 -71 -80 
2016-05-19 22:30:13.673987 -76 -72 -79 -74 -80 
2016-05-19 22:30:14.094042 -80 -76 -80 -75 -82 
2016-05-19 22:30:14.387208 -82 -88 -83 -73 -73 
2016-05-19 22:30:14.712129 -76 -79 -85 -71 -79 
2016-05-19 22:30:14.822133 -76 -82 -83 -78 -76 
2016-05-19 22:30:14.926157 -81 -75 -84 -75 -81 
2016-05-19 22:30:15.037161 -78 -76 -89 -79 -79 
2016-05-19 22:30:15.182181 -81 -76 -85 -83 -79 
2016-05-19 22:30:15.286202 -76 -80 -83 -69 -84 
2016-05-19 22:30:15.463220 -87 -78 -83 -87 -75 
2016-05-19 22:30:15.669247 -80 -77 -91 -75 -76 
2016-05-19 22:30:15.979289 -86 -78 -84 -74 -79 
2016-05-19 22:30:16.706386 -78 -75 -78 -75 -77 
2016-05-19 22:30:16.813397 -88 -75 -86 -74 -73 
2016-05-19 22:30:17.015422 -82 -80 -79 -72 -72 
2016-05-19 22:30:17.227579 -80 -78 -89 -72 -71 
2016-05-19 22:30:17.451608 -74 -75 -78 -76 -83 
2016-05-19 22:30:17.661510 -74 -74 -78 -75 -76 
2016-05-19 22:30:17.870539 -78 -77 -80 -71 -75 
2016-05-19 22:30:18.073561 -76 -79 -84 -70 -79 
2016-05-19 22:30:18.183583 -80 -73 -83 -69 -78 
2016-05-19 22:30:18.395742 -80 -79 -87 -71 -73 
2016-05-19 22:30:18.713645 -79 -80 -80 -73 -76 
2016-05-19 22:30:18.924672 -80 -76 -79 -71 -82 
2016-05-19 22:30:19.105706 -83 -80 -85 -69 -81 
2016-05-19 22:30:19.212709 -76 -80 -88 -77 -80 
2016-05-19 22:30:19.353729 -79 -78 -82 -79 -82 
2016-05-19 22:30:19.557752 -74 -83 -80 -73 -81 
2016-05-19 22:30:19.665774 -74 -83 -86 -68 -82 
2016-05-19 22:30:19.953807 -77 -76 -75 -70 -79 
2016-05-19 22:30:20.170835 -86 -77 -79 -81 -78 
2016-05-19 22:30:20.373861 -79 -80 -79 -78 -75 
2016-05-19 22:30:20.480876 -75 -85 -81 -69 -80 
2016-05-19 22:30:20.703904 -74 -77 -79 -74 -77 
2016-05-19 22:30:20.909937 -74 -80 -82 -73 -75 
2016-05-19 22:30:21.023947 -80 -77 -81 -69 -75 
2016-05-19 22:30:21.220972 -75 -74 -84 -72 -75 
2016-05-19 22:30:22.041079 -75 -74 -84 -72 -76 
2016-05-19 22:30:22.161095 -68 -77 -79 -74 -77 
2016-05-19 22:30:22.266109 -78 -74 -79 -68 -79 
2016-05-19 22:30:22.373127 -74 -73 -76 -71 -85 
2016-05-19 22:30:22.778180 -71 -69 -78 -69 -77 
2016-05-19 22:30:22.991221 -76 -69 -78 -70 -77 
2016-05-19 22:30:23.194238 -75 -70 -80 -71 -79 
2016-05-19 22:30:23.401264 -72 -71 -81 -68 -79 
2016-05-19 22:30:23.508411 -77 -71 -78 -67 -79 
2016-05-19 22:30:23.613288 -74 -72 -80 -72 -84 
2016-05-19 22:30:23.930333 -75 -77 -80 -70 -79 
2016-05-19 22:30:24.142366 -69 -74 -79 -73 -78 
2016-05-19 22:30:24.243371 -75 -72 -79 -70 -76 
2016-05-19 22:30:24.457407 -72 -72 -77 -72 -83 
197
