2016-05-19 22:13:10.198561 -80 -79 -85 -77 -81 
2016-05-19 22:13:10.520600 -75 -82 -76 -84 -83 
2016-05-19 22:13:10.738632 -83 -78 -83 -83 -84 
2016-05-19 22:13:11.096679 -76 -84 -82 -81 -80 
2016-05-19 22:13:11.280700 -82 -80 -81 -77 -81 
2016-05-19 22:13:11.414724 -75 -80 -84 -82 -74 
2016-05-19 22:13:11.625744 -73 -84 -86 -86 -82 
2016-05-19 22:13:11.983794 -77 -79 -86 -78 -82 
2016-05-19 22:13:12.197822 -78 -91 -90 -79 -78 
2016-05-19 22:13:12.399863 -85 -85 -80 -82 -79 
2016-05-19 22:13:12.574883 -78 -86 -82 -77 -82 
2016-05-19 22:13:12.966930 -79 -83 -86 -80 -81 
2016-05-19 22:13:13.223963 -79 -87 -79 -78 -81 
2016-05-19 22:13:13.517002 -81 -82 -83 -82 -79 
2016-05-19 22:13:13.727031 -84 -86 -85 -86 -81 
2016-05-19 22:13:14.044071 -87 -86 -84 -82 -81 
2016-05-19 22:13:14.337109 -84 -89 -87 -83 -83 
2016-05-19 22:13:14.463126 -79 -86 -83 -80 -75 
2016-05-19 22:13:14.570143 -77 -82 -85 -84 -81 
2016-05-19 22:13:14.776174 -80 -81 -86 -81 -79 
2016-05-19 22:13:15.011194 -78 -90 -85 -79 -76 
2016-05-19 22:13:15.262230 -79 -87 -84 -85 -79 
2016-05-19 22:13:15.472258 -81 -91 -85 -78 -75 
2016-05-19 22:13:15.781294 -82 -86 -86 -85 -75 
2016-05-19 22:13:15.934317 -80 -83 -86 -86 -75 
2016-05-19 22:13:16.137344 -76 -85 -83 -86 -77 
2016-05-19 22:13:16.302367 -80 -88 -85 -80 -77 
2016-05-19 22:13:16.616404 -82 -90 -87 -87 -75 
2016-05-19 22:13:16.827434 -79 -89 -87 -83 -77 
2016-05-19 22:13:17.040467 -80 -83 -90 -87 -79 
2016-05-19 22:13:17.384507 -80 -82 -86 -84 -76 
2016-05-19 22:13:17.699548 -80 -88 -92 -82 -73 
2016-05-19 22:13:18.200618 -82 -91 -88 -82 -75 
2016-05-19 22:13:18.620674 -82 -90 -90 -82 -76 
2016-05-19 22:13:19.219746 -81 -86 -92 -82 -75 
2016-05-19 22:13:19.542789 -87 -87 -86 -80 -75 
2016-05-19 22:13:19.960849 -80 -89 -90 -83 -75 
2016-05-19 22:13:20.301885 -80 -89 -92 -85 -75 
2016-05-19 22:13:20.507915 -79 -89 -89 -82 -79 
2016-05-19 22:13:20.690943 -81 -84 -88 -81 -78 
2016-05-19 22:13:21.076000 -75 -84 -83 -78 -80 
2016-05-19 22:13:21.330022 -80 -79 -83 -79 -80 
2016-05-19 22:13:21.507044 -79 -83 -83 -89 -85 
2016-05-19 22:13:21.615060 -80 -77 -83 -85 -82 
2016-05-19 22:13:21.815085 -82 -80 -80 -87 -84 
2016-05-19 22:13:22.076128 -82 -81 -82 -83 -73 
2016-05-19 22:13:22.177130 -77 -81 -81 -84 -73 
2016-05-19 22:13:22.447165 -77 -77 -84 -79 -80 
2016-05-19 22:13:22.575185 -85 -82 -81 -78 -83 
2016-05-19 22:13:22.802212 -75 -78 -82 -79 -82 
2016-05-19 22:13:23.218268 -82 -77 -78 -83 -86 
2016-05-19 22:13:23.542308 -79 -79 -90 -81 -79 
2016-05-19 22:13:23.713333 -77 -81 -78 -76 -71 
2016-05-19 22:13:23.891361 -80 -83 -74 -84 -80 
2016-05-19 22:13:24.096390 -77 -83 -83 -81 -82 
2016-05-19 22:13:24.279407 -81 -78 -78 -84 -77 
2016-05-19 22:13:24.382418 -78 -81 -79 -80 -77 
2016-05-19 22:13:24.660457 -75 -79 -82 -86 -79 
2016-05-19 22:13:24.825478 -77 -79 -80 -78 -76 
2016-05-19 22:13:24.967494 -84 -79 -81 -84 -78 
2016-05-19 22:13:25.115516 -71 -74 -79 -77 -80 
2016-05-19 22:13:25.328544 -78 -77 -87 -79 -81 
2016-05-19 22:13:25.604581 -72 -81 -83 -79 -81 
2016-05-19 22:13:25.813608 -72 -78 -81 -78 -77 
2016-05-19 22:13:25.915628 -87 -78 -85 -80 -76 
2016-05-19 22:13:26.016642 -78 -78 -80 -78 -76 
2016-05-19 22:13:26.670720 -75 -81 -80 -79 -78 
2016-05-19 22:13:26.987758 -75 -77 -79 -82 -76 
2016-05-19 22:13:27.094775 -79 -79 -80 -80 -74 
2016-05-19 22:13:27.201793 -78 -78 -84 -83 -78 
2016-05-19 22:13:27.359810 -77 -78 -82 -77 -75 
2016-05-19 22:13:27.526837 -87 -75 -85 -81 -73 
2016-05-19 22:13:27.671856 -88 -78 -86 -77 -73 
2016-05-19 22:13:27.857872 -77 -79 -85 -82 -74 
2016-05-19 22:13:27.960888 -83 -83 -89 -77 -75 
2016-05-19 22:13:28.068902 -77 -78 -83 -75 -82 
2016-05-19 22:13:28.265931 -79 -83 -81 -78 -82 
2016-05-19 22:13:28.550966 -80 -78 -79 -79 -85 
2016-05-19 22:13:28.652976 -79 -84 -80 -80 -80 
2016-05-19 22:13:28.819000 -78 -77 -81 -84 -86 
2016-05-19 22:13:28.920014 -78 -79 -83 -78 -79 
2016-05-19 22:13:29.116047 -79 -79 -80 -78 -81 
2016-05-19 22:13:29.326079 -79 -78 -79 -78 -82 
2016-05-19 22:13:29.548093 -77 -79 -78 -80 -80 
2016-05-19 22:13:29.656117 -78 -84 -78 -78 -84 
2016-05-19 22:13:29.832138 -76 -77 -79 -82 -87 
2016-05-19 22:13:30.179178 -75 -81 -81 -80 -84 
2016-05-19 22:13:30.291192 -75 -84 -89 -88 -82 
2016-05-19 22:13:30.703244 -76 -80 -80 -78 -89 
2016-05-19 22:13:30.992289 -73 -78 -81 -82 -87 
2016-05-19 22:13:31.113297 -74 -80 -89 -84 -87 
2016-05-19 22:13:31.618363 -76 -75 -83 -83 -80 
2016-05-19 22:13:32.036420 -74 -76 -85 -84 -81 
2016-05-19 22:13:32.144435 -79 -79 -83 -86 -85 
2016-05-19 22:13:32.356462 -78 -79 -84 -84 -88 
2016-05-19 22:13:32.464477 -81 -80 -82 -82 -82 
2016-05-19 22:13:32.680504 -84 -78 -86 -83 -87 
2016-05-19 22:13:32.780518 -79 -80 -81 -86 -91 
2016-05-19 22:13:32.900533 -80 -78 -86 -84 -87 
2016-05-19 22:13:33.087563 -76 -75 -77 -83 -85 
2016-05-19 22:13:33.406600 -86 -77 -82 -79 -88 
2016-05-19 22:13:33.614627 -76 -81 -82 -81 -85 
2016-05-19 22:13:33.824654 -86 -83 -87 -80 -84 
2016-05-19 22:13:33.929668 -78 -77 -87 -81 -76 
2016-05-19 22:13:34.251710 -78 -80 -84 -79 -80 
2016-05-19 22:13:34.456737 -85 -74 -81 -83 -81 
2016-05-19 22:13:34.879785 -90 -77 -82 -80 -82 
2016-05-19 22:13:35.297843 -80 -78 -82 -80 -82 
2016-05-19 22:13:35.411854 -75 -76 -79 -80 -82 
2016-05-19 22:13:35.520868 -89 -84 -80 -79 -82 
2016-05-19 22:13:35.673886 -81 -77 -78 -79 -74 
2016-05-19 22:13:35.838911 -85 -78 -77 -78 -83 
2016-05-19 22:13:36.036936 -79 -81 -80 -79 -78 
2016-05-19 22:13:36.203955 -77 -81 -81 -75 -81 
2016-05-19 22:13:36.306973 -85 -85 -86 -78 -86 
2016-05-19 22:13:36.614008 -77 -74 -80 -80 -77 
2016-05-19 22:13:36.779030 -80 -81 -83 -79 -87 
2016-05-19 22:13:36.976059 -77 -79 -81 -80 -82 
2016-05-19 22:13:37.274106 -72 -80 -82 -88 -85 
2016-05-19 22:13:37.559138 -83 -77 -82 -76 -84 
2016-05-19 22:13:37.669153 -76 -84 -87 -80 -86 
2016-05-19 22:13:37.900179 -78 -78 -86 -77 -80 
2016-05-19 22:13:38.116212 -75 -79 -86 -78 -80 
2016-05-19 22:13:38.283233 -86 -75 -83 -82 -83 
2016-05-19 22:13:38.392243 -83 -89 -84 -81 -84 
2016-05-19 22:13:38.603275 -75 -79 -81 -72 -87 
2016-05-19 22:13:38.744287 -76 -86 -83 -74 -86 
2016-05-19 22:13:38.957318 -76 -84 -83 -71 -83 
2016-05-19 22:13:39.139350 -74 -84 -82 -72 -79 
2016-05-19 22:13:39.310364 -74 -87 -86 -76 -83 
2016-05-19 22:13:39.521391 -74 -82 -91 -74 -78 
2016-05-19 22:13:40.542525 -74 -78 -83 -76 -81 
2016-05-19 22:13:40.791557 -73 -76 -84 -76 -86 
2016-05-19 22:13:40.952579 -77 -82 -84 -78 -79 
2016-05-19 22:13:41.473649 -79 -80 -81 -76 -82 
2016-05-19 22:13:41.685674 -80 -84 -81 -76 -83 
2016-05-19 22:13:41.894725 -80 -86 -81 -87 -75 
2016-05-19 22:13:42.106729 -72 -83 -80 -80 -79 
2016-05-19 22:13:42.340761 -76 -82 -85 -79 -83 
2016-05-19 22:13:42.444777 -78 -80 -80 -81 -81 
2016-05-19 22:13:42.645806 -77 -75 -82 -80 -84 
2016-05-19 22:13:42.841832 -86 -79 -81 -78 -83 
2016-05-19 22:13:43.053864 -77 -76 -82 -83 -85 
2016-05-19 22:13:43.255887 -78 -82 -89 -81 -80 
2016-05-19 22:13:43.393909 -75 -75 -83 -79 -87 
2016-05-19 22:13:43.603937 -81 -84 -89 -83 -83 
2016-05-19 22:13:43.945979 -86 -79 -87 -79 -77 
2016-05-19 22:13:44.153004 -83 -72 -87 -80 -78 
2016-05-19 22:13:44.363030 -83 -85 -90 -79 -79 
2016-05-19 22:13:44.570055 -85 -84 -91 -79 -86 
2016-05-19 22:13:44.931107 -81 -78 -93 -81 -86 
2016-05-19 22:13:45.107121 -83 -88 -84 -79 -85 
2016-05-19 22:13:45.311147 -82 -83 -83 -79 -84 
2016-05-19 22:13:45.565177 -83 -82 -87 -77 -79 
2016-05-19 22:13:45.748204 -89 -80 -84 -76 -78 
2016-05-19 22:13:46.064250 -86 -76 -83 -77 -78 
2016-05-19 22:13:46.280271 -77 -80 -82 -79 -79 
2016-05-19 22:13:47.397430 -84 -82 -82 -77 -77 
2016-05-19 22:13:47.760471 -74 -81 -81 -77 -77 
2016-05-19 22:13:47.991505 -83 -84 -82 -74 -83 
2016-05-19 22:13:48.206542 -83 -80 -82 -73 -77 
2016-05-19 22:13:48.601577 -86 -78 -82 -77 -82 
2016-05-19 22:13:48.808604 -85 -76 -86 -78 -88 
2016-05-19 22:13:49.108643 -84 -83 -82 -77 -87 
2016-05-19 22:13:49.315668 -84 -81 -83 -76 -78 
2016-05-19 22:13:49.523697 -85 -83 -84 -78 -78 
2016-05-19 22:13:49.696721 -82 -83 -83 -80 -83 
2016-05-19 22:13:49.892747 -83 -83 -82 -81 -80 
2016-05-19 22:13:50.074773 -82 -80 -82 -78 -81 
2016-05-19 22:13:50.283797 -85 -82 -82 -77 -80 
2016-05-19 22:13:50.486825 -83 -84 -84 -77 -86 
2016-05-19 22:13:50.698851 -86 -81 -83 -76 -77 
2016-05-19 22:13:51.015890 -89 -75 -83 -77 -83 
2016-05-19 22:13:51.117906 -85 -81 -84 -78 -89 
2016-05-19 22:13:51.596011 -81 -79 -82 -76 -78 
2016-05-19 22:13:51.703982 -81 -80 -89 -80 -91 
2016-05-19 22:13:51.844043 -80 -81 -85 -77 -83 
2016-05-19 22:13:52.267056 -84 -82 -81 -82 -82 
2016-05-19 22:13:52.416087 -75 -78 -81 -72 -83 
2016-05-19 22:13:52.691116 -78 -84 -81 -74 -84 
2016-05-19 22:13:52.903147 -83 -83 -87 -77 -79 
2016-05-19 22:13:53.215209 -77 -81 -80 -78 -84 
2016-05-19 22:13:53.352205 -80 -83 -79 -88 -84 
2016-05-19 22:13:53.620261 -78 -74 -81 -78 -78 
2016-05-19 22:13:53.827268 -86 -80 -85 -75 -82 
2016-05-19 22:13:54.032293 -81 -81 -81 -84 -86 
2016-05-19 22:13:54.258325 -76 -74 -83 -72 -89 
2016-05-19 22:13:54.351333 -77 -70 -84 -72 -83 
2016-05-19 22:13:54.524359 -76 -77 -82 -76 -74 
2016-05-19 22:13:54.822397 -80 -77 -85 -83 -86 
2016-05-19 22:13:55.040421 -82 -72 -77 -84 -87 
2016-05-19 22:13:55.163435 -81 -70 -88 -74 -81 
2016-05-19 22:13:55.487478 -84 -71 -80 -76 -85 
2016-05-19 22:13:55.696502 -81 -76 -78 -77 -81 
2016-05-19 22:13:56.204572 -74 -72 -82 -81 -82 
2016-05-19 22:13:56.420603 -85 -72 -85 -75 -79 
2016-05-19 22:13:56.727639 -80 -71 -79 -78 -87 
2016-05-19 22:13:56.843654 -76 -71 -82 -81 -87 
2016-05-19 22:13:57.160699 -77 -74 -83 -78 -87 
2016-05-19 22:13:57.383731 -82 -83 -77 -77 -86 
2016-05-19 22:13:57.486743 -75 -71 -72 -74 -82 
2016-05-19 22:13:57.677770 -77 -80 -83 -73 -87 
2016-05-19 22:13:57.781782 -81 -71 -80 -79 -86 
2016-05-19 22:13:58.018815 -83 -75 -80 -78 -82 
2016-05-19 22:13:58.212840 -80 -75 -78 -82 -81 
2016-05-19 22:13:58.392864 -78 -82 -83 -79 -83 
2016-05-19 22:13:58.610897 -78 -77 -78 -73 -83 
2016-05-19 22:13:58.732907 -81 -73 -81 -84 -84 
2016-05-19 22:13:58.941931 -79 -77 -79 -73 -83 
2016-05-19 22:13:59.129959 -79 -75 -80 -73 -83 
2016-05-19 22:13:59.236970 -81 -73 -78 -82 -82 
2016-05-19 22:13:59.342987 -78 -75 -85 -72 -83 
2016-05-19 22:13:59.585019 -86 -75 -80 -81 -82 
2016-05-19 22:13:59.891069 -83 -78 -82 -80 -85 
2016-05-19 22:14:00.217099 -84 -76 -81 -78 -83 
2016-05-19 22:14:00.318115 -80 -72 -87 -78 -84 
2016-05-19 22:14:00.525141 -81 -73 -84 -78 -88 
2016-05-19 22:14:00.936200 -79 -73 -82 -81 -85 
2016-05-19 22:14:01.143222 -78 -74 -83 -86 -83 
2016-05-19 22:14:01.365251 -79 -72 -82 -79 -86 
2016-05-19 22:14:01.681298 -81 -76 -80 -86 -85 
2016-05-19 22:14:01.887356 -75 -77 -83 -77 -86 
2016-05-19 22:14:02.200360 -79 -74 -79 -77 -78 
2016-05-19 22:14:02.516412 -75 -71 -83 -87 -85 
2016-05-19 22:14:02.625416 -78 -72 -82 -75 -80 
2016-05-19 22:14:02.732427 -77 -79 -82 -89 -79 
2016-05-19 22:14:02.939457 -87 -75 -80 -86 -81 
2016-05-19 22:14:03.051476 -83 -81 -81 -78 -77 
2016-05-19 22:14:03.459533 -82 -74 -81 -77 -82 
2016-05-19 22:14:03.574540 -76 -75 -83 -77 -82 
2016-05-19 22:14:03.778567 -84 -76 -84 -79 -82 
2016-05-19 22:14:04.095607 -80 -72 -87 -71 -82 
2016-05-19 22:14:04.602671 -80 -79 -81 -83 -87 
2016-05-19 22:14:04.705687 -86 -74 -76 -77 -89 
2016-05-19 22:14:04.812698 -82 -85 -89 -82 -80 
2016-05-19 22:14:05.039731 -80 -77 -88 -69 -83 
2016-05-19 22:14:05.238750 -85 -69 -83 -72 -78 
2016-05-19 22:14:05.550791 -82 -73 -81 -73 -83 
2016-05-19 22:14:05.661809 -79 -78 -79 -82 -85 
2016-05-19 22:14:05.804824 -83 -83 -77 -81 -86 
2016-05-19 22:14:06.084860 -84 -80 -86 -79 -84 
2016-05-19 22:14:06.491918 -77 -77 -77 -77 -84 
2016-05-19 22:14:06.596937 -79 -71 -86 -70 -82 
2016-05-19 22:14:06.842957 -79 -73 -77 -74 -80 
2016-05-19 22:14:07.251013 -81 -75 -77 -80 -80 
2016-05-19 22:14:07.353031 -77 -80 -77 -80 -82 
2016-05-19 22:14:07.483048 -77 -81 -72 -83 -79 
2016-05-19 22:14:07.692084 -79 -81 -78 -84 -77 
2016-05-19 22:14:07.859100 -79 -84 -75 -78 -87 
2016-05-19 22:14:07.968111 -78 -82 -82 -79 -81 
2016-05-19 22:14:08.281154 -81 -82 -79 -73 -84 
2016-05-19 22:14:08.474181 -81 -82 -79 -72 -80 
2016-05-19 22:14:08.685209 -76 -78 -78 -74 -82 
2016-05-19 22:14:08.897240 -81 -78 -81 -79 -84 
2016-05-19 22:14:09.112269 -79 -83 -80 -78 -84 
2016-05-19 22:14:09.255282 -81 -78 -85 -76 -82 
2016-05-19 22:14:09.466311 -80 -84 -81 -80 -82 
2016-05-19 22:14:09.677334 -92 -83 -81 -79 -82 
2016-05-19 22:14:09.861356 -87 -80 -80 -76 -85 
2016-05-19 22:14:09.961366 -82 -83 -78 -78 -81 
2016-05-19 22:14:10.276408 -83 -89 -78 -84 -80 
2016-05-19 22:14:10.483432 -86 -83 -80 -79 -81 
2016-05-19 22:14:10.590449 -83 -79 -79 -73 -88 
2016-05-19 22:14:10.701466 -78 -81 -80 -75 -80 
2016-05-19 22:14:10.904493 -80 -77 -84 -73 -78 
2016-05-19 22:14:11.121518 -83 -78 -81 -79 -89 
2016-05-19 22:14:11.432563 -77 -85 -79 -76 -88 
2016-05-19 22:14:11.643584 -78 -80 -79 -78 -83 
2016-05-19 22:14:11.855615 -80 -80 -80 -79 -82 
2016-05-19 22:14:12.041639 -88 -75 -83 -80 -87 
2016-05-19 22:14:12.148650 -77 -75 -79 -76 -79 
2016-05-19 22:14:12.252670 -87 -83 -85 -81 -86 
2016-05-19 22:14:12.354687 -78 -76 -80 -77 -78 
2016-05-19 22:14:12.675730 -85 -83 -80 -76 -78 
2016-05-19 22:14:12.880756 -80 -79 -80 -73 -78 
2016-05-19 22:14:13.301810 -77 -78 -77 -72 -88 
2016-05-19 22:14:13.404825 -76 -80 -76 -75 -77 
2016-05-19 22:14:13.718871 -86 -77 -84 -73 -83 
2016-05-19 22:14:13.764872 -80 -78 -79 -77 -81 
2016-05-19 22:14:13.968895 -81 -74 -79 -72 -80 
2016-05-19 22:14:14.273935 -80 -80 -80 -75 -91 
2016-05-19 22:14:14.382956 -77 -74 -83 -87 -79 
2016-05-19 22:14:14.484965 -81 -91 -78 -75 -86 
2016-05-19 22:14:14.777004 -78 -80 -81 -77 -81 
2016-05-19 22:14:14.918027 -77 -79 -78 -78 -83 
2016-05-19 22:14:15.310073 -80 -87 -76 -79 -84 
2016-05-19 22:14:15.730128 -87 -82 -80 -77 -86 
2016-05-19 22:14:15.834138 -84 -78 -77 -75 -89 
2016-05-19 22:14:16.060170 -80 -75 -79 -75 -80 
2016-05-19 22:14:16.573245 -79 -76 -81 -77 -76 
2016-05-19 22:14:16.782265 -82 -78 -83 -76 -79 
2016-05-19 22:14:17.000303 -81 -79 -81 -79 -86 
2016-05-19 22:14:17.204310 -80 -91 -83 -72 -84 
2016-05-19 22:14:17.418353 -76 -80 -81 -73 -75 
2016-05-19 22:14:17.813405 -82 -78 -87 -80 -76 
2016-05-19 22:14:17.936418 -76 -78 -75 -75 -80 
2016-05-19 22:14:18.147444 -81 -75 -80 -76 -83 
2016-05-19 22:14:18.245457 -86 -76 -83 -79 -73 
2016-05-19 22:14:18.354470 -87 -78 -85 -75 -79 
2016-05-19 22:14:18.458492 -82 -78 -91 -83 -78 
2016-05-19 22:14:18.667512 -85 -76 -86 -81 -82 
2016-05-19 22:14:18.775526 -87 -75 -81 -75 -88 
2016-05-19 22:14:18.951550 -87 -75 -79 -76 -84 
2016-05-19 22:14:19.055566 -90 -76 -77 -83 -91 
2016-05-19 22:14:19.300594 -78 -74 -76 -83 -80 
2016-05-19 22:14:19.405608 -88 -80 -79 -81 -81 
2016-05-19 22:14:19.574627 -84 -80 -90 -75 -77 
2016-05-19 22:14:19.786657 -77 -82 -73 -81 -81 
2016-05-19 22:14:19.994711 -85 -75 -82 -75 -78 
2016-05-19 22:14:20.171701 -81 -73 -77 -75 -77 
2016-05-19 22:14:20.278718 -84 -78 -70 -74 -80 
2016-05-19 22:14:20.478744 -85 -74 -80 -77 -85 
2016-05-19 22:14:20.879791 -83 -80 -76 -79 -77 
2016-05-19 22:14:21.184831 -79 -81 -82 -80 -81 
2016-05-19 22:14:21.390860 -79 -74 -87 -82 -81 
2016-05-19 22:14:21.496874 -78 -71 -81 -84 -78 
2016-05-19 22:14:21.707901 -78 -78 -74 -75 -81 
2016-05-19 22:14:21.907928 -80 -75 -79 -78 -79 
2016-05-19 22:14:22.017957 -81 -77 -75 -83 -77 
2016-05-19 22:14:22.165967 -76 -86 -83 -82 -77 
2016-05-19 22:14:22.269972 -75 -75 -74 -81 -79 
2016-05-19 22:14:22.454997 -75 -81 -76 -80 -81 
2016-05-19 22:14:22.722034 -79 -82 -75 -79 -78 
2016-05-19 22:14:22.831048 -78 -75 -84 -74 -75 
2016-05-19 22:14:23.046087 -79 -87 -84 -83 -77 
2016-05-19 22:14:23.400120 -79 -81 -78 -80 -78 
2016-05-19 22:14:23.610156 -83 -81 -80 -82 -78 
2016-05-19 22:14:23.720161 -80 -76 -78 -83 -81 
2016-05-19 22:14:23.915186 -80 -78 -77 -81 -77 
2016-05-19 22:14:24.197227 -82 -77 -80 -81 -77 
2016-05-19 22:14:24.345243 -80 -77 -87 -77 -79 
2016-05-19 22:14:24.448259 -82 -81 -81 -78 -83 
2016-05-19 22:14:24.551273 -77 -80 -77 -77 -80 
2016-05-19 22:14:24.757299 -80 -84 -80 -78 -76 
2016-05-19 22:14:24.877315 -79 -85 -80 -75 -82 
2016-05-19 22:14:24.985326 -79 -81 -75 -79 -80 
2016-05-19 22:14:25.493396 -83 -77 -78 -78 -79 
2016-05-19 22:14:25.691424 -80 -79 -77 -78 -82 
2016-05-19 22:14:25.802436 -83 -78 -76 -76 -86 
2016-05-19 22:14:25.926452 -81 -83 -84 -74 -80 
2016-05-19 22:14:26.106476 -83 -77 -78 -91 -82 
2016-05-19 22:14:26.222491 -80 -78 -75 -79 -85 
2016-05-19 22:14:26.353508 -86 -82 -82 -78 -82 
2016-05-19 22:14:26.871576 -80 -77 -75 -82 -83 
2016-05-19 22:14:26.973590 -81 -83 -77 -81 -79 
2016-05-19 22:14:27.119612 -86 -78 -76 -78 -78 
2016-05-19 22:14:27.296632 -85 -78 -74 -80 -81 
2016-05-19 22:14:27.401653 -84 -78 -74 -79 -83 
2016-05-19 22:14:27.611693 -83 -81 -75 -78 -80 
2016-05-19 22:14:27.933721 -86 -80 -75 -81 -82 
2016-05-19 22:14:28.141749 -85 -74 -74 -78 -83 
2016-05-19 22:14:28.564809 -78 -77 -77 -79 -83 
2016-05-19 22:14:28.798836 -79 -85 -87 -76 -77 
2016-05-19 22:14:28.904853 -79 -77 -80 -75 -77 
2016-05-19 22:14:29.142880 -83 -82 -81 -80 -78 
2016-05-19 22:14:29.250891 -78 -91 -73 -81 -83 
2016-05-19 22:14:29.355904 -82 -74 -78 -76 -76 
2016-05-19 22:14:29.675980 -82 -77 -77 -82 -84 
2016-05-19 22:14:29.777962 -81 -75 -75 -78 -77 
2016-05-19 22:14:29.984023 -78 -75 -76 -81 -77 
2016-05-19 22:14:30.339028 -79 -74 -77 -80 -83 
2016-05-19 22:14:30.438041 -92 -73 -73 -83 -76 
2016-05-19 22:14:30.642069 -80 -73 -73 -82 -81 
2016-05-19 22:14:30.934107 -82 -85 -76 -79 -80 
2016-05-19 22:14:31.045125 -81 -76 -73 -84 -90 
2016-05-19 22:14:31.384164 -86 -78 -73 -78 -82 
2016-05-19 22:14:31.805225 -83 -82 -74 -78 -78 
2016-05-19 22:14:32.124262 -81 -82 -74 -79 -83 
2016-05-19 22:14:32.294284 -78 -78 -76 -75 -84 
2016-05-19 22:14:32.410304 -79 -80 -80 -83 -82 
2016-05-19 22:14:32.531312 -79 -74 -75 -78 -77 
2016-05-19 22:14:32.848357 -89 -78 -79 -74 -84 
2016-05-19 22:14:33.054384 -83 -75 -82 -78 -84 
2016-05-19 22:14:33.360427 -82 -75 -77 -79 -89 
2016-05-19 22:14:34.198532 -84 -75 -81 -73 -85 
2016-05-19 22:14:34.620592 -83 -73 -80 -79 -84 
2016-05-19 22:14:34.866620 -83 -76 -88 -75 -84 
2016-05-19 22:14:35.042656 -83 -75 -86 -69 -84 
2016-05-19 22:14:35.153658 -89 -70 -81 -71 -79 
2016-05-19 22:14:35.665728 -83 -75 -81 -76 -83 
2016-05-19 22:14:35.926761 -86 -68 -87 -76 -79 
2016-05-19 22:14:36.398821 -83 -75 -86 -79 -80 
2016-05-19 22:14:36.609848 -77 -72 -86 -75 -84 
2016-05-19 22:14:36.827876 -76 -77 -81 -75 -81 
2016-05-19 22:14:37.036901 -77 -83 -82 -76 -83 
2016-05-19 22:14:37.353957 -77 -75 -85 -76 -83 
2016-05-19 22:14:37.701002 -79 -79 -81 -73 -85 
2016-05-19 22:14:38.086060 -78 -80 -86 -76 -80 
2016-05-19 22:14:38.398088 -83 -77 -88 -80 -79 
2016-05-19 22:14:38.507100 -79 -75 -86 -77 -78 
2016-05-19 22:14:38.610116 -77 -81 -85 -77 -84 
2016-05-19 22:14:38.965162 -79 -76 -90 -76 -80 
2016-05-19 22:14:39.280204 -76 -70 -87 -68 -77 
2016-05-19 22:14:39.460227 -75 -69 -86 -69 -77 
2016-05-19 22:14:39.780269 -85 -70 -85 -76 -80 
2016-05-19 22:14:39.886287 -77 -69 -83 -71 -81 
2016-05-19 22:14:40.063300 -83 -74 -86 -71 -78 
2016-05-19 22:14:40.271329 -84 -69 -83 -69 -78 
2016-05-19 22:14:40.373345 -75 -79 -82 -76 -81 
2016-05-19 22:14:40.494355 -88 -69 -79 -68 -85 
2016-05-19 22:14:40.718385 -82 -73 -83 -68 -79 
2016-05-19 22:14:40.919410 -83 -71 -81 -66 -82 
2016-05-19 22:14:41.046445 -83 -68 -86 -71 -76 
2016-05-19 22:14:41.265456 -83 -69 -87 -73 -77 
2016-05-19 22:14:41.581500 -84 -77 -83 -75 -80 
2016-05-19 22:14:41.787521 -80 -78 -82 -74 -78 
2016-05-19 22:14:42.077575 -76 -72 -86 -75 -86 
2016-05-19 22:14:42.182572 -81 -72 -83 -76 -86 
2016-05-19 22:14:42.607628 -84 -72 -90 -71 -84 
2016-05-19 22:14:42.729647 -74 -75 -85 -75 -85 
2016-05-19 22:14:42.941678 -76 -71 -86 -67 -84 
2016-05-19 22:14:43.326730 -79 -71 -81 -75 -84 
2016-05-19 22:14:43.886803 -82 -71 -81 -74 -80 
2016-05-19 22:14:44.213841 -80 -70 -83 -73 -80 
2016-05-19 22:14:44.424870 -79 -70 -85 -73 -81 
2016-05-19 22:14:44.597889 -84 -81 -86 -68 -80 
2016-05-19 22:14:44.919934 -83 -80 -86 -78 -90 
2016-05-19 22:14:45.055957 -85 -77 -82 -74 -85 
2016-05-19 22:14:45.260978 -89 -78 -87 -71 -83 
2016-05-19 22:14:45.638024 -80 -71 -83 -80 -79 
2016-05-19 22:14:45.980072 -82 -65 -84 -74 -81 
2016-05-19 22:14:46.122094 -81 -64 -79 -78 -85 
2016-05-19 22:14:46.231117 -90 -67 -87 -72 -80 
2016-05-19 22:14:46.450136 -83 -71 -90 -72 -89 
2016-05-19 22:14:46.595152 -82 -74 -88 -74 -84 
2016-05-19 22:14:46.975202 -81 -80 -90 -73 -80 
2016-05-19 22:14:47.081215 -78 -74 -89 -74 -83 
2016-05-19 22:14:47.182232 -82 -77 -88 -70 -78 
2016-05-19 22:14:47.501277 -82 -75 -83 -70 -85 
2016-05-19 22:14:47.715298 -80 -84 -85 -79 -81 
2016-05-19 22:14:47.965331 -87 -77 -88 -73 -83 
2016-05-19 22:14:48.503398 -82 -80 -82 -76 -90 
2016-05-19 22:14:48.715429 -86 -77 -85 -80 -85 
2016-05-19 22:14:48.895453 -82 -70 -89 -74 -81 
2016-05-19 22:14:49.431524 -87 -76 -86 -74 -86 
2016-05-19 22:14:49.793567 -79 -76 -85 -71 -84 
2016-05-19 22:14:50.181620 -83 -76 -87 -73 -86 
2016-05-19 22:14:50.604676 -80 -78 -85 -76 -87 
2016-05-19 22:14:50.845707 -81 -76 -90 -74 -84 
2016-05-19 22:14:51.139745 -81 -73 -86 -75 -82 
2016-05-19 22:14:51.243756 -81 -70 -84 -73 -83 
2016-05-19 22:14:51.554800 -80 -74 -85 -76 -80 
2016-05-19 22:14:51.764827 -83 -71 -80 -77 -84 
2016-05-19 22:14:52.107876 -80 -75 -83 -74 -85 
2016-05-19 22:14:52.312903 -82 -72 -81 -77 -85 
2016-05-19 22:14:52.420920 -81 -82 -81 -76 -80 
2016-05-19 22:14:52.571940 -83 -69 -82 -79 -83 
2016-05-19 22:14:52.757960 -82 -71 -82 -80 -84 
2016-05-19 22:14:52.963982 -79 -75 -83 -75 -82 
2016-05-19 22:14:53.127005 -85 -72 -81 -76 -86 
2016-05-19 22:14:53.227020 -76 -77 -84 -74 -80 
2016-05-19 22:14:53.383042 -87 -74 -81 -78 -89 
2016-05-19 22:14:53.484049 -83 -73 -83 -74 -81 
2016-05-19 22:14:53.790095 -83 -73 -84 -71 -85 
2016-05-19 22:14:53.895106 -81 -71 -82 -70 -86 
2016-05-19 22:14:54.236157 -84 -73 -83 -70 -84 
2016-05-19 22:14:54.411173 -81 -72 -83 -75 -85 
2016-05-19 22:14:54.615200 -80 -72 -83 -78 -82 
2016-05-19 22:14:54.720214 -78 -75 -83 -82 -82 
2016-05-19 22:14:54.907237 -82 -71 -83 -78 -83 
2016-05-19 22:14:55.010251 -78 -73 -85 -84 -85 
2016-05-19 22:14:55.244279 -77 -73 -82 -72 -83 
2016-05-19 22:14:55.397303 -80 -74 -83 -78 -83 
2016-05-19 22:14:55.503319 -78 -73 -82 -80 -87 
2016-05-19 22:14:55.710342 -77 -74 -85 -77 -82 
2016-05-19 22:14:56.021383 -78 -73 -85 -78 -81 
2016-05-19 22:14:56.338428 -82 -74 -84 -78 -86 
2016-05-19 22:14:56.477443 -78 -73 -84 -71 -84 
2016-05-19 22:14:56.579454 -81 -72 -84 -75 -83 
2016-05-19 22:14:56.929499 -78 -72 -83 -71 -83 
2016-05-19 22:14:57.036520 -77 -74 -85 -74 -85 
2016-05-19 22:14:57.210539 -79 -72 -82 -79 -81 
2016-05-19 22:14:57.314550 -71 -75 -85 -74 -82 
2016-05-19 22:14:57.521586 -76 -73 -81 -75 -82 
2016-05-19 22:14:57.765619 -80 -73 -83 -74 -84 
2016-05-19 22:14:57.867632 -83 -72 -83 -80 -84 
2016-05-19 22:14:58.070658 -78 -75 -83 -76 -82 
2016-05-19 22:14:58.280685 -78 -78 -84 -77 -83 
2016-05-19 22:14:58.493718 -80 -74 -84 -75 -81 
2016-05-19 22:14:58.707734 -80 -72 -85 -77 -81 
2016-05-19 22:14:58.933767 -81 -78 -87 -76 -81 
2016-05-19 22:14:59.332816 -79 -76 -86 -74 -80 
2016-05-19 22:14:59.544841 -79 -79 -87 -73 -80 
2016-05-19 22:14:59.664856 -78 -75 -85 -71 -83 
2016-05-19 22:14:59.851883 -83 -74 -81 -78 -84 
2016-05-19 22:15:00.051911 -82 -75 -82 -74 -85 
2016-05-19 22:15:00.257936 -86 -83 -83 -70 -84 
2016-05-19 22:15:00.464961 -80 -77 -81 -78 -90 
2016-05-19 22:15:01.307074 -81 -76 -82 -72 -88 
2016-05-19 22:15:01.523102 -78 -79 -80 -71 -85 
2016-05-19 22:15:01.629120 -81 -79 -80 -73 -90 
2016-05-19 22:15:02.056172 -82 -74 -89 -76 -81 
2016-05-19 22:15:02.157187 -80 -78 -91 -78 -91 
2016-05-19 22:15:02.877279 -82 -81 -86 -76 -78 
2016-05-19 22:15:03.086315 -80 -78 -83 -79 -84 
2016-05-19 22:15:03.195330 -73 -81 -83 -77 -86 
2016-05-19 22:15:03.319340 -76 -79 -80 -74 -83 
2016-05-19 22:15:03.598373 -79 -78 -80 -79 -85 
2016-05-19 22:15:03.734398 -77 -78 -85 -84 -84 
2016-05-19 22:15:03.913414 -74 -83 -86 -88 -82 
2016-05-19 22:15:04.071436 -74 -78 -89 -73 -86 
2016-05-19 22:15:04.280460 -74 -83 -87 -77 -90 
2016-05-19 22:15:04.464490 -76 -83 -92 -81 -80 
2016-05-19 22:15:04.673514 -72 -77 -86 -74 -84 
2016-05-19 22:15:04.880538 -75 -80 -89 -80 -84 
2016-05-19 22:15:04.997555 -73 -80 -85 -78 -86 
2016-05-19 22:15:05.103569 -77 -87 -87 -77 -88 
2016-05-19 22:15:05.391607 -75 -77 -84 -77 -84 
2016-05-19 22:15:05.753655 -73 -87 -83 -74 -84 
2016-05-19 22:15:05.856668 -71 -85 -84 -73 -79 
2016-05-19 22:15:06.016690 -74 -78 -88 -71 -81 
2016-05-19 22:15:06.233717 -71 -80 -82 -83 -85 
2016-05-19 22:15:06.556760 -73 -83 -80 -73 -83 
2016-05-19 22:15:06.765784 -80 -77 -78 -71 -86 
2016-05-19 22:15:06.975812 -74 -74 -80 -75 -81 
2016-05-19 22:15:07.167854 -76 -83 -83 -71 -77 
2016-05-19 22:15:07.305854 -82 -74 -81 -79 -85 
2016-05-19 22:15:07.411881 -76 -84 -83 -75 -86 
2016-05-19 22:15:07.810922 -82 -78 -85 -68 -86 
2016-05-19 22:15:08.130962 -82 -80 -84 -78 -83 
2016-05-19 22:15:08.342993 -82 -79 -84 -74 -89 
2016-05-19 22:15:08.557022 -84 -80 -79 -72 -82 
2016-05-19 22:15:08.768048 -81 -83 -83 -74 -89 
2016-05-19 22:15:09.720177 -84 -80 -92 -79 -86 
2016-05-19 22:15:10.251239 -87 -80 -91 -79 -87 
2016-05-19 22:15:10.780315 -85 -80 -88 -77 -89 
2016-05-19 22:15:11.421393 -84 -82 -89 -79 -89 
2016-05-19 22:15:12.143490 -86 -80 -88 -73 -87 
2016-05-19 22:15:12.453537 -91 -80 -87 -75 -88 
2016-05-19 22:15:13.071608 -86 -82 -86 -75 -86 
2016-05-19 22:15:14.330778 -84 -84 -87 -75 -88 
2016-05-19 22:15:14.804837 -84 -88 -84 -80 -86 
2016-05-19 22:15:15.287900 -86 -81 -89 -77 -87 
2016-05-19 22:15:16.071006 -84 -85 -86 -78 -87 
2016-05-19 22:15:16.380043 -84 -87 -85 -79 -84 
2016-05-19 22:15:16.637073 -83 -84 -88 -76 -84 
2016-05-19 22:15:16.743090 -91 -79 -87 -74 -84 
2016-05-19 22:15:17.456196 -86 -85 -89 -80 -85 
2016-05-19 22:15:17.582204 -81 -87 -84 -76 -85 
2016-05-19 22:15:17.764231 -83 -83 -84 -79 -83 
2016-05-19 22:15:18.083265 -84 -84 -90 -82 -87 
2016-05-19 22:15:18.179277 -83 -84 -87 -75 -87 
2016-05-19 22:15:18.601337 -84 -79 -86 -76 -85 
2016-05-19 22:15:19.634467 -88 -81 -90 -81 -84 
2016-05-19 22:15:19.755483 -90 -83 -87 -84 -88 
2016-05-19 22:15:21.515713 -87 -82 -85 -81 -84 
2016-05-19 22:15:22.443843 -85 -84 -87 -80 -85 
2016-05-19 22:15:23.333953 -86 -84 -88 -78 -85 
2016-05-19 22:15:24.289077 -89 -85 -88 -79 -82 
2016-05-19 22:15:24.584115 -90 -80 -90 -75 -86 
2016-05-19 22:15:31.965078 -88 -84 -90 -82 -85 
2016-05-19 22:15:32.170105 -90 -84 -86 -76 -87 
2016-05-19 22:15:33.013218 -88 -85 -86 -78 -88 
2016-05-19 22:15:33.224240 -87 -87 -88 -73 -87 
2016-05-19 22:15:33.436271 -87 -86 -86 -75 -86 
2016-05-19 22:15:34.890461 -86 -87 -88 -80 -88 
2016-05-19 22:15:35.311515 -86 -84 -89 -78 -86 
2016-05-19 22:15:36.571680 -85 -85 -86 -77 -86 
2016-05-19 22:15:36.993739 -88 -87 -88 -80 -86 
2016-05-19 22:15:39.397050 -86 -85 -89 -78 -85 
2016-05-19 22:15:39.814107 -83 -85 -88 -79 -86 
2016-05-19 22:15:41.070266 -85 -83 -88 -80 -85 
2016-05-19 22:15:41.811364 -89 -84 -93 -76 -86 
2016-05-19 22:15:45.065787 -86 -85 -88 -79 -85 
2016-05-19 22:16:30.734755 -87 -83 -89 -67 -85 
2016-05-19 22:16:31.344833 -87 -81 -90 -73 -83 
2016-05-19 22:16:31.619869 -88 -82 -87 -76 -85 
2016-05-19 22:16:33.086071 -88 -82 -90 -71 -85 
2016-05-19 22:16:33.710145 -87 -83 -88 -71 -84 
2016-05-19 22:16:34.848292 -87 -82 -89 -71 -84 
2016-05-19 22:16:35.151335 -88 -81 -90 -70 -84 
2016-05-19 22:16:35.320353 -91 -83 -88 -74 -86 
2016-05-19 22:16:39.724929 -87 -81 -87 -72 -85 
2016-05-19 22:16:50.023278 -87 -86 -88 -70 -85 
2016-05-19 22:16:50.262305 -85 -77 -86 -77 -83 
2016-05-19 22:16:50.394324 -89 -70 -86 -66 -83 
2016-05-19 22:16:53.763766 -85 -73 -90 -68 -83 
577
