2016-05-19 22:14:44.919934 -83 -80 -86 -76 -90 
2016-05-19 22:14:45.055957 -85 -77 -82 -74 -85 
2016-05-19 22:14:45.260978 -89 -78 -87 -71 -83 
2016-05-19 22:14:45.638024 -80 -71 -83 -80 -79 
2016-05-19 22:14:45.980072 -82 -65 -84 -74 -81 
2016-05-19 22:14:46.122094 -81 -64 -79 -78 -85 
2016-05-19 22:14:46.231117 -90 -67 -87 -72 -80 
2016-05-19 22:14:46.450136 -83 -71 -90 -72 -89 
2016-05-19 22:14:46.595152 -82 -74 -88 -74 -84 
2016-05-19 22:14:46.975202 -81 -80 -90 -73 -80 
2016-05-19 22:14:47.081215 -78 -74 -89 -74 -83 
2016-05-19 22:14:47.182232 -82 -77 -88 -70 -78 
2016-05-19 22:14:47.501277 -82 -75 -83 -70 -85 
2016-05-19 22:14:47.715298 -80 -84 -85 -79 -81 
2016-05-19 22:14:47.965331 -87 -77 -88 -73 -83 
2016-05-19 22:14:48.503398 -82 -80 -82 -76 -90 
2016-05-19 22:14:48.715429 -86 -77 -85 -80 -85 
2016-05-19 22:14:48.895453 -82 -70 -89 -74 -81 
2016-05-19 22:14:49.431524 -87 -76 -86 -74 -86 
2016-05-19 22:14:49.793567 -79 -76 -85 -71 -84 
2016-05-19 22:14:50.181620 -83 -76 -87 -73 -86 
2016-05-19 22:14:50.604676 -80 -78 -85 -76 -87 
2016-05-19 22:14:50.845707 -81 -76 -90 -74 -84 
2016-05-19 22:14:51.139745 -81 -73 -86 -75 -82 
2016-05-19 22:14:51.243756 -81 -70 -84 -73 -83 
2016-05-19 22:14:51.554800 -80 -74 -85 -76 -80 
2016-05-19 22:14:51.764827 -83 -71 -80 -77 -84 
2016-05-19 22:14:52.107876 -80 -75 -83 -74 -85 
2016-05-19 22:14:52.312903 -82 -72 -81 -77 -85 
2016-05-19 22:14:52.420920 -81 -82 -81 -76 -80 
2016-05-19 22:14:52.571940 -83 -69 -82 -79 -83 
2016-05-19 22:14:52.757960 -82 -71 -82 -80 -84 
2016-05-19 22:14:52.963982 -79 -75 -83 -75 -82 
2016-05-19 22:14:53.127005 -85 -72 -81 -76 -86 
2016-05-19 22:14:53.227020 -76 -77 -84 -74 -80 
2016-05-19 22:14:53.383042 -87 -74 -81 -78 -89 
2016-05-19 22:14:53.484049 -83 -73 -83 -74 -81 
2016-05-19 22:14:53.790095 -83 -73 -84 -71 -85 
2016-05-19 22:14:53.895106 -81 -71 -82 -70 -86 
2016-05-19 22:14:54.236157 -84 -73 -83 -70 -84 
2016-05-19 22:14:54.411173 -81 -72 -83 -75 -85 
2016-05-19 22:14:54.615200 -80 -72 -83 -78 -82 
2016-05-19 22:14:54.720214 -78 -75 -83 -82 -82 
2016-05-19 22:14:54.907237 -82 -71 -83 -78 -83 
2016-05-19 22:14:55.010251 -78 -73 -85 -84 -85 
2016-05-19 22:14:55.244279 -77 -73 -82 -72 -83 
2016-05-19 22:14:55.397303 -80 -74 -83 -78 -83 
2016-05-19 22:14:55.503319 -78 -73 -82 -80 -87 
2016-05-19 22:14:55.710342 -77 -74 -85 -77 -82 
2016-05-19 22:14:56.021383 -78 -73 -85 -78 -81 
2016-05-19 22:14:56.338428 -82 -74 -84 -78 -86 
2016-05-19 22:14:56.477443 -78 -73 -84 -71 -84 
2016-05-19 22:14:56.579454 -81 -72 -84 -75 -83 
2016-05-19 22:14:56.929499 -78 -72 -83 -71 -83 
2016-05-19 22:14:57.036520 -77 -74 -85 -74 -85 
2016-05-19 22:14:57.210539 -79 -72 -82 -79 -81 
2016-05-19 22:14:57.314550 -71 -75 -85 -74 -82 
2016-05-19 22:14:57.521586 -76 -73 -81 -75 -82 
2016-05-19 22:14:57.765619 -80 -73 -83 -74 -84 
2016-05-19 22:14:57.867632 -83 -72 -83 -80 -84 
2016-05-19 22:14:58.070658 -78 -75 -83 -76 -82 
2016-05-19 22:14:58.280685 -78 -78 -84 -77 -83 
2016-05-19 22:14:58.493718 -80 -74 -84 -75 -81 
2016-05-19 22:14:58.707734 -80 -72 -85 -77 -81 
2016-05-19 22:14:58.933767 -81 -78 -87 -76 -81 
2016-05-19 22:14:59.332816 -79 -76 -86 -74 -80 
2016-05-19 22:14:59.544841 -79 -79 -87 -73 -80 
2016-05-19 22:14:59.664856 -78 -75 -85 -71 -83 
2016-05-19 22:14:59.851883 -83 -74 -81 -78 -84 
2016-05-19 22:15:00.051911 -82 -75 -82 -74 -85 
2016-05-19 22:15:00.257936 -86 -83 -83 -70 -84 
2016-05-19 22:15:00.464961 -80 -77 -81 -78 -90 
2016-05-19 22:15:01.307074 -81 -76 -82 -72 -88 
2016-05-19 22:15:01.523102 -78 -79 -80 -71 -85 
2016-05-19 22:15:01.629120 -81 -79 -80 -73 -90 
2016-05-19 22:15:02.056172 -82 -74 -89 -76 -81 
2016-05-19 22:15:02.157187 -80 -78 -91 -78 -91 
2016-05-19 22:15:02.877279 -82 -81 -86 -76 -78 
2016-05-19 22:15:03.086315 -80 -78 -83 -79 -84 
2016-05-19 22:15:03.195330 -73 -81 -83 -77 -86 
2016-05-19 22:15:03.319340 -76 -79 -80 -74 -83 
2016-05-19 22:15:03.598373 -79 -78 -80 -79 -85 
2016-05-19 22:15:03.734398 -77 -78 -85 -84 -84 
2016-05-19 22:15:03.913414 -74 -83 -86 -88 -82 
2016-05-19 22:15:04.071436 -74 -78 -89 -73 -86 
2016-05-19 22:15:04.280460 -74 -83 -87 -77 -90 
2016-05-19 22:15:04.464490 -76 -83 -92 -81 -80 
2016-05-19 22:15:04.673514 -72 -77 -86 -74 -84 
2016-05-19 22:15:04.880538 -75 -80 -89 -80 -84 
2016-05-19 22:15:04.997555 -73 -80 -85 -78 -86 
2016-05-19 22:15:05.103569 -77 -87 -87 -77 -88 
2016-05-19 22:15:05.391607 -75 -77 -84 -77 -84 
2016-05-19 22:15:05.753655 -73 -87 -83 -74 -84 
2016-05-19 22:15:05.856668 -71 -85 -84 -73 -79 
2016-05-19 22:15:06.016690 -74 -78 -88 -71 -81 
2016-05-19 22:15:06.233717 -71 -80 -82 -83 -85 
2016-05-19 22:15:06.556760 -73 -83 -80 -73 -83 
2016-05-19 22:15:06.765784 -80 -77 -78 -71 -86 
2016-05-19 22:15:06.975812 -74 -74 -80 -75 -81 
2016-05-19 22:15:07.167854 -76 -83 -83 -71 -77 
2016-05-19 22:15:07.305854 -82 -74 -81 -79 -85 
2016-05-19 22:15:07.411881 -76 -84 -83 -75 -86 
2016-05-19 22:15:07.810922 -82 -78 -85 -68 -86 
2016-05-19 22:15:08.130962 -82 -80 -84 -78 -83 
2016-05-19 22:15:08.342993 -82 -79 -84 -74 -89 
2016-05-19 22:15:08.557022 -84 -80 -79 -72 -82 
2016-05-19 22:15:08.768048 -81 -83 -83 -74 -89 
2016-05-19 22:15:09.720177 -84 -80 -92 -79 -86 
2016-05-19 22:15:10.251239 -87 -80 -91 -79 -87 
2016-05-19 22:15:10.780315 -85 -80 -88 -77 -89 
2016-05-19 22:15:11.421393 -84 -82 -89 -79 -89 
2016-05-19 22:15:12.143490 -86 -80 -88 -73 -87 
2016-05-19 22:15:12.453537 -91 -80 -87 -75 -88 
2016-05-19 22:15:13.071608 -86 -82 -86 -75 -86 
2016-05-19 22:15:14.330778 -84 -84 -87 -75 -88 
2016-05-19 22:15:14.804837 -84 -88 -84 -80 -86 
2016-05-19 22:15:15.287900 -86 -81 -89 -77 -87 
2016-05-19 22:15:16.071006 -84 -85 -86 -78 -87 
2016-05-19 22:15:16.380043 -84 -87 -85 -79 -84 
2016-05-19 22:15:16.637073 -83 -84 -88 -76 -84 
2016-05-19 22:15:16.743090 -91 -79 -87 -74 -84 
2016-05-19 22:15:17.456196 -86 -85 -89 -80 -85 
2016-05-19 22:15:17.582204 -81 -87 -84 -76 -85 
2016-05-19 22:15:17.764231 -83 -83 -84 -79 -83 
2016-05-19 22:15:18.083265 -84 -84 -90 -82 -87 
2016-05-19 22:15:18.179277 -83 -84 -87 -75 -87 
2016-05-19 22:15:18.601337 -84 -79 -86 -76 -85 
2016-05-19 22:15:19.634467 -88 -81 -90 -81 -84 
2016-05-19 22:15:19.755483 -90 -83 -87 -84 -88 
2016-05-19 22:15:21.515713 -87 -82 -85 -81 -84 
2016-05-19 22:15:22.443843 -85 -84 -87 -80 -85 
2016-05-19 22:15:23.333953 -86 -84 -88 -78 -85 
2016-05-19 22:15:24.289077 -89 -85 -88 -79 -82 
2016-05-19 22:15:24.584115 -90 -80 -90 -75 -86 
2016-05-19 22:15:31.965078 -88 -84 -90 -82 -85 
2016-05-19 22:15:32.170105 -90 -84 -86 -76 -87 
2016-05-19 22:15:33.013218 -88 -85 -86 -78 -88 
2016-05-19 22:15:33.224240 -87 -87 -88 -73 -87 
2016-05-19 22:15:33.436271 -87 -86 -86 -75 -86 
2016-05-19 22:15:34.890461 -86 -87 -88 -80 -88 
2016-05-19 22:15:35.311515 -86 -84 -89 -78 -86 
2016-05-19 22:15:36.571680 -85 -85 -86 -77 -86 
2016-05-19 22:15:36.993739 -88 -87 -88 -80 -86 
2016-05-19 22:15:39.397050 -86 -85 -89 -78 -85 
2016-05-19 22:15:39.814107 -83 -85 -88 -79 -86 
2016-05-19 22:15:41.070266 -85 -83 -88 -80 -85 
2016-05-19 22:15:41.811364 -89 -84 -93 -76 -86 
2016-05-19 22:15:45.065787 -86 -85 -88 -79 -85 
2016-05-19 22:16:30.734755 -87 -83 -89 -67 -85 
2016-05-19 22:16:31.344833 -87 -81 -90 -73 -83 
2016-05-19 22:16:31.619869 -88 -82 -87 -76 -85 
2016-05-19 22:16:33.086071 -88 -82 -90 -71 -85 
2016-05-19 22:16:33.710145 -87 -83 -88 -71 -84 
2016-05-19 22:16:34.848292 -87 -82 -89 -71 -84 
2016-05-19 22:16:35.151335 -88 -81 -90 -70 -84 
2016-05-19 22:16:35.320353 -91 -83 -88 -74 -86 
2016-05-19 22:16:39.724929 -87 -81 -87 -72 -85 
2016-05-19 22:16:50.023278 -87 -86 -88 -70 -85 
2016-05-19 22:16:50.262305 -85 -77 -86 -77 -83 
2016-05-19 22:16:50.394324 -89 -70 -86 -66 -83 
2016-05-19 22:16:53.763766 -85 -73 -90 -68 -83 
161
