Pot : 0x08

--- Be: 7,8,9,10,11
K = 1
Acc Global: 16.7558
Acc Local:
35.5556   34.4828   39.1304   15.3846   10.8696   12.9032    8.8889    5.4054    6.8966    6.8182    5.0000   10.0000	27.9070   13.5135   25.5814


K = 3
Acc Global: 17.2906
Acc Local:
40.0000   34.4828   34.7826   20.5128    8.6957    6.4516   15.5556   10.8108    6.8966    4.5455   12.5000    6.6667	23.2558   10.8108   25.5814


K = 5
Acc Global: 16.9340
Acc Local:
37.7778   20.6897   39.1304   12.8205    2.1739   29.0323   17.7778   10.8108    6.8966    6.8182    7.5000   10.0000	30.2326   10.8108   18.6047


--- Be: 8,9,10,11
K = 1
Acc Global: 12.1212
Acc Local:
40.0000   34.4828   39.1304    5.1282   10.8696    9.6774    8.8889         0   10.3448    4.5455         0         0	0    2.7027   25.5814


K = 3
Acc Global: 13.5472
Acc Local:
 42.2222   34.4828   39.1304   17.9487    8.6957    6.4516   13.3333         0   13.7931    4.5455         0    3.3333	0    2.7027   25.5814


K = 5
Acc Global: 14.6168
Acc Local:
 33.3333   10.3448   47.8261   15.3846    6.5217   25.8065   17.7778         0   10.3448   13.6364         0   10.0000	4.6512    5.4054   27.9070


--- Be: 7,9,10,11
K = 1
Acc Global: 18.1818
Acc Local:
82.2222    3.4483   34.7826    7.6923    6.5217    6.4516   20.0000    2.7027    3.4483    9.0909    5.0000   10.0000	27.9070   13.5135   25.5814


K = 3
Acc Global: 18.8948
Acc Local:
80.0000   10.3448   39.1304   10.2564    2.1739    6.4516   28.8889   10.8108    3.4483    4.5455   10.0000    6.6667	23.2558   10.8108   25.5814


K = 5
Acc Global: 19.0731
Acc Local:
77.7778    6.8966   43.4783   10.2564    2.1739    6.4516   33.3333   13.5135         0    2.2727   10.0000   10.0000	32.5581    8.1081   18.6047



--- Be: 7,8,10,11
K = 1
Acc Global: 15.1515
Acc Local:
88.8889    6.8966   34.7826    2.5641    4.3478    3.2258   11.1111    8.1081    3.4483    6.8182    2.5000   13.3333	9.3023   10.8108   13.9535


K = 3
Acc Global: 16.3993
Acc Local:
97.7778   10.3448   34.7826    2.5641         0    6.4516   15.5556    2.7027    6.8966    9.0909         0   10.000	11.6279    8.1081   20.9302


K = 5
Acc Global: 17.1123
Acc Local:
73.3333    6.8966   47.8261    2.5641         0   16.1290   11.1111    2.7027    3.4483    4.5455   10.0000   10.0000	30.2326   13.5135   23.2558


--- Be: 7,8,9,11
K = 1
Acc Global: 15.5080
Acc Local:
35.5556   41.3793    4.3478   15.3846   10.8696   12.9032    8.8889    5.4054    6.8966    6.8182    5.0000   10.0000	25.5814   13.5135   25.5814


K = 3
Acc Global: 16.0428
Acc Local:
40.0000   41.3793    4.3478   17.9487    8.6957    6.4516   13.3333   10.8108    6.8966    4.5455   12.5000    6.6667	23.2558   10.8108   25.5814


K = 5
Acc Global: 15.5080
Acc Local:
31.1111   27.5862   13.0435   12.8205    2.1739   29.0323   15.5556   10.8108    3.4483    6.8182   10.0000   10.0000	30.2326   10.8108   18.6047


--- Be: 7,8,9,10
K = 1
Acc Global: 13.3690
Acc Local:
35.5556   34.4828   39.1304   15.3846   10.8696    9.6774    8.8889    5.4054    3.4483    4.5455    5.0000         0	25.5814    8.1081    2.3256


K = 3
Acc Global: 15.3298
Acc Local:
40.0000   34.4828   34.7826   20.5128    8.6957   12.9032   17.7778   10.8108    3.4483    4.5455   12.5000         0	23.2558    8.1081    2.3256


K = 5
Acc Global: 15.6863
Acc Local:
37.7778   20.6897   39.1304   12.8205    2.1739   35.4839   20.0000   10.8108    6.8966    6.8182   12.5000    6.6667	30.2326    2.7027         0
