Pot : 0x04

--- Be: 7,8,9,10,11
Acc Global: 21.1738
Acc Local:
29.3103   34.4828   48.2759   41.3793   15.5172   13.7931   32.7586    8.6207    6.8966   20.6897    7.0175   24.1379   17.2414	3.4483   13.7931

--- Be: 8,9,10,11
Acc Global: 21.2888
Acc Local:
56.8966   25.8621   51.7241   24.1379    3.4483   20.6897   20.6897    3.4483   10.3448   20.6897   15.7895   37.9310	20.6897    3.4483    3.4483


--- Be: 7,9,10,11
Acc Global: 18.9873
Acc Local:
15.5172   22.4138   53.4483   53.4483    6.8966   12.0690   22.4138    5.1724    3.4483   22.4138    1.7544   17.2414	31.0345    3.4483   13.7931


--- Be: 7,8,10,11
Acc Global:  22.0944
Acc Local:  41.3793   31.0345   53.4483   39.6552   13.7931   10.3448   10.3448    1.7241   12.0690   29.3103    1.7544   20.6897	41.3793    3.4483   20.6897



--- Be: 7,8,9,11
Acc Global: 18.5270
Acc Local:
43.1034   31.0345   34.4828   18.9655    3.4483   12.0690   24.1379    3.4483         0   18.9655    3.5088   34.4828	24.1379   15.5172   10.3448


--- Be: 7,8,9,10
Acc Global: 21.4039
Acc Local:	51.7241   24.1379   48.2759   25.8621   12.0690   25.8621   20.6897         0   10.3448   18.9655    5.2632   32.7586	18.9655   13.7931   12.0690


