Pot : 0x07

--- Be: 7,8,9,10,11
Acc Global: 9.2929
Acc Local:
 10.5263   18.0723   10.0000    5.7971    5.1282   10.9890   10.3896    5.9524    6.5217   14.1304    9.3750    4.3956

--- Be: 8,9,10,11
Acc Global: 10.6061
Acc Local:
 8.1967   15.4639   14.4737    7.2727   10.0000   21.4286    6.2500   11.1111   12.6316   10.1266    3.7383    5.8140


--- Be: 7,9,10,11
Acc Global: 9.3939
Acc Local:
3.0303   20.2703   11.8421    3.5088   10.2273   13.9785   15.2778    4.2105    6.7308    9.0909   13.2530    2.1277

--- Be: 7,8,10,11
Acc Global: 9.7980
Acc Local:
10.5263   17.7083   14.4578    4.6875    5.1282   12.5000    9.7561   11.2500    9.6774    4.7059    5.8824    9.7561


--- Be: 7,8,9,11
Acc Global: 10.5051
Acc Local:
7.8125   13.9785    7.5949    5.4054    9.0909   10.7527   12.8205    6.5934   15.0538   13.9535    9.5745   11.7647

--- Be: 7,8,9,10
Acc Global: 10.6061
Acc Local:
10.3448   17.9487   14.4444   10.6061    9.2105   17.2043   13.6986    6.2500    7.6923    9.5745    7.5472    3.5294
