Pot : 0x04

--- Be: 7,8,9,10,11
K = 1
Acc Global: 17.3763
Acc Local:
27.5862   18.9655   37.9310   12.0690   20.6897   17.2414   18.9655    8.6207    8.6207    5.1724    8.7719   18.9655	24.1379    5.1724   27.5862


K = 3
Acc Global: 19.4476
Acc Local:
37.9310   27.5862   44.8276   25.8621   18.9655   24.1379   17.2414    5.1724    8.6207   10.3448   12.2807   12.0690	18.9655    5.1724   22.4138


K = 5
Acc Global: 20.0230
Acc Local:
41.3793   36.2069   43.1034   27.5862   13.7931   18.9655   12.0690    5.1724    6.8966   10.3448    7.0175   18.9655   24.1379   12.0690   22.4138



--- Be: 8,9,10,11
K = 1
Acc Global: 14.1542
Acc Local:
32.7586   18.9655   32.7586   12.0690   10.3448   17.2414   29.3103    1.7241    1.7241    5.1724    5.2632   10.3448	8.6207    5.1724   20.6897


K = 3
Acc Global: 17.2612
Acc Local:
46.5517   29.3103   43.1034   17.2414    8.6207   12.0690   24.1379    8.6207    5.1724    8.6207   10.5263   15.5172	6.8966    5.1724   17.2414


K = 5
Acc Global: 18.6421
Acc Local:
 44.8276   29.3103   43.1034   20.6897   12.0690   17.2414   24.1379    6.8966    5.1724   15.5172   10.5263   13.7931	10.3448    3.4483   22.4138


--- Be: 7,9,10,11
K = 1
Acc Global: 15.5351
Acc Local:
 6.8966   12.0690   27.5862   10.3448   13.7931   24.1379   20.6897    8.6207    5.1724   12.0690   14.0351   17.2414	25.8621   15.5172   18.9655


K = 3
Acc Global: 17.8366
Acc Local:
22.4138   22.4138   36.2069   24.1379   15.5172   18.9655   18.9655   10.3448    5.1724    3.4483   15.7895   18.9655	24.1379   10.3448   20.6897


K = 5
Acc Global: 18.7572
Acc Local:
20.6897   24.1379   48.2759   18.9655   17.2414   18.9655   17.2414    5.1724    6.8966   12.0690   12.2807   20.6897	29.3103    6.8966   22.4138



--- Be: 7,8,10,11
K = 1
Acc Global: 16.9160
Acc Local:
31.0345   18.9655   39.6552   17.2414   17.2414   18.9655    5.1724   10.3448   12.0690    3.4483   10.5263   15.5172	24.1379    8.6207   20.6897


K = 3
Acc Global: 18.0667
Acc Local:
41.3793   31.0345   46.5517   32.7586   15.5172   12.0690   10.3448   12.0690    8.6207    6.8966    3.5088   10.3448	18.9655         0   20.6897


K = 5
Acc Global: 21.2888
Acc Local:
51.7241   37.9310   53.4483   25.8621   12.0690   15.5172   10.3448    6.8966    8.6207    8.6207    8.7719   24.1379	27.5862         0   27.5862


--- Be: 7,8,9,11
K = 1
Acc Global: 16.5708
Acc Local:
22.4138   15.5172   15.5172   24.1379   10.3448   15.5172   17.2414    1.7241    8.6207    8.6207    7.0175   24.1379	29.3103   20.6897   27.5862


K = 3
Acc Global: 16.4557
Acc Local:
32.7586   25.8621   24.1379   22.4138    6.8966   13.7931   20.6897    3.4483   10.3448   10.3448    5.2632   22.4138	20.6897   12.0690   15.5172


K = 5
Acc Global: 17.8366
Acc Local:
39.6552   17.2414   27.5862   24.1379   12.0690   15.5172   18.9655    1.7241    5.1724   10.3448    7.0175   18.9655	32.7586   15.5172   20.6897


--- Be: 7,8,9,10
K = 1
Acc Global: 15.4200
Acc Local:
32.7586   17.2414   39.6552    6.8966   13.7931   17.2414   17.2414    3.4483    3.4483    8.6207    8.7719   15.5172	17.2414   15.5172   13.7931


K = 3
Acc Global: 14.9597
Acc Local:
41.3793   24.1379   41.3793   22.4138   13.7931   10.3448   12.0690    1.7241    5.1724    6.8966    7.0175    5.1724	18.9655    5.1724    8.6207


K = 5
Acc Global: 17.7215
Acc Local:
37.9310   29.3103   46.5517   27.5862   13.7931   15.5172   18.9655         0    5.1724   13.7931    1.7544   10.3448	18.9655   10.3448   15.5172
