Pot : 0x07

--- Be: 7,8,9,10,11
Acc Global: 17.8971
Acc Local:
 24.1379    7.0175   59.6491    1.7544   14.0351   12.0690    3.3898    5.2632   17.2414    6.8966   22.8070   12.0690   17.2414   18.9655   46.5517

--- Be: 8,9,10,11
Acc Global: 14.4295
Acc Local:
 22.4138   10.5263   47.3684    1.7544   12.2807   29.3103    1.6949    3.5088    5.7471    6.8966    7.0175   37.9310   20.6897    1.7241   12.0690


--- Be: 7,9,10,11
Acc Global: 13.9821
Acc Local:
6.8966    1.7544   57.8947    1.7544    5.2632    3.4483    3.3898    1.7544   17.2414    6.8966    1.7544   10.3448	31.0345   13.7931   44.8276

--- Be: 7,8,10,11
Acc Global: 17.3378
Acc Local:
44.8276   12.2807   50.8772    5.2632   22.8070         0    1.6949   14.0351    2.2989         0   12.2807   13.7931	 27.5862    1.7241   58.6207


--- Be: 7,8,9,11
Acc Global: 14.7651
Acc Local:
37.9310   14.0351   29.8246    3.5088   10.5263   13.7931    5.0847    3.5088   25.2874         0    1.7544   20.6897   18.9655   12.0690   18.9655

--- Be: 7,8,9,10
Acc Global: 14.4295
Acc Local:
34.4828    7.0175   64.9123    3.5088   17.5439    8.6207    1.6949    7.0175   14.9425    1.7241   17.5439    1.7241	22.4138   10.3448    3.4483
