GRADO LINEAL

Pot : 0x07

--- Be: 7,8,9,10,11
Acc Global: 10
Acc Local:
7.4074   18.0000   15.2778    4.6875    9.2308   11.9048    9.1954    9.0909   12.2642    7.1429    7.3684    5.4945


--- Be: 8,9,10,11
Acc Global: 8.3838
Acc Local:
  5.5556   11.5789   12.9870    6.3492   10.0000    5.4945    7.4074    6.1728    5.8140    7.4468   10.8696    9.4340


--- Be: 7,9,10,11
Acc Global: 10.8081
Acc Local:
10.1695   16.0494   13.6364    7.2464    3.8961   15.7895   12.3288    3.3708   13.1313   12.9870   10.7843    8.6420

--- Be: 7,8,10,11
Acc Global: 9.2929
Acc Local:
11.1111   14.2857   18.3908    5.3571    5.0633   11.7647    5.9524   13.7931    7.0423    6.1728    5.9829    5.0000


--- Be: 7,8,9,11
Acc Global: 9.6970
Acc Local:
5.0000   12.1622    9.5745    6.3291    4.1667    7.1429    8.7500   12.9032   11.6279   17.0455   10.0000    8.8889

--- Be: 7,8,9,10
Acc Global: 9.6970
Acc Local:
16.9492   15.3846   20.9677    1.7241    4.3956   15.5556    4.8780    9.1954    7.9208   13.2530    6.1224    3.4091


GRADO POL 3

Pot : 0x07

--- Be: 7,8,9,10,11
Acc Global:  11.2121
Acc Local:
8.6957   15.2174   16.1290    3.3898    9.8592    8.7912   12.5000    7.5949   12.2449   16.4706   10.3093    9.2105


--- Be: 8,9,10,11
Acc Global: 10.7071
Acc Local:
 9.6774   18.4211   20.2703    4.2857   10.1124   18.5185   12.1951    5.4945    7.2917    9.4118    7.6087    7.6087


--- Be: 7,9,10,11
Acc Global: 9.4949
Acc Local:
5.8824   12.7907    9.6386    5.3571    8.3333   17.4419   15.0685    6.8966    5.1020    6.6667   16.3043    3.4483

--- Be: 7,8,10,11
Acc Global: 10.5051
Acc Local:
11.1111   20.0000   16.6667    4.6154    3.8462   15.7895   10.8434   11.7647    9.1837    2.3810    8.0808    8.5714


--- Be: 7,8,9,11
Acc Global: 10.7071
Acc Local:
3.0303   13.4146   11.3924    5.5556    6.7568   11.9565   10.5263   10.0000   13.7931   13.0435   11.7647   13.6364

--- Be: 7,8,9,10
Acc Global: 12.3232
Acc Local:
12.7273   16.6667   17.7083    8.1967   12.0482   15.3846   11.8421    7.9545   10.8911   15.1163   10.9890    5.5556
