Pot : 0x04

Grado LINEAL

--- Be: 7,8,9,10,11
Acc Global: 23.4753
Acc Local:
53.4483   39.6552   53.4483   32.7586   17.2414   13.7931   25.8621    1.7241   12.0690   17.2414         0   22.4138	37.9310    5.1724   18.9655

--- Be: 8,9,10,11
Acc Global: 19.6778
Acc Local:
53.4483   32.7586   51.7241   25.8621         0   10.3448   17.2414    3.4483   13.7931   17.2414   12.2807   17.2414	10.3448   13.7931   15.5172


--- Be: 7,9,10,11
Acc Global: 21.1738
Acc Local:
15.5172   25.8621   53.4483   44.8276   12.0690   15.5172   25.8621    3.4483   13.7931   17.2414         0   22.4138	43.1034    5.1724   18.9655


--- Be: 7,8,10,11
Acc Global: 22.5547
Acc Local:
55.1724   32.7586   55.1724   34.4828    5.1724   12.0690    1.7241    3.4483   10.3448   18.9655         0   29.3103	 63.7931    5.1724   10.3448


--- Be: 7,8,9,11
Acc Global: 20.7135
Acc Local:
53.4483   32.7586   20.6897   29.3103   10.3448    8.6207   25.8621    1.7241    8.6207   20.6897         0   24.1379	 50.0000    6.8966   17.2414

--- Be: 7,8,9,10
Acc Global: 20.1381
Acc Local:
44.8276   27.5862   56.8966   46.5517    8.6207    6.8966   20.6897    3.4483   12.0690   17.2414         0   13.7931	 22.4138    6.8966   13.7931



Grado Pol 3


--- Be: 7,8,9,10,11
Acc Global: 20.9436
Acc Local: 48.2759   31.0345   51.7241   43.1034    1.7241   10.3448   25.8621   10.3448    6.8966   10.3448    5.2632   29.3103	20.6897    5.1724   13.7931

 


--- Be: 8,9,10,11
Acc Global: 19.5627
Acc Local:
 48.2759   29.3103   34.4828   41.3793    6.8966   20.6897   13.7931    1.7241   10.3448   25.8621   14.0351   22.4138	 0    5.1724   18.9655


--- Be: 7,9,10,11
Acc Global:  15.6502
Acc Local:
18.9655   27.5862   53.4483   17.2414         0    6.8966   25.8621    6.8966    8.6207   22.4138    5.2632   13.7931	22.4138    5.1724         0



--- Be: 7,8,10,11
Acc Global: 21.4039
Acc Local:
46.5517   36.2069   48.2759   48.2759   13.7931    3.4483   10.3448         0    6.8966   27.5862    1.7544   24.1379	29.3103    6.8966   17.2414


--- Be: 7,8,9,11
Acc Global: 19.3326
Acc Local:
 44.8276   18.9655   29.3103   44.8276    3.4483    8.6207   18.9655    3.4483   13.7931   10.3448   14.0351   29.3103	 32.7586    8.6207    8.6207

--- Be: 7,8,9,10
Acc Global: 20.0230
Acc Local:
53.4483   27.5862   56.8966   39.6552    6.8966    8.6207   12.0690         0   10.3448   24.1379    3.5088   27.5862	13.7931    6.8966    8.6207

