Pot : 0x07

Grado LINEAL

--- Be: 7,8,9,10,11
Acc Global: 15.3244
Acc Local:
12.0690   10.5263   66.6667    3.5088    1.7544   13.7931    1.6949    5.2632         0    1.7241    3.5088   32.7586	50.0000    5.1724   29.3103

--- Be: 8,9,10,11
Acc Global: 15.9955
Acc Local:
13.7931   10.5263   63.1579    1.7544    5.2632   13.7931    3.3898         0    3.4483         0    8.7719   32.7586	56.8966    8.6207   24.1379


--- Be: 7,9,10,11
Acc Global: 13.4228
Acc Local:
0   12.2807   63.1579    1.7544    3.5088    6.8966    1.6949         0    2.2989   13.7931         0   15.5172	55.1724    6.8966   24.1379


--- Be: 7,8,10,11
Acc Global: 15.9955
Acc Local:
29.3103   14.0351   66.6667    3.5088    5.2632   24.1379         0    5.2632    1.1494    1.7241    5.2632   10.3448	50.0000         0   31.0345


--- Be: 7,8,9,11
Acc Global: 11.6331
Acc Local:
5.1724   14.0351   12.2807         0    7.0175   31.0345    3.3898    8.7719         0    1.7241         0   32.7586	32.7586    5.1724   25.8621

--- Be: 7,8,9,10
Acc Global: 13.1991
Acc Local:
17.2414    1.7544   78.9474    3.5088    1.7544    6.8966    1.6949    8.7719    1.1494    1.7241    3.5088   13.7931	51.7241    8.6207    3.4483



Grado Pol 3


--- Be: 7,8,9,10,11
Acc Global: 15.5481
Acc Local:
 15.5172    8.7719   56.1404         0   22.8070   20.6897         0   17.5439    8.0460         0    1.7544   36.2069	17.2414   17.2414   15.5172


--- Be: 8,9,10,11
Acc Global: 14.7651
Acc Local:
 8.6207    7.0175   40.3509    1.7544   14.0351   36.2069    3.3898    5.2632    8.0460   12.0690    3.5088   48.2759	17.2414    6.8966   12.0690


--- Be: 7,9,10,11
Acc Global:  13.3110
Acc Local:
0   14.0351   43.8596    3.5088   14.0351   10.3448    3.3898    8.7719   10.3448    6.8966    3.5088   17.2414	 31.0345   17.2414   17.2414


--- Be: 7,8,10,11
Acc Global: 17.5615
Acc Local:
 51.7241   12.2807   47.3684   15.7895   12.2807    3.4483    5.0847    7.0175    1.1494    1.7241    8.7719    8.6207	 29.3103   24.1379   43.1034


--- Be: 7,8,9,11
Acc Global: 15.3244
Acc Local:
31.0345   14.0351    5.2632         0   28.0702   22.4138         0    7.0175   20.6897    6.8966         0   51.7241	24.1379   12.0690    3.4483

--- Be: 7,8,9,10
Acc Global: 15.5481
Acc Local:
22.4138    8.7719   64.9123    3.5088   19.2982    3.4483    1.6949    3.5088   14.9425   15.5172    7.0175   12.0690	34.4828   22.4138         0
