Pot : 0x07

--- Be: 7,8,9,10,11
K = 1
Acc Global: 15.2125
Acc Local:
17.2414   10.5263   29.8246    5.2632   15.7895   22.4138   10.1695   10.5263    5.7471    6.8966    8.7719   17.2414  18.9655   20.6897	32.7586

K = 3
Acc Global: 15.4362
Acc Local:
20.6897   19.2982   33.3333   10.5263   10.5263   24.1379    6.7797   14.0351    3.4483    8.6207    3.5088   22.4138   22.4138   10.3448   27.5862

K = 5
Acc Global: 16.1074
Acc Local:
22.4138   19.2982   45.6140   10.5263    7.0175   22.4138    6.7797   14.0351    2.2989    6.8966    5.2632   27.5862   22.4138   17.2414   18.9655


--- Be: 8,9,10,11
K = 1
Acc Global: 13.8702
Acc Local:
18.9655   12.2807   33.3333    3.5088    7.0175   18.9655    5.0847    3.5088    6.8966   10.3448    8.7719   20.6897	17.2414   13.7931   31.0345


K = 3
Acc Global: 14.0940
Acc Local:
39.6552   17.5439   38.5965    7.0175    8.7719   10.3448   13.5593    8.7719    8.0460    5.1724    3.5088   17.2414	5.1724    3.4483   27.5862


K = 5
Acc Global: 15.3244
Acc Local:
32.7586   22.8070   36.8421    5.2632    7.0175   17.2414    5.0847   12.2807    9.1954    3.4483         0   17.2414	15.5172   10.3448   37.9310

--- Be: 7,9,10,11
K = 1
Acc Global: 14.3177
Acc Local:
1.7241   14.0351   36.8421    1.7544    7.0175   20.6897    5.0847   15.7895    5.7471    8.6207    7.0175   17.2414	15.5172   20.6897   41.3793


K = 3
Acc Global: 12.6398
Acc Local:
10.3448   15.7895   36.8421    3.5088    8.7719   15.5172    5.0847   12.2807    8.0460    3.4483    3.5088   15.5172	13.7931    3.4483   36.2069


K = 5
Acc Global: 13.8702
Acc Local:
10.3448   14.0351   36.8421    5.2632    5.2632   15.5172    6.7797   10.5263    5.7471    8.6207   10.5263   22.4138	17.2414    8.6207   34.4828


--- Be: 7,8,10,11
K = 1
Acc Global: 13.9821
Acc Local:
10.3448    8.7719   40.3509    7.0175   10.5263   13.7931    8.4746    1.7544    6.8966   10.3448   12.2807   18.9655	17.2414   18.9655   27.5862


K = 3
Acc Global: 14.5414
Acc Local:
29.3103   36.8421   40.3509   12.2807    5.2632    8.6207    8.4746    7.0175    2.2989    8.6207    1.7544   12.0690	13.7931   10.3448   27.5862


K = 5
Acc Global: 15.7718
Acc Local:
37.9310   28.0702   42.1053   14.0351   12.2807   12.0690    6.7797    5.2632    2.2989    6.8966         0   15.5172	22.4138   12.0690   25.8621

--- Be: 7,8,9,11
K = 1
Acc Global: 15.2125
Acc Local:
27.5862    3.5088   19.2982   10.5263   14.0351   13.7931    3.3898    5.2632    9.1954    8.6207    5.2632   27.5862	24.1379   22.4138   36.2069

K = 3
Acc Global: 15.2125
Acc Local:
48.2759   14.0351   28.0702    7.0175   21.0526   15.5172    1.6949    7.0175    6.8966    3.4483    7.0175   20.6897	15.5172   12.0690   24.1379


K = 5
Acc Global: 13.7584
Acc Local:
34.4828   10.5263   21.0526    7.0175    8.7719   10.3448    1.6949    3.5088    4.5977    6.8966    5.2632   15.5172	20.6897   22.4138   37.9310

--- Be: 7,8,9,10
K = 1
Acc Global: 13.0872
Acc Local:
17.2414   12.2807   31.5789    8.7719    5.2632   13.7931    1.6949   12.2807   11.4943   10.3448   14.0351   12.0690	22.4138   17.2414    6.8966


K = 3
Acc Global: 11.5213
Acc Local:
17.2414   24.5614   43.8596    8.7719    7.0175   12.0690    5.0847   14.0351    5.7471    6.8966    7.0175    3.4483	12.0690    5.1724    3.4483

K = 5
Acc Global: 12.9754
Acc Local:
18.9655   15.7895   45.6140    5.2632    8.7719   20.6897    5.0847    8.7719    2.2989    6.8966   17.5439    6.8966	22.4138   12.0690    3.4483