2016-05-19 22:24:28.593912 -73 -74 -79 -74 -69 
2016-05-19 22:24:28.711930 -71 -70 -75 -76 -79 
2016-05-19 22:24:28.819967 -70 -78 -83 -71 -69 
2016-05-19 22:24:29.026971 -72 -73 -79 -78 -71 
2016-05-19 22:24:29.438037 -70 -72 -78 -70 -74 
2016-05-19 22:24:29.949104 -74 -74 -84 -75 -74 
2016-05-19 22:24:30.051113 -69 -82 -81 -76 -71 
2016-05-19 22:24:30.154123 -73 -72 -79 -68 -79 
2016-05-19 22:24:30.364150 -71 -80 -77 -69 -65 
2016-05-19 22:24:30.577181 -66 -73 -74 -79 -68 
2016-05-19 22:24:30.692196 -72 -73 -72 -70 -77 
2016-05-19 22:24:30.897223 -68 -71 -76 -74 -79 
2016-05-19 22:24:31.002236 -68 -80 -73 -72 -68 
2016-05-19 22:24:31.201263 -77 -70 -75 -73 -67 
2016-05-19 22:24:31.334277 -69 -74 -78 -74 -63 
2016-05-19 22:24:31.636319 -64 -76 -73 -87 -66 
2016-05-19 22:24:31.738337 -72 -68 -68 -68 -70 
2016-05-19 22:24:31.845347 -71 -73 -74 -75 -80 
2016-05-19 22:24:31.945360 -77 -75 -71 -74 -73 
2016-05-19 22:24:32.154384 -68 -74 -69 -71 -75 
2016-05-19 22:24:32.466421 -78 -78 -74 -69 -72 
2016-05-19 22:24:32.681448 -63 -72 -72 -83 -65 
2016-05-19 22:24:32.878477 -69 -80 -77 -77 -66 
2016-05-19 22:24:32.992490 -67 -80 -76 -71 -65 
2016-05-19 22:24:33.303535 -67 -72 -69 -73 -64 
2016-05-19 22:24:33.410544 -66 -76 -66 -80 -67 
2016-05-19 22:24:33.612570 -66 -72 -66 -79 -74 
2016-05-19 22:24:33.715583 -63 -74 -79 -72 -71 
2016-05-19 22:24:34.037625 -63 -71 -73 -82 -71 
2016-05-19 22:24:34.244649 -63 -72 -71 -74 -80 
2016-05-19 22:24:34.454679 -64 -74 -69 -73 -72 
2016-05-19 22:24:34.556693 -65 -78 -65 -75 -67 
2016-05-19 22:24:34.665707 -63 -74 -69 -74 -65 
2016-05-19 22:24:34.770721 -69 -75 -69 -79 -66 
2016-05-19 22:24:34.878739 -68 -70 -70 -72 -71 
2016-05-19 22:24:35.087773 -66 -69 -66 -71 -71 
2016-05-19 22:24:35.191777 -65 -71 -69 -72 -69 
2016-05-19 22:24:35.295790 -65 -71 -68 -71 -73 
2016-05-19 22:24:35.495816 -68 -81 -66 -74 -70 
2016-05-19 22:24:35.704847 -65 -74 -64 -72 -79 
2016-05-19 22:24:35.885868 -65 -71 -69 -71 -75 
2016-05-19 22:24:35.986880 -67 -70 -67 -70 -72 
2016-05-19 22:24:36.118901 -64 -71 -70 -73 -67 
2016-05-19 22:24:36.299919 -64 -71 -69 -71 -74 
2016-05-19 22:24:36.401934 -67 -72 -70 -71 -68 
2016-05-19 22:24:36.501948 -64 -72 -69 -70 -78 
2016-05-19 22:24:36.607961 -67 -73 -68 -72 -74 
2016-05-19 22:24:36.815989 -68 -72 -68 -73 -71 
2016-05-19 22:24:36.918001 -61 -73 -70 -75 -70 
2016-05-19 22:24:37.227042 -65 -73 -69 -67 -75 
2016-05-19 22:24:37.385061 -63 -73 -67 -74 -75 
2016-05-19 22:24:37.590087 -66 -74 -72 -70 -75 
2016-05-19 22:24:37.699109 -69 -71 -68 -69 -78 
2016-05-19 22:24:37.802117 -65 -73 -72 -76 -71 
2016-05-19 22:24:37.903130 -68 -70 -67 -68 -80 
2016-05-19 22:24:38.135158 -62 -73 -69 -73 -79 
2016-05-19 22:24:38.239179 -68 -72 -69 -78 -68 
2016-05-19 22:24:38.451201 -64 -70 -69 -72 -74 
2016-05-19 22:24:38.559219 -65 -72 -71 -68 -85 
2016-05-19 22:24:38.866256 -69 -72 -67 -71 -72 
2016-05-19 22:24:39.080281 -63 -73 -68 -68 -77 
2016-05-19 22:24:39.192298 -62 -71 -68 -80 -71 
2016-05-19 22:24:39.295309 -70 -71 -72 -69 -72 
2016-05-19 22:24:39.400330 -63 -72 -68 -78 -68 
2016-05-19 22:24:39.502339 -68 -71 -68 -68 -71 
2016-05-19 22:24:39.607352 -63 -74 -68 -75 -70 
2016-05-19 22:24:39.923393 -67 -72 -68 -67 -79 
2016-05-19 22:24:40.029412 -67 -77 -68 -78 -70 
2016-05-19 22:24:40.136422 -64 -74 -72 -68 -79 
2016-05-19 22:24:40.449466 -70 -76 -68 -71 -74 
2016-05-19 22:24:40.678492 -65 -74 -70 -70 -76 
2016-05-19 22:24:40.869522 -69 -72 -74 -75 -80 
2016-05-19 22:24:40.972531 -62 -74 -66 -74 -78 
2016-05-19 22:24:41.083556 -77 -74 -72 -71 -70 
2016-05-19 22:24:41.184562 -63 -72 -75 -69 -74 
2016-05-19 22:24:41.295570 -69 -72 -68 -71 -67 
2016-05-19 22:24:41.726630 -65 -73 -74 -72 -73 
2016-05-19 22:24:42.032670 -65 -74 -73 -70 -71 
2016-05-19 22:24:42.140682 -64 -71 -68 -77 -80 
2016-05-19 22:24:42.242697 -66 -80 -72 -67 -70 
2016-05-19 22:24:42.417721 -68 -71 -68 -75 -72 
2016-05-19 22:24:42.519741 -64 -75 -68 -81 -81 
2016-05-19 22:24:42.627747 -70 -70 -69 -68 -79 
2016-05-19 22:24:42.953790 -63 -72 -68 -75 -74 
2016-05-19 22:24:43.054807 -69 -69 -74 -74 -87 
2016-05-19 22:24:43.159822 -66 -72 -66 -69 -66 
2016-05-19 22:24:43.274836 -69 -70 -74 -72 -73 
2016-05-19 22:24:43.376847 -65 -71 -67 -69 -75 
2016-05-19 22:24:43.483859 -67 -71 -72 -69 -74 
2016-05-19 22:24:43.587873 -63 -73 -68 -67 -69 
2016-05-19 22:24:43.710886 -63 -71 -68 -70 -75 
2016-05-19 22:24:43.876911 -71 -72 -69 -80 -74 
2016-05-19 22:24:44.044936 -68 -73 -71 -78 -82 
2016-05-19 22:24:44.149951 -64 -71 -72 -72 -71 
2016-05-19 22:24:44.257960 -62 -81 -70 -85 -74 
2016-05-19 22:24:44.416983 -67 -71 -72 -69 -77 
2016-05-19 22:24:44.650048 -66 -76 -76 -79 -77 
2016-05-19 22:24:44.821031 -63 -87 -78 -73 -72 
2016-05-19 22:24:44.924048 -75 -74 -83 -85 -74 
2016-05-19 22:24:45.027062 -61 -71 -73 -70 -77 
2016-05-19 22:24:45.241089 -66 -75 -73 -78 -71 
2016-05-19 22:24:45.441113 -64 -71 -71 -71 -77 
2016-05-19 22:24:45.550133 -75 -71 -67 -80 -73 
2016-05-19 22:24:45.658157 -62 -79 -78 -73 -74 
2016-05-19 22:24:45.869171 -69 -71 -75 -83 -74 
2016-05-19 22:24:45.976182 -73 -78 -78 -82 -72 
2016-05-19 22:24:46.188213 -67 -76 -78 -74 -74 
2016-05-19 22:24:46.311227 -68 -76 -78 -85 -64 
2016-05-19 22:24:46.416240 -63 -72 -73 -79 -72 
2016-05-19 22:24:46.519261 -68 -76 -84 -68 -66 
2016-05-19 22:24:46.628270 -67 -77 -78 -71 -65 
2016-05-19 22:24:46.833297 -63 -75 -74 -68 -64 
2016-05-19 22:24:46.940314 -76 -84 -81 -75 -79 
2016-05-19 22:24:47.152341 -69 -80 -78 -79 -64 
2016-05-19 22:24:47.257356 -62 -72 -79 -70 -64 
2016-05-19 22:24:47.462380 -75 -78 -78 -74 -68 
2016-05-19 22:24:47.716409 -71 -79 -88 -79 -73 
2016-05-19 22:24:47.993452 -60 -76 -76 -74 -74 
2016-05-19 22:24:48.181471 -61 -72 -83 -74 -68 
2016-05-19 22:24:48.282487 -65 -71 -75 -82 -86 
2016-05-19 22:24:48.387501 -62 -73 -86 -74 -77 
2016-05-19 22:24:48.490517 -62 -83 -75 -76 -74 
2016-05-19 22:24:48.669563 -70 -77 -83 -76 -71 
2016-05-19 22:24:48.773567 -64 -72 -75 -74 -67 
2016-05-19 22:24:48.884565 -73 -77 -87 -75 -69 
2016-05-19 22:24:49.053587 -65 -81 -86 -78 -73 
2016-05-19 22:24:49.255617 -65 -76 -87 -77 -72 
2016-05-19 22:24:49.409641 -65 -73 -79 -82 -65 
2016-05-19 22:24:49.625674 -65 -81 -78 -77 -67 
2016-05-19 22:24:49.773689 -64 -75 -77 -81 -67 
2016-05-19 22:24:49.985721 -63 -77 -80 -78 -67 
2016-05-19 22:24:50.092730 -62 -83 -82 -77 -68 
2016-05-19 22:24:50.203745 -63 -75 -76 -74 -69 
2016-05-19 22:24:50.304758 -60 -81 -90 -72 -67 
2016-05-19 22:24:50.495788 -61 -75 -82 -85 -65 
2016-05-19 22:24:50.602806 -63 -78 -76 -71 -63 
2016-05-19 22:24:50.710816 -63 -75 -90 -83 -67 
2016-05-19 22:24:50.810829 -65 -80 -75 -71 -62 
2016-05-19 22:24:50.993848 -64 -83 -76 -72 -67 
2016-05-19 22:24:51.134866 -62 -77 -81 -81 -65 
2016-05-19 22:24:51.241878 -63 -72 -75 -72 -66 
2016-05-19 22:24:51.344898 -63 -76 -77 -78 -67 
2016-05-19 22:24:51.463909 -61 -76 -79 -74 -66 
2016-05-19 22:24:51.565927 -64 -78 -76 -73 -68 
2016-05-19 22:24:51.774949 -62 -78 -77 -72 -66 
2016-05-19 22:24:51.981974 -65 -79 -74 -73 -66 
2016-05-19 22:24:52.297015 -66 -77 -74 -84 -67 
2016-05-19 22:24:52.398031 -69 -79 -84 -78 -68 
2016-05-19 22:24:52.608051 -61 -76 -74 -77 -66 
2016-05-19 22:24:52.714065 -66 -77 -81 -84 -68 
2016-05-19 22:24:53.031110 -64 -78 -76 -72 -69 
2016-05-19 22:24:53.143123 -65 -80 -81 -80 -66 
2016-05-19 22:24:53.245134 -63 -78 -75 -73 -67 
2016-05-19 22:24:53.351152 -63 -83 -81 -80 -67 
2016-05-19 22:24:53.450161 -63 -73 -75 -74 -67 
2016-05-19 22:24:53.644187 -63 -80 -75 -81 -67 
2016-05-19 22:24:53.838213 -64 -83 -84 -78 -65 
2016-05-19 22:24:53.963259 -62 -80 -75 -77 -70 
2016-05-19 22:24:54.261271 -63 -73 -77 -75 -68 
2016-05-19 22:24:54.486300 -64 -73 -76 -77 -70 
2016-05-19 22:24:54.700327 -64 -73 -75 -82 -68 
2016-05-19 22:24:54.801342 -64 -78 -76 -88 -69 
2016-05-19 22:24:55.010365 -64 -90 -77 -74 -69 
2016-05-19 22:24:55.197387 -64 -74 -77 -87 -69 
2016-05-19 22:24:55.405417 -64 -81 -77 -73 -68 
2016-05-19 22:24:55.615444 -64 -74 -77 -72 -65 
2016-05-19 22:24:55.837471 -64 -78 -77 -73 -68 
2016-05-19 22:24:56.031502 -63 -77 -78 -70 -70 
2016-05-19 22:24:56.177515 -64 -81 -79 -76 -69 
2016-05-19 22:24:56.341543 -64 -75 -78 -72 -68 
2016-05-19 22:24:56.676587 -63 -75 -80 -77 -67 
2016-05-19 22:24:56.885611 -65 -76 -81 -77 -68 
2016-05-19 22:24:56.991629 -66 -83 -80 -71 -69 
2016-05-19 22:24:57.094637 -63 -75 -77 -80 -67 
2016-05-19 22:24:57.308665 -64 -78 -78 -74 -68 
2016-05-19 22:24:57.814731 -63 -81 -84 -76 -69 
2016-05-19 22:24:57.920745 -65 -86 -78 -80 -68 
2016-05-19 22:24:58.023759 -65 -73 -87 -75 -64 
2016-05-19 22:24:58.242785 -64 -84 -85 -78 -66 
2016-05-19 22:24:58.555829 -65 -70 -89 -73 -68 
2016-05-19 22:24:58.777855 -63 -81 -74 -78 -69 
2016-05-19 22:24:59.087915 -62 -80 -78 -78 -69 
2016-05-19 22:24:59.201916 -64 -80 -84 -82 -68 
2016-05-19 22:24:59.403946 -65 -72 -76 -78 -68 
2016-05-19 22:24:59.712984 -63 -78 -82 -69 -72 
2016-05-19 22:24:59.901011 -64 -77 -78 -76 -68 
2016-05-19 22:25:00.003022 -73 -78 -80 -88 -71 
2016-05-19 22:25:00.112044 -63 -81 -77 -69 -70 
2016-05-19 22:25:00.239056 -63 -77 -77 -72 -71 
2016-05-19 22:25:00.438080 -69 -79 -81 -77 -76 
2016-05-19 22:25:00.646109 -70 -77 -78 -72 -74 
2016-05-19 22:25:00.753119 -83 -88 -78 -77 -73 
2016-05-19 22:25:00.955149 -73 -87 -74 -78 -82 
2016-05-19 22:25:01.280187 -75 -77 -79 -77 -71 
2016-05-19 22:25:01.383195 -74 -80 -84 -68 -76 
2016-05-19 22:25:01.487215 -73 -77 -77 -71 -79 
2016-05-19 22:25:01.595226 -72 -79 -81 -74 -81 
2016-05-19 22:25:01.785250 -72 -76 -83 -72 -72 
2016-05-19 22:25:01.884267 -69 -76 -77 -76 -81 
2016-05-19 22:25:01.995305 -68 -87 -75 -76 -80 
2016-05-19 22:25:02.102296 -75 -80 -86 -67 -71 
2016-05-19 22:25:02.208306 -78 -75 -80 -91 -77 
2016-05-19 22:25:02.430334 -75 -69 -79 -70 -80 
2016-05-19 22:25:02.536348 -92 -80 -80 -74 -83 
2016-05-19 22:25:02.637366 -69 -76 -83 -68 -73 
2016-05-19 22:25:02.745375 -80 -84 -80 -73 -78 
2016-05-19 22:25:02.868388 -79 -86 -81 -73 -75 
2016-05-19 22:25:03.177435 -75 -79 -77 -73 -75 
2016-05-19 22:25:03.361455 -69 -79 -78 -74 -87 
2016-05-19 22:25:03.550480 -71 -80 -76 -72 -72 
2016-05-19 22:25:03.706501 -67 -75 -80 -74 -81 
2016-05-19 22:25:03.814515 -74 -71 -79 -74 -81 
2016-05-19 22:25:03.921529 -62 -77 -82 -74 -81 
2016-05-19 22:25:04.029554 -80 -75 -87 -78 -84 
2016-05-19 22:25:04.234570 -68 -79 -80 -78 -77 
2016-05-19 22:25:04.340599 -71 -74 -79 -71 -75 
2016-05-19 22:25:04.504618 -67 -80 -82 -72 -73 
2016-05-19 22:25:05.347728 -72 -76 -72 -81 -73 
2016-05-19 22:25:05.592759 -71 -78 -72 -77 -70 
2016-05-19 22:25:05.703766 -64 -79 -86 -75 -72 
2016-05-19 22:25:06.025811 -68 -79 -79 -74 -70 
2016-05-19 22:25:06.132840 -81 -81 -85 -75 -71 
2016-05-19 22:25:06.601886 -66 -77 -80 -76 -73 
2016-05-19 22:25:06.817921 -73 -75 -81 -78 -72 
2016-05-19 22:25:07.034944 -68 -75 -89 -76 -70 
2016-05-19 22:25:07.140950 -68 -78 -82 -77 -71 
2016-05-19 22:25:07.360981 -69 -76 -84 -77 -70 
2016-05-19 22:25:07.521000 -68 -81 -86 -77 -73 
2016-05-19 22:25:07.677020 -74 -82 -81 -73 -71 
2016-05-19 22:25:07.784030 -73 -81 -79 -81 -71 
2016-05-19 22:25:07.891047 -69 -82 -86 -74 -71 
2016-05-19 22:25:08.104071 -71 -85 -83 -77 -72 
2016-05-19 22:25:08.313107 -68 -80 -86 -77 -73 
2016-05-19 22:25:08.434116 -68 -79 -86 -78 -71 
2016-05-19 22:25:08.645146 -67 -78 -88 -80 -72 
2016-05-19 22:25:08.936184 -74 -86 -86 -77 -72 
2016-05-19 22:25:09.194215 -69 -78 -83 -91 -76 
2016-05-19 22:25:09.295255 -72 -73 -81 -78 -71 
2016-05-19 22:25:09.473258 -69 -84 -80 -75 -72 
2016-05-19 22:25:09.578272 -72 -77 -85 -77 -72 
2016-05-19 22:25:09.723294 -72 -78 -80 -74 -72 
2016-05-19 22:25:09.976320 -71 -74 -90 -74 -73 
2016-05-19 22:25:10.297361 -67 -77 -82 -79 -71 
2016-05-19 22:25:10.504386 -69 -77 -79 -79 -70 
2016-05-19 22:25:10.670411 -65 -75 -89 -77 -71 
2016-05-19 22:25:10.781429 -65 -76 -79 -78 -75 
2016-05-19 22:25:11.237485 -66 -78 -90 -75 -70 
2016-05-19 22:25:11.398510 -68 -76 -86 -76 -75 
2016-05-19 22:25:11.502523 -70 -80 -88 -92 -77 
2016-05-19 22:25:11.653543 -66 -80 -87 -76 -70 
2016-05-19 22:25:12.069590 -68 -76 -84 -81 -72 
2016-05-19 22:25:12.316626 -71 -79 -84 -82 -74 
2016-05-19 22:25:12.597663 -67 -78 -82 -82 -71 
2016-05-19 22:25:12.706677 -64 -87 -86 -82 -72 
2016-05-19 22:25:12.807690 -63 -80 -86 -82 -72 
2016-05-19 22:25:12.959708 -66 -80 -90 -80 -71 
2016-05-19 22:25:13.061723 -72 -80 -83 -81 -71 
2016-05-19 22:25:13.226745 -66 -82 -84 -82 -70 
2016-05-19 22:25:13.355765 -67 -89 -91 -81 -68 
2016-05-19 22:25:13.459773 -68 -84 -81 -83 -71 
2016-05-19 22:25:13.653820 -66 -83 -80 -83 -70 
2016-05-19 22:25:13.866828 -64 -83 -78 -78 -73 
2016-05-19 22:25:14.073858 -72 -82 -80 -78 -74 
2016-05-19 22:25:14.282883 -68 -80 -83 -77 -74 
2016-05-19 22:25:14.390903 -66 -82 -80 -77 -71 
2016-05-19 22:25:14.493924 -69 -85 -83 -83 -77 
2016-05-19 22:25:14.701945 -68 -85 -83 -80 -75 
2016-05-19 22:25:14.869964 -73 -82 -91 -75 -77 
2016-05-19 22:25:14.979978 -64 -75 -81 -86 -68 
2016-05-19 22:25:15.188008 -69 -74 -81 -74 -66 
2016-05-19 22:25:15.390033 -70 -84 -81 -71 -70 
2016-05-19 22:25:15.693074 -74 -80 -84 -74 -64 
2016-05-19 22:25:15.880097 -70 -82 -92 -83 -74 
2016-05-19 22:25:16.004119 -65 -78 -79 -74 -75 
2016-05-19 22:25:16.591193 -68 -84 -75 -75 -72 
2016-05-19 22:25:16.695202 -63 -74 -83 -74 -75 
2016-05-19 22:25:17.007246 -66 -83 -82 -77 -67 
2016-05-19 22:25:17.212272 -71 -82 -83 -77 -73 
2016-05-19 22:25:17.373293 -67 -84 -77 -84 -72 
2016-05-19 22:25:17.583330 -73 -79 -81 -80 -65 
2016-05-19 22:25:17.690325 -70 -76 -86 -75 -65 
2016-05-19 22:25:17.793350 -64 -81 -86 -73 -76 
2016-05-19 22:25:18.051375 -80 -75 -83 -80 -67 
2016-05-19 22:25:18.257401 -73 -76 -87 -76 -77 
2016-05-19 22:25:18.462429 -70 -89 -84 -72 -77 
2016-05-19 22:25:18.765466 -70 -80 -75 -71 -73 
2016-05-19 22:25:19.037503 -68 -77 -84 -78 -66 
2016-05-19 22:25:19.141517 -65 -76 -87 -71 -86 
2016-05-19 22:25:19.300535 -69 -80 -78 -74 -68 
2016-05-19 22:25:19.514578 -68 -79 -83 -73 -75 
2016-05-19 22:25:19.716609 -66 -77 -83 -74 -71 
2016-05-19 22:25:19.964637 -66 -86 -79 -77 -66 
2016-05-19 22:25:20.135652 -68 -81 -87 -78 -73 
2016-05-19 22:25:20.285671 -68 -86 -81 -70 -75 
2016-05-19 22:25:20.491700 -69 -78 -84 -78 -68 
2016-05-19 22:25:20.697727 -70 -79 -83 -74 -73 
2016-05-19 22:25:20.860746 -73 -81 -77 -74 -63 
2016-05-19 22:25:21.372816 -72 -80 -82 -77 -73 
2016-05-19 22:25:21.546838 -71 -80 -82 -82 -72 
2016-05-19 22:25:21.739886 -72 -80 -85 -73 -68 
2016-05-19 22:25:21.949900 -70 -79 -83 -83 -69 
2016-05-19 22:25:22.089915 -77 -78 -83 -73 -68 
2016-05-19 22:25:22.295934 -70 -79 -82 -76 -69 
2016-05-19 22:25:22.506964 -74 -80 -86 -79 -69 
2016-05-19 22:25:22.713991 -84 -78 -89 -80 -66 
2016-05-19 22:25:22.933021 -72 -82 -89 -79 -69 
2016-05-19 22:25:23.040040 -74 -84 -83 -75 -66 
2016-05-19 22:25:23.147047 -70 -84 -86 -77 -69 
2016-05-19 22:25:23.251058 -74 -77 -83 -73 -65 
2016-05-19 22:25:23.467090 -71 -80 -84 -71 -71 
2016-05-19 22:25:23.778130 -69 -87 -81 -73 -71 
2016-05-19 22:25:24.091168 -71 -86 -84 -74 -71 
2016-05-19 22:25:24.313200 -75 -79 -83 -76 -70 
2016-05-19 22:25:24.633241 -74 -89 -81 -72 -70 
2016-05-19 22:25:24.737256 -71 -81 -83 -71 -79 
2016-05-19 22:25:24.899269 -72 -87 -80 -76 -72 
2016-05-19 22:25:25.082294 -75 -79 -84 -76 -69 
2016-05-19 22:25:25.281318 -68 -79 -87 -76 -75 
2016-05-19 22:25:25.667369 -72 -80 -80 -78 -72 
2016-05-19 22:25:25.870401 -68 -81 -80 -77 -78 
2016-05-19 22:25:25.969411 -69 -83 -82 -74 -75 
2016-05-19 22:25:26.180440 -72 -79 -82 -78 -77 
2016-05-19 22:25:26.286447 -63 -87 -86 -79 -70 
2016-05-19 22:25:26.497478 -70 -84 -87 -79 -76 
2016-05-19 22:25:26.704505 -72 -80 -88 -77 -74 
2016-05-19 22:25:26.899532 -71 -78 -81 -76 -72 
2016-05-19 22:25:27.230578 -70 -88 -83 -77 -78 
2016-05-19 22:25:27.440605 -76 -84 -83 -78 -73 
2016-05-19 22:25:27.589622 -80 -84 -87 -79 -72 
2016-05-19 22:25:27.766640 -64 -83 -84 -74 -77 
2016-05-19 22:25:27.869657 -66 -88 -83 -79 -78 
2016-05-19 22:25:28.182708 -70 -84 -82 -74 -75 
2016-05-19 22:25:28.290716 -63 -86 -81 -84 -79 
2016-05-19 22:25:28.579752 -71 -83 -83 -82 -73 
2016-05-19 22:25:28.887790 -67 -83 -79 -70 -68 
2016-05-19 22:25:28.989804 -67 -75 -79 -71 -73 
2016-05-19 22:25:29.156823 -71 -80 -80 -74 -71 
2016-05-19 22:25:29.370865 -68 -80 -75 -72 -68 
2016-05-19 22:25:29.559885 -67 -76 -77 -83 -68 
2016-05-19 22:25:29.756908 -80 -78 -82 -77 -75 
2016-05-19 22:25:29.858954 -67 -80 -78 -71 -70 
2016-05-19 22:25:29.938942 -62 -86 -84 -76 -71 
2016-05-19 22:25:30.020950 -64 -76 -76 -77 -75 
2016-05-19 22:25:30.170970 -59 -76 -78 -72 -64 
2016-05-19 22:25:30.361987 -66 -83 -77 -81 -66 
2016-05-19 22:25:30.467001 -77 -80 -81 -73 -62 
2016-05-19 22:25:30.597018 -60 -80 -81 -69 -69 
2016-05-19 22:25:30.806054 -73 -80 -76 -75 -80 
2016-05-19 22:25:30.993073 -63 -80 -84 -68 -68 
2016-05-19 22:25:31.132088 -67 -80 -77 -77 -72 
2016-05-19 22:25:31.245105 -65 -73 -90 -73 -76 
2016-05-19 22:25:31.346124 -72 -79 -86 -74 -65 
2016-05-19 22:25:31.452130 -59 -80 -78 -81 -71 
2016-05-19 22:25:31.597148 -62 -85 -82 -76 -72 
2016-05-19 22:25:31.767171 -62 -76 -86 -76 -70 
2016-05-19 22:25:31.970201 -58 -78 -86 -72 -70 
2016-05-19 22:25:32.174227 -58 -79 -83 -71 -66 
2016-05-19 22:25:32.276246 -62 -83 -83 -81 -66 
2016-05-19 22:25:32.395266 -60 -84 -81 -82 -68 
2016-05-19 22:25:32.605276 -63 -76 -81 -76 -67 
2016-05-19 22:25:32.707287 -62 -77 -85 -72 -75 
2016-05-19 22:25:32.913316 -60 -77 -77 -72 -74 
2016-05-19 22:25:33.022327 -64 -84 -85 -78 -71 
2016-05-19 22:25:33.221360 -63 -82 -85 -82 -69 
2016-05-19 22:25:33.323369 -62 -71 -83 -79 -74 
2016-05-19 22:25:33.485389 -73 -86 -87 -77 -75 
2016-05-19 22:25:33.635410 -66 -76 -70 -74 -68 
2016-05-19 22:25:33.850438 -65 -75 -92 -79 -73 
2016-05-19 22:25:34.266496 -74 -78 -80 -80 -70 
2016-05-19 22:25:34.463518 -67 -78 -80 -81 -73 
2016-05-19 22:25:34.595534 -68 -87 -80 -79 -76 
2016-05-19 22:25:34.745554 -68 -77 -83 -77 -68 
2016-05-19 22:25:34.955582 -72 -81 -86 -80 -72 
2016-05-19 22:25:35.106605 -59 -84 -75 -78 -69 
2016-05-19 22:25:35.316633 -73 -81 -75 -77 -83 
2016-05-19 22:25:35.586668 -75 -80 -80 -70 -77 
2016-05-19 22:25:35.794691 -69 -74 -79 -77 -70 
2016-05-19 22:25:35.941715 -76 -73 -81 -75 -71 
2016-05-19 22:25:36.150738 -70 -79 -79 -77 -70 
2016-05-19 22:25:36.301761 -72 -79 -86 -79 -77 
2016-05-19 22:25:36.511788 -80 -78 -82 -77 -73 
2016-05-19 22:25:36.989848 -71 -75 -81 -80 -73 
2016-05-19 22:25:37.206880 -71 -76 -79 -80 -78 
2016-05-19 22:25:37.413904 -66 -73 -79 -78 -78 
2016-05-19 22:25:37.594926 -67 -73 -83 -77 -66 
2016-05-19 22:25:37.802951 -70 -73 -81 -78 -77 
2016-05-19 22:25:37.911972 -69 -78 -88 -75 -78 
2016-05-19 22:25:38.159008 -70 -78 -78 -75 -73 
2016-05-19 22:25:38.318018 -70 -77 -91 -78 -78 
2016-05-19 22:25:38.519052 -77 -79 -81 -77 -72 
2016-05-19 22:25:38.781082 -72 -77 -81 -75 -78 
2016-05-19 22:25:38.884096 -74 -74 -85 -75 -77 
2016-05-19 22:25:39.097128 -65 -76 -78 -76 -79 
2016-05-19 22:25:39.421167 -72 -79 -82 -78 -78 
2016-05-19 22:25:39.840220 -71 -78 -81 -78 -72 
2016-05-19 22:25:40.050248 -70 -75 -79 -79 -83 
2016-05-19 22:25:40.155262 -60 -76 -86 -85 -72 
2016-05-19 22:25:40.261275 -73 -86 -79 -75 -77 
2016-05-19 22:25:40.442302 -70 -80 -85 -75 -76 
2016-05-19 22:25:40.653324 -63 -74 -87 -73 -71 
2016-05-19 22:25:41.115386 -80 -77 -87 -75 -77 
2016-05-19 22:25:41.317417 -67 -81 -82 -79 -72 
2016-05-19 22:25:41.526441 -66 -78 -84 -78 -72 
2016-05-19 22:25:41.632458 -66 -72 -82 -78 -76 
2016-05-19 22:25:41.788473 -63 -78 -89 -77 -69 
2016-05-19 22:25:42.046509 -65 -73 -86 -71 -69 
2016-05-19 22:25:42.357592 -65 -77 -79 -81 -68 
2016-05-19 22:25:42.519573 -69 -83 -88 -73 -65 
2016-05-19 22:25:42.936626 -63 -75 -82 -75 -70 
2016-05-19 22:25:43.045640 -64 -81 -82 -79 -68 
2016-05-19 22:25:43.252670 -65 -84 -81 -74 -63 
2016-05-19 22:25:43.366682 -63 -83 -83 -76 -73 
2016-05-19 22:25:43.536703 -65 -76 -77 -76 -68 
2016-05-19 22:25:43.723727 -63 -78 -81 -76 -68 
2016-05-19 22:25:44.036768 -62 -76 -82 -73 -70 
2016-05-19 22:25:44.137785 -60 -81 -78 -88 -60 
2016-05-19 22:25:44.340808 -65 -78 -80 -75 -68 
2016-05-19 22:25:44.556838 -63 -77 -78 -72 -65 
2016-05-19 22:25:44.774865 -64 -79 -82 -72 -66 
2016-05-19 22:25:44.876883 -70 -73 -87 -78 -66 
2016-05-19 22:25:44.983890 -64 -78 -78 -78 -65 
2016-05-19 22:25:45.087911 -68 -79 -85 -84 -64 
2016-05-19 22:25:45.273928 -66 -78 -80 -71 -64 
2016-05-19 22:25:45.455955 -70 -82 -86 -76 -70 
2016-05-19 22:25:45.660981 -70 -81 -79 -74 -69 
2016-05-19 22:25:45.769006 -70 -70 -78 -80 -79 
2016-05-19 22:25:45.973026 -68 -79 -83 -75 -65 
2016-05-19 22:25:46.153050 -76 -79 -79 -69 -66 
2016-05-19 22:25:46.366099 -67 -77 -84 -85 -66 
2016-05-19 22:25:46.470087 -71 -81 -79 -79 -75 
2016-05-19 22:25:46.854134 -68 -84 -76 -75 -61 
2016-05-19 22:25:46.961160 -70 -87 -80 -76 -62 
2016-05-19 22:25:47.106169 -72 -86 -78 -83 -70 
2016-05-19 22:25:47.428215 -71 -81 -82 -80 -64 
2016-05-19 22:25:47.684243 -73 -83 -76 -75 -64 
2016-05-19 22:25:47.842279 -70 -76 -78 -80 -63 
2016-05-19 22:25:48.060294 -70 -85 -78 -83 -66 
2016-05-19 22:25:48.421342 -69 -82 -77 -82 -67 
2016-05-19 22:25:48.575363 -68 -86 -84 -73 -73 
2016-05-19 22:25:49.413484 -73 -80 -85 -75 -63 
2016-05-19 22:25:49.618511 -78 -82 -84 -71 -61 
2016-05-19 22:25:49.780527 -74 -83 -85 -77 -63 
2016-05-19 22:25:49.886541 -76 -80 -86 -81 -62 
2016-05-19 22:25:50.034563 -71 -87 -84 -77 -63 
2016-05-19 22:25:50.138578 -75 -84 -83 -84 -59 
2016-05-19 22:25:50.246588 -71 -86 -86 -76 -63 
2016-05-19 22:25:50.408614 -81 -80 -84 -77 -62 
2016-05-19 22:25:50.616636 -79 -84 -85 -75 -62 
2016-05-19 22:25:50.776656 -76 -82 -85 -82 -64 
2016-05-19 22:25:50.880670 -75 -83 -84 -69 -62 
2016-05-19 22:25:51.034681 -75 -80 -85 -80 -61 
2016-05-19 22:25:51.152698 -78 -86 -80 -80 -62 
2016-05-19 22:25:51.256713 -76 -87 -87 -70 -59 
2016-05-19 22:25:51.792782 -75 -85 -81 -71 -62 
2016-05-19 22:25:51.964809 -73 -84 -82 -86 -62 
2016-05-19 22:25:52.138836 -69 -82 -81 -74 -62 
2016-05-19 22:25:52.380859 -83 -81 -79 -73 -62 
2016-05-19 22:25:52.484869 -68 -86 -89 -73 -64 
2016-05-19 22:25:52.692899 -67 -83 -84 -77 -66 
2016-05-19 22:25:52.792913 -72 -79 -82 -79 -63 
2016-05-19 22:25:52.895926 -71 -79 -86 -77 -67 
2016-05-19 22:25:53.114952 -73 -82 -83 -73 -59 
2016-05-19 22:25:53.259971 -71 -78 -80 -75 -64 
2016-05-19 22:25:53.479012 -74 -83 -83 -81 -64 
2016-05-19 22:25:53.609026 -69 -79 -83 -80 -67 
2016-05-19 22:25:53.792043 -78 -74 -88 -77 -61 
2016-05-19 22:25:54.001081 -78 -75 -84 -77 -60 
2016-05-19 22:25:54.220097 -68 -80 -80 -78 -68 
2016-05-19 22:25:54.343115 -68 -87 -87 -75 -64 
2016-05-19 22:25:54.577153 -70 -82 -86 -80 -64 
2016-05-19 22:25:54.694173 -68 -76 -75 -74 -69 
2016-05-19 22:25:54.800180 -71 -85 -84 -85 -70 
2016-05-19 22:25:55.072217 -68 -81 -80 -82 -68 
2016-05-19 22:25:55.278244 -68 -82 -85 -81 -66 
2016-05-19 22:25:55.807314 -73 -83 -84 -78 -64 
2016-05-19 22:25:56.256373 -66 -78 -82 -81 -66 
2016-05-19 22:25:56.452409 -71 -82 -81 -82 -63 
2016-05-19 22:25:56.553411 -72 -76 -86 -80 -68 
2016-05-19 22:25:56.660424 -68 -83 -86 -81 -61 
2016-05-19 22:25:56.956464 -71 -74 -81 -78 -68 
2016-05-19 22:25:57.217499 -66 -80 -82 -75 -69 
2016-05-19 22:25:57.481525 -68 -87 -85 -76 -67 
2016-05-19 22:25:57.584543 -76 -72 -80 -76 -62 
2016-05-19 22:25:57.795563 -70 -78 -86 -84 -65 
2016-05-19 22:25:58.006593 -73 -80 -77 -77 -71 
2016-05-19 22:25:58.274632 -73 -74 -84 -77 -75 
2016-05-19 22:25:58.445648 -63 -79 -76 -79 -70 
2016-05-19 22:25:58.965716 -73 -76 -81 -76 -70 
2016-05-19 22:25:59.375777 -67 -75 -80 -81 -70 
2016-05-19 22:25:59.579812 -79 -79 -79 -74 -71 
2016-05-19 22:25:59.685817 -68 -78 -89 -74 -78 
2016-05-19 22:25:59.790831 -82 -84 -89 -76 -66 
2016-05-19 22:26:00.001861 -71 -79 -77 -70 -77 
2016-05-19 22:26:00.208888 -72 -77 -83 -81 -77 
2016-05-19 22:26:00.312902 -71 -74 -81 -82 -76 
2016-05-19 22:26:00.649952 -69 -79 -83 -75 -70 
2016-05-19 22:26:00.750956 -64 -81 -81 -72 -68 
2016-05-19 22:26:00.856973 -68 -88 -81 -75 -77 
2016-05-19 22:26:00.963988 -73 -74 -75 -82 -69 
2016-05-19 22:26:01.172014 -71 -80 -78 -77 -68 
2016-05-19 22:26:01.311048 -63 -80 -79 -77 -68 
2016-05-19 22:26:01.417047 -65 -83 -79 -81 -69 
2016-05-19 22:26:01.624074 -63 -77 -80 -78 -74 
2016-05-19 22:26:01.936111 -70 -76 -83 -79 -72 
2016-05-19 22:26:02.346177 -73 -79 -83 -80 -65 
2016-05-19 22:26:02.763224 -74 -78 -83 -79 -73 
2016-05-19 22:26:02.978250 -77 -77 -84 -80 -70 
2016-05-19 22:26:03.084265 -76 -78 -85 -81 -74 
2016-05-19 22:26:03.241282 -73 -82 -86 -80 -67 
2016-05-19 22:26:03.403307 -79 -81 -84 -79 -68 
2016-05-19 22:26:03.553347 -78 -80 -82 -80 -71 
2016-05-19 22:26:03.971379 -77 -75 -85 -91 -68 
2016-05-19 22:26:04.170403 -81 -75 -84 -84 -68 
2016-05-19 22:26:04.275416 -73 -78 -82 -87 -69 
514
