   74.0129    2.0000    1.0000    2.0000    6.0000    1.0000
   74.1026    3.0000    1.0000    2.0000    3.0000    1.0000
   74.1228    4.0000    1.0000    6.0000    3.0000    1.0000
   74.2283    6.0000    1.0000    2.0000    1.0000    1.0000
   74.3421    6.0000    1.0000    2.0000    3.0000    4.0000
   74.3514    5.0000    1.0000    3.0000    6.0000    1.0000
   74.4472    2.0000    1.0000    2.0000    1.0000    1.0000
   74.5603    4.0000    1.0000    2.0000    4.0000    1.0000
   74.5981    4.0000    4.0000    2.0000    3.0000    2.0000
   74.7076    4.0000    1.0000    3.0000    6.0000    1.0000
   74.7814    5.0000    1.0000    2.0000    1.0000    2.0000
   74.9452    6.0000    1.0000    2.0000    3.0000    1.0000
   74.9673    4.0000    1.0000    2.0000    3.0000    1.0000
   75.0718    4.0000    1.0000    6.0000    1.0000    4.0000
   75.0897    6.0000    1.0000    2.0000    6.0000    1.0000
   75.2155    4.0000    1.0000    6.0000    6.0000    1.0000
   75.2276    4.0000    1.0000    3.0000    3.0000    1.0000
   75.2374    3.0000    1.0000    2.0000    6.0000    1.0000
   75.2513    4.0000    1.0000    2.0000    1.0000    2.0000
   75.2562    5.0000    1.0000    2.0000    6.0000    1.0000
   75.3194    5.0000    1.0000    2.0000    1.0000    1.0000
   75.4248    4.0000    1.0000    2.0000    3.0000    2.0000
   75.6209    4.0000    4.0000    2.0000    3.0000    1.0000
   75.6280    5.0000    4.0000    2.0000    1.0000    1.0000
   75.9422    4.0000    4.0000    2.0000    1.0000    1.0000
   75.9615    3.0000    1.0000    2.0000    1.0000    1.0000
   76.8627    4.0000    1.0000    2.0000    3.0000    4.0000
   77.2270    4.0000    1.0000    2.0000    6.0000    1.0000
   77.4497    4.0000    1.0000    2.0000    1.0000    4.0000
   77.8894    4.0000    1.0000    2.0000    1.0000    1.0000
