     RUN 1
     5     5     2     6     1
     5     5     2     6     1
     4     4     2     3     1
     4     1     2     1     1
     4     1     2     1     1
     4     1     2     1     1
     4     1     2     1     1
     4     1     2     1     1
     4     1     2     1     1
     4     1     2     1     1
     4     1     2     1     1
     4     1     2     1     1
     4     1     2     1     1
     4     1     2     1     1
     4     1     2     1     1



     RUN 2
     4     4     2     1     2
     4     1     2     6     1
     4     1     2     1     1
     4     1     2     1     1
     4     1     2     1     1
     4     1     2     1     1
     4     1     2     1     1
     4     1     2     1     1
     4     1     2     1     1
     4     1     2     1     1
     4     1     2     1     1
     4     1     2     1     1
     4     1     2     1     1
     4     1     2     1     1
     4     1     2     1     1


     RUN 3
     5     1     2     3     5
     3     1     2     3     1
     4     1     2     1     1
     4     1     2     1     1
     4     1     2     1     1
     4     1     2     1     1
     4     1     2     1     1
     4     1     2     1     1
     4     1     2     1     1
     4     1     2     1     1
     4     1     2     1     1
     4     1     2     1     1
     4     1     2     1     1
     4     1     2     1     1
     4     1     2     1     1


     RUN 4
     4     2     2     1     1
     6     1     2     3     1
     4     4     2     3     1
     4     1     2     1     1
     4     1     2     1     1
     4     1     2     1     1
     4     1     2     1     1
     4     1     2     1     1
     4     1     2     1     1
     4     1     2     1     1
     4     1     2     1     1
     4     1     2     1     1
     4     1     2     1     1
     4     1     2     1     1
     4     1     2     1     1


     RUN 5
     5     1     3     6     5
     6     6     2     3     4
     4     5     2     1     1
     4     1     2     1     1
     4     1     2     1     1
     4     1     2     1     1
     4     1     2     1     1
     4     1     2     1     1
     4     1     2     1     1
     4     1     2     1     1
     4     1     2     1     1
     4     1     2     1     1
     4     1     2     1     1
     4     1     2     1     1
     4     1     2     1     1