2016-05-19 23:27:06.628284 -41 -68 -64 -57 -58 
2016-05-19 23:27:06.738297 -49 -64 -70 -58 -49 
2016-05-19 23:27:06.839328 -50 -74 -64 -62 -49 
2016-05-19 23:27:06.945325 -49 -63 -62 -56 -48 
2016-05-19 23:27:07.086351 -45 -59 -64 -59 -63 
2016-05-19 23:27:07.193357 -42 -59 -58 -60 -56 
2016-05-19 23:27:07.324374 -47 -58 -61 -68 -58 
2016-05-19 23:27:07.428388 -42 -59 -60 -52 -56 
2016-05-19 23:27:07.530401 -50 -55 -62 -59 -57 
2016-05-19 23:27:07.638421 -44 -58 -57 -56 -50 
2016-05-19 23:27:07.739430 -45 -54 -62 -59 -56 
2016-05-19 23:27:07.847440 -43 -71 -57 -59 -52 
2016-05-19 23:27:07.986465 -43 -53 -65 -59 -59 
2016-05-19 23:27:08.197485 -43 -58 -63 -64 -62 
2016-05-19 23:27:08.311515 -42 -54 -58 -57 -55 
2016-05-19 23:27:08.418526 -51 -63 -69 -60 -57 
2016-05-19 23:27:08.558543 -47 -62 -57 -54 -52 
2016-05-19 23:27:08.664556 -44 -65 -68 -57 -55 
2016-05-19 23:27:08.952591 -44 -60 -60 -58 -62 
2016-05-19 23:27:09.156627 -45 -63 -61 -62 -47 
2016-05-19 23:27:09.366655 -47 -65 -64 -61 -55 
2016-05-19 23:27:09.468662 -46 -61 -73 -58 -58 
2016-05-19 23:27:09.574676 -44 -55 -58 -62 -55 
2016-05-19 23:27:09.789706 -47 -58 -58 -61 -58 
2016-05-19 23:27:09.894719 -48 -65 -60 -58 -54 
2016-05-19 23:27:09.999744 -43 -58 -56 -61 -70 
2016-05-19 23:27:10.106751 -49 -68 -68 -55 -60 
2016-05-19 23:27:10.212757 -43 -59 -55 -60 -58 
2016-05-19 23:27:10.319773 -50 -64 -58 -58 -57 
2016-05-19 23:27:10.430788 -51 -65 -66 -60 -50 
2016-05-19 23:27:10.621817 -46 -65 -58 -60 -47 
2016-05-19 23:27:10.750837 -41 -60 -60 -63 -54 
2016-05-19 23:27:10.854836 -54 -56 -62 -59 -45 
2016-05-19 23:27:11.061866 -53 -59 -64 -66 -53 
2016-05-19 23:27:11.255888 -46 -59 -74 -70 -47 
2016-05-19 23:27:11.485919 -49 -59 -63 -65 -52 
2016-05-19 23:27:11.675943 -44 -57 -61 -69 -53 
2016-05-19 23:27:11.893971 -50 -56 -61 -62 -49 
2016-05-19 23:27:12.104998 -52 -63 -61 -64 -48 
2016-05-19 23:27:12.209012 -42 -62 -70 -60 -50 
2016-05-19 23:27:12.315026 -51 -58 -68 -76 -44 
2016-05-19 23:27:12.416038 -44 -65 -67 -62 -52 
2016-05-19 23:27:12.526053 -57 -56 -67 -69 -61 
2016-05-19 23:27:12.634068 -43 -65 -61 -71 -46 
2016-05-19 23:27:12.740081 -54 -57 -63 -70 -62 
2016-05-19 23:27:12.936107 -42 -56 -62 -65 -54 
2016-05-19 23:27:13.062127 -43 -70 -59 -68 -49 
2016-05-19 23:27:13.166137 -54 -57 -69 -60 -61 
2016-05-19 23:27:13.356162 -43 -57 -62 -74 -52 
2016-05-19 23:27:13.464176 -56 -62 -68 -69 -49 
2016-05-19 23:27:13.572194 -43 -57 -64 -68 -60 
2016-05-19 23:27:13.684205 -50 -66 -65 -62 -45 
2016-05-19 23:27:13.794219 -54 -59 -63 -70 -58 
2016-05-19 23:27:14.088257 -50 -68 -60 -63 -52 
2016-05-19 23:27:14.194271 -43 -57 -69 -66 -51 
2016-05-19 23:27:14.300286 -50 -70 -64 -70 -47 
2016-05-19 23:27:14.405299 -43 -58 -74 -60 -53 
2016-05-19 23:27:14.690336 -46 -57 -65 -69 -61 
2016-05-19 23:27:14.830354 -44 -58 -67 -63 -49 
2016-05-19 23:27:15.034381 -43 -56 -61 -72 -55 
2016-05-19 23:27:15.139395 -52 -64 -59 -67 -53 
2016-05-19 23:27:15.248406 -43 -56 -64 -59 -45 
2016-05-19 23:27:15.353421 -51 -61 -60 -66 -62 
2016-05-19 23:27:15.508440 -48 -54 -60 -58 -56 
2016-05-19 23:27:15.668462 -46 -58 -63 -62 -61 
2016-05-19 23:27:15.985506 -47 -62 -60 -62 -48 
2016-05-19 23:27:16.086520 -45 -61 -59 -54 -52 
2016-05-19 23:27:16.208532 -49 -63 -60 -61 -47 
2016-05-19 23:27:16.312552 -51 -58 -59 -54 -53 
2016-05-19 23:27:16.508595 -54 -62 -61 -59 -52 
2016-05-19 23:27:16.716602 -47 -63 -62 -56 -51 
2016-05-19 23:27:17.247675 -48 -55 -61 -58 -50 
2016-05-19 23:27:17.568710 -48 -65 -66 -62 -57 
2016-05-19 23:27:17.709736 -45 -59 -72 -57 -63 
2016-05-19 23:27:18.131785 -42 -64 -61 -61 -48 
2016-05-19 23:27:18.235821 -45 -59 -60 -55 -64 
2016-05-19 23:27:18.407834 -48 -63 -61 -57 -56 
2016-05-19 23:27:18.623854 -42 -58 -66 -54 -51 
2016-05-19 23:27:18.799881 -44 -73 -66 -66 -61 
2016-05-19 23:27:18.901893 -52 -68 -69 -60 -56 
2016-05-19 23:27:19.024910 -46 -64 -59 -62 -51 
2016-05-19 23:27:19.132929 -48 -65 -69 -60 -76 
2016-05-19 23:27:19.300946 -44 -61 -64 -56 -50 
2016-05-19 23:27:19.498967 -51 -72 -71 -61 -54 
2016-05-19 23:27:19.604986 -48 -54 -64 -59 -58 
2016-05-19 23:27:19.706999 -52 -63 -66 -54 -50 
2016-05-19 23:27:19.868024 -58 -58 -67 -56 -47 
2016-05-19 23:27:20.282075 -50 -63 -66 -58 -46 
2016-05-19 23:27:20.388093 -49 -61 -83 -62 -45 
2016-05-19 23:27:20.486101 -51 -64 -64 -56 -49 
2016-05-19 23:27:20.675117 -50 -65 -63 -58 -49 
2016-05-19 23:27:20.889143 -45 -60 -61 -62 -49 
2016-05-19 23:27:20.996160 -48 -66 -68 -62 -54 
2016-05-19 23:27:21.098176 -44 -62 -58 -59 -52 
2016-05-19 23:27:21.201186 -51 -72 -71 -54 -50 
2016-05-19 23:27:21.302200 -44 -59 -59 -59 -57 
2016-05-19 23:27:21.424214 -49 -67 -71 -56 -60 
2016-05-19 23:27:21.532235 -48 -69 -69 -60 -52 
2016-05-19 23:27:21.732256 -53 -67 -65 -58 -50 
2016-05-19 23:27:21.936283 -48 -63 -68 -57 -51 
2016-05-19 23:27:22.041297 -45 -64 -63 -57 -54 
2016-05-19 23:27:22.254322 -53 -66 -70 -71 -51 
2016-05-19 23:27:22.384338 -44 -65 -70 -58 -50 
2016-05-19 23:27:22.492356 -58 -77 -65 -69 -50 
2016-05-19 23:27:22.689378 -45 -62 -72 -60 -49 
2016-05-19 23:27:22.895408 -52 -69 -69 -64 -44 
2016-05-19 23:27:23.009421 -48 -71 -64 -75 -54 
2016-05-19 23:27:23.112436 -56 -69 -72 -64 -50 
2016-05-19 23:27:23.316473 -45 -66 -68 -70 -56 
2016-05-19 23:27:23.431485 -49 -65 -65 -63 -48 
2016-05-19 23:27:23.636525 -45 -69 -65 -64 -51 
2016-05-19 23:27:23.884541 -45 -66 -71 -64 -46 
2016-05-19 23:27:23.991560 -57 -63 -64 -68 -54 
2016-05-19 23:27:24.157581 -48 -66 -71 -78 -45 
2016-05-19 23:27:24.369605 -49 -67 -64 -61 -50 
2016-05-19 23:27:24.473631 -43 -67 -65 -62 -49 
2016-05-19 23:27:24.577635 -48 -67 -69 -59 -59 
2016-05-19 23:27:24.897679 -49 -62 -69 -69 -48 
2016-05-19 23:27:25.002691 -49 -66 -68 -63 -52 
2016-05-19 23:27:25.107704 -45 -65 -69 -71 -51 
2016-05-19 23:27:25.211718 -57 -62 -65 -61 -52 
2016-05-19 23:27:25.326746 -54 -65 -71 -68 -49 
2016-05-19 23:27:25.478758 -44 -62 -69 -60 -56 
2016-05-19 23:27:25.579763 -59 -65 -65 -64 -52 
2016-05-19 23:27:25.681779 -44 -60 -68 -61 -50 
2016-05-19 23:27:25.788798 -50 -65 -63 -64 -55 
2016-05-19 23:27:25.888812 -45 -61 -67 -61 -51 
2016-05-19 23:27:26.043831 -50 -63 -65 -60 -51 
2016-05-19 23:27:26.146840 -45 -62 -69 -59 -54 
2016-05-19 23:27:26.347883 -45 -70 -66 -68 -55 
2016-05-19 23:27:26.450872 -50 -67 -68 -62 -48 
2016-05-19 23:27:26.872933 -45 -68 -67 -60 -51 
2016-05-19 23:27:26.977942 -50 -62 -70 -76 -55 
2016-05-19 23:27:27.186969 -45 -69 -68 -63 -46 
2016-05-19 23:27:27.401998 -47 -73 -70 -60 -51 
2016-05-19 23:27:27.605020 -49 -68 -65 -61 -61 
2016-05-19 23:27:27.708037 -50 -68 -72 -59 -49 
2016-05-19 23:27:27.816050 -49 -65 -68 -61 -52 
2016-05-19 23:27:27.919067 -52 -70 -71 -60 -50 
2016-05-19 23:27:28.132092 -43 -66 -66 -65 -58 
2016-05-19 23:27:28.451151 -51 -62 -69 -65 -54 
2016-05-19 23:27:28.555163 -48 -70 -74 -59 -50 
2016-05-19 23:27:28.667174 -51 -62 -68 -65 -50 
2016-05-19 23:27:28.774179 -50 -72 -66 -59 -46 
2016-05-19 23:27:28.879193 -42 -62 -68 -59 -50 
2016-05-19 23:27:28.982203 -50 -70 -63 -59 -49 
2016-05-19 23:27:29.191230 -46 -64 -69 -64 -54 
2016-05-19 23:27:29.293243 -57 -62 -70 -66 -62 
2016-05-19 23:27:29.481269 -48 -65 -69 -60 -50 
2016-05-19 23:27:29.690292 -48 -68 -66 -68 -49 
2016-05-19 23:27:29.789312 -53 -59 -66 -65 -63 
2016-05-19 23:27:29.922326 -51 -74 -70 -65 -48 
2016-05-19 23:27:30.071345 -48 -63 -68 -59 -49 
2016-05-19 23:27:30.314380 -46 -70 -66 -65 -49 
2016-05-19 23:27:30.692427 -43 -64 -64 -63 -52 
2016-05-19 23:27:30.799445 -42 -73 -68 -63 -56 
2016-05-19 23:27:30.899457 -47 -70 -64 -63 -48 
2016-05-19 23:27:31.009472 -41 -60 -69 -59 -49 
2016-05-19 23:27:31.114486 -55 -64 -65 -68 -50 
2016-05-19 23:27:31.324513 -46 -69 -67 -59 -52 
2016-05-19 23:27:31.477529 -41 -62 -68 -56 -54 
2016-05-19 23:27:31.636550 -45 -64 -64 -82 -58 
2016-05-19 23:27:31.736563 -49 -62 -70 -65 -54 
2016-05-19 23:27:32.010596 -43 -58 -61 -65 -57 
2016-05-19 23:27:32.136615 -47 -75 -65 -63 -47 
2016-05-19 23:27:32.329645 -53 -59 -66 -70 -53 
2016-05-19 23:27:32.626694 -53 -58 -59 -63 -52 
2016-05-19 23:27:32.737699 -52 -58 -59 -73 -49 
2016-05-19 23:27:32.846709 -63 -74 -75 -69 -45 
2016-05-19 23:27:32.957722 -57 -68 -59 -59 -49 
2016-05-19 23:27:33.096741 -52 -57 -62 -63 -57 
2016-05-19 23:27:33.379790 -61 -74 -61 -67 -48 
2016-05-19 23:27:33.800837 -52 -65 -62 -61 -46 
2016-05-19 23:27:33.906847 -51 -56 -66 -60 -41 
2016-05-19 23:27:34.010858 -44 -65 -79 -63 -43 
2016-05-19 23:27:34.111873 -52 -60 -62 -68 -53 
2016-05-19 23:27:34.321901 -50 -60 -66 -70 -47 
2016-05-19 23:27:34.530925 -48 -63 -73 -63 -52 
2016-05-19 23:27:35.048996 -53 -67 -73 -68 -65 
2016-05-19 23:27:35.156006 -62 -70 -66 -67 -51 
2016-05-19 23:27:35.261020 -52 -68 -77 -62 -54 
2016-05-19 23:27:35.467052 -49 -67 -70 -64 -56 
2016-05-19 23:27:35.570068 -58 -78 -72 -63 -47 
2016-05-19 23:27:35.670080 -54 -74 -82 -62 -62 
2016-05-19 23:27:35.777100 -57 -75 -69 -66 -49 
2016-05-19 23:27:35.881102 -52 -68 -64 -61 -61 
2016-05-19 23:27:36.069128 -58 -72 -67 -61 -51 
2016-05-19 23:27:36.172142 -54 -77 -66 -62 -50 
2016-05-19 23:27:36.278157 -61 -70 -67 -61 -50 
2016-05-19 23:27:36.385173 -60 -71 -75 -67 -48 
2016-05-19 23:27:36.572195 -54 -76 -74 -59 -51 
2016-05-19 23:27:36.710235 -52 -69 -68 -61 -52 
2016-05-19 23:27:37.004251 -58 -69 -71 -63 -49 
2016-05-19 23:27:37.105267 -49 -69 -71 -67 -53 
2016-05-19 23:27:37.214278 -53 -68 -83 -62 -48 
195
