353 1
-65 -71 -64 -78 -72 
-59 -62 -60 -69 -73 
-64 -62 -65 -69 -73 
-64 -66 -58 -70 -71 
-61 -66 -61 -72 -71 
-63 -71 -58 -71 -67 
-60 -67 -63 -72 -66 
-72 -63 -57 -67 -66 
-61 -70 -59 -70 -75 
-61 -66 -59 -71 -66 
-61 -62 -66 -67 -66 
-70 -62 -58 -71 -77 
-61 -62 -72 -70 -73 
-64 -65 -67 -73 -73 
-65 -63 -60 -70 -67 
-61 -62 -56 -73 -73 
-68 -62 -60 -68 -70 
-59 -62 -65 -67 -72 
-61 -68 -62 -67 -72 
-58 -71 -58 -70 -70 
-65 -62 -62 -68 -74 
-60 -61 -64 -75 -71 
-61 -62 -62 -68 -75 
-59 -75 -62 -75 -73 
-59 -62 -60 -68 -76 
-61 -67 -58 -68 -69 
-60 -66 -64 -77 -67 
-59 -71 -59 -68 -73 
-61 -63 -68 -68 -66 
-60 -67 -59 -73 -67 
-67 -69 -59 -67 -67 
-63 -62 -60 -72 -65 
-58 -62 -61 -70 -67 
-62 -67 -59 -67 -71 
-59 -62 -62 -67 -77 
-57 -62 -59 -73 -67 
-61 -67 -58 -73 -67 
-58 -68 -59 -67 -67 
-63 -68 -63 -67 -67 
-64 -68 -63 -66 -70 
-58 -62 -62 -80 -73 
-59 -62 -65 -66 -66 
-59 -72 -61 -77 -73 
-58 -63 -67 -68 -75 
-62 -77 -60 -73 -67 
-58 -63 -66 -66 -66 
-59 -62 -61 -72 -74 
-62 -70 -62 -70 -71 
-65 -62 -59 -68 -67 
-59 -62 -61 -70 -74 
-64 -62 -66 -67 -68 
-59 -76 -61 -70 -75 
-59 -63 -65 -77 -67 
-65 -75 -59 -69 -71 
-59 -67 -61 -71 -66 
-58 -62 -59 -74 -68 
-65 -75 -60 -69 -66 
-59 -63 -65 -76 -68 
-59 -63 -61 -66 -66 
-61 -63 -64 -75 -74 
-59 -77 -59 -68 -66 
-59 -63 -62 -72 -67 
-59 -63 -65 -66 -68 
-59 -63 -60 -69 -67 
-59 -61 -59 -76 -68 
-59 -76 -61 -68 -66 
-58 -69 -63 -72 -66 
-65 -63 -59 -74 -74 
-64 -78 -61 -68 -66 
-59 -63 -66 -66 -68 
-66 -72 -60 -66 -66 
-59 -68 -63 -65 -68 
-59 -62 -57 -67 -71 
-59 -72 -63 -68 -74 
-59 -62 -63 -67 -71 
-59 -62 -66 -73 -75 
-61 -63 -63 -68 -67 
-64 -69 -62 -68 -67 
-61 -78 -60 -72 -71 
-59 -63 -59 -68 -65 
-59 -62 -60 -70 -66 
-61 -69 -59 -70 -70 
-59 -70 -66 -74 -66 
-63 -62 -62 -71 -66 
-59 -63 -59 -68 -69 
-59 -63 -66 -69 -75 
-59 -62 -59 -68 -69 
-59 -78 -59 -68 -66 
-59 -63 -66 -74 -75 
-63 -78 -60 -68 -66 
-59 -63 -66 -74 -69 
-62 -61 -60 -69 -66 
-59 -62 -62 -71 -72 
-64 -63 -66 -68 -74 
-59 -62 -61 -74 -66 
-59 -63 -59 -68 -74 
-59 -78 -60 -68 -69 
-63 -63 -66 -75 -75 
-63 -69 -61 -69 -72 
-59 -77 -61 -75 -69 
-63 -63 -59 -69 -75 
-59 -62 -60 -68 -69 
-63 -63 -66 -69 -75 
-59 -62 -59 -72 -66 
-64 -63 -66 -68 -69 
-63 -62 -59 -75 -66 
-59 -62 -66 -69 -67 
-61 -62 -61 -69 -69 
-59 -76 -66 -68 -66 
-59 -62 -60 -68 -66 
-59 -69 -63 -72 -66 
-61 -69 -63 -70 -66 
-59 -77 -62 -75 -66 
-59 -63 -65 -69 -74 
-59 -76 -59 -68 -66 
-61 -62 -59 -68 -70 
-63 -62 -60 -69 -74 
-58 -70 -63 -68 -67 
-60 -63 -66 -68 -75 
-59 -77 -60 -68 -69 
-60 -63 -61 -68 -70 
-59 -63 -61 -70 -66 
-59 -74 -59 -68 -68 
-59 -62 -59 -72 -67 
-65 -75 -66 -69 -74 
-59 -63 -59 -75 -68 
-59 -62 -59 -71 -70 
-61 -70 -67 -70 -65 
-65 -78 -61 -70 -69 
-59 -62 -67 -73 -66 
-58 -76 -59 -68 -69 
-59 -62 -61 -68 -75 
-59 -77 -59 -68 -68 
-62 -62 -67 -68 -66 
-59 -62 -62 -70 -69 
-65 -76 -59 -67 -75 
-65 -62 -67 -73 -69 
-59 -62 -59 -68 -75 
-59 -77 -59 -72 -69 
-61 -62 -59 -68 -65 
-57 -63 -61 -68 -66 
-59 -62 -59 -67 -69 
-58 -62 -60 -72 -75 
-65 -77 -67 -67 -66 
-59 -62 -60 -68 -69 
-59 -67 -61 -70 -70 
-59 -63 -61 -68 -66 
-65 -62 -59 -67 -69 
-59 -75 -61 -68 -66 
-65 -62 -59 -72 -69 
-59 -62 -67 -68 -66 
-59 -78 -59 -67 -69 
-59 -70 -64 -68 -67 
-59 -62 -67 -74 -75 
-59 -75 -60 -67 -69 
-59 -63 -67 -74 -75 
-59 -75 -59 -67 -69 
-59 -62 -60 -74 -75 
-59 -75 -59 -67 -66 
-59 -62 -60 -73 -66 
-62 -62 -63 -67 -66 
-59 -75 -67 -73 -75 
-66 -62 -58 -67 -66 
-62 -68 -59 -71 -70 
-59 -63 -67 -67 -65 
-66 -77 -60 -73 -69 
-59 -62 -67 -68 -75 
-66 -75 -59 -73 -69 
-59 -63 -63 -69 -72 
-66 -77 -60 -74 -69 
-59 -62 -59 -67 -66 
-59 -62 -64 -67 -69 
-66 -63 -67 -67 -75 
-59 -68 -61 -73 -75 
-59 -77 -67 -68 -69 
-66 -62 -59 -70 -75 
-66 -62 -63 -70 -67 
-65 -76 -63 -69 -67 
-66 -69 -60 -67 -67 
-62 -69 -62 -67 -72 
-59 -69 -59 -67 -69 
-66 -69 -59 -68 -71 
-62 -62 -59 -73 -69 
-59 -69 -59 -68 -70 
-59 -63 -59 -73 -70 
-59 -62 -67 -67 -65 
-66 -68 -59 -69 -70 
-59 -76 -67 -67 -75 
-59 -62 -59 -73 -69 
-59 -75 -67 -67 -75 
-59 -62 -60 -68 -70 
-59 -62 -60 -67 -66 
-59 -62 -59 -68 -75 
-59 -62 -61 -67 -69 
-66 -62 -59 -67 -75 
-59 -62 -63 -73 -72 
-59 -62 -67 -67 -66 
-59 -62 -61 -67 -69 
-59 -62 -63 -70 -75 
-59 -76 -59 -67 -66 
-59 -63 -59 -70 -66 
-62 -69 -59 -68 -66 
-58 -76 -59 -69 -72 
-59 -62 -60 -68 -69 
-59 -77 -67 -67 -66 
-65 -62 -64 -66 -67 
-59 -76 -59 -73 -75 
-62 -70 -59 -67 -70 
-59 -62 -67 -73 -69 
-59 -62 -58 -73 -75 
-62 -63 -58 -68 -67 
-59 -63 -67 -73 -75 
-59 -70 -59 -67 -75 
-62 -62 -63 -67 -69 
-59 -62 -67 -68 -75 
-65 -70 -67 -67 -75 
-59 -62 -60 -68 -69 
-59 -62 -59 -73 -75 
-66 -62 -67 -68 -69 
-65 -76 -59 -73 -66 
-59 -62 -59 -68 -69 
-59 -70 -59 -67 -71 
-59 -77 -67 -67 -75 
-59 -62 -59 -67 -69 
-59 -69 -60 -73 -72 
-59 -68 -67 -69 -75 
-66 -62 -60 -73 -66 
-59 -69 -61 -68 -66 
-59 -77 -67 -66 -75 
-59 -62 -59 -72 -69 
-59 -78 -67 -67 -75 
-59 -62 -59 -74 -69 
-59 -79 -59 -67 -72 
-65 -62 -67 -73 -75 
-66 -70 -59 -70 -75 
-59 -63 -59 -68 -66 
-58 -62 -67 -74 -75 
-59 -62 -59 -70 -66 
-59 -63 -67 -67 -66 
-59 -62 -59 -68 -75 
-59 -77 -60 -73 -67 
-59 -63 -58 -68 -75 
-58 -77 -59 -67 -66 
-59 -62 -58 -67 -75 
-62 -70 -59 -66 -69 
-59 -71 -67 -73 -68 
-59 -62 -59 -67 -66 
-59 -70 -67 -70 -75 
-59 -63 -67 -73 -69 
-66 -78 -59 -68 -66 
-59 -62 -60 -73 -75 
-61 -62 -62 -73 -71 
-65 -77 -67 -68 -69 
-59 -62 -59 -68 -67 
-59 -77 -60 -67 -75 
-59 -62 -59 -68 -69 
-66 -78 -61 -73 -75 
-59 -62 -59 -66 -66 
-66 -70 -60 -73 -75 
-59 -62 -59 -67 -66 
-66 -77 -67 -68 -69 
-66 -62 -60 -67 -70 
-66 -76 -59 -66 -72 
-59 -63 -67 -68 -68 
-66 -77 -61 -67 -66 
-59 -62 -67 -73 -69 
-59 -77 -59 -66 -66 
-59 -62 -67 -68 -69 
-65 -63 -59 -67 -66 
-59 -63 -63 -67 -66 
-62 -76 -67 -67 -72 
-59 -62 -59 -68 -66 
-59 -77 -67 -73 -69 
-59 -63 -60 -66 -66 
-62 -62 -63 -67 -66 
-59 -66 -62 -67 -66 
-59 -62 -67 -72 -75 
-62 -62 -61 -69 -69 
-59 -62 -67 -67 -75 
-66 -77 -58 -73 -69 
-59 -62 -59 -68 -70 
-62 -69 -59 -67 -75 
-62 -70 -64 -70 -66 
-59 -62 -68 -68 -69 
-59 -63 -61 -67 -66 
-66 -62 -68 -74 -69 
-59 -63 -61 -68 -66 
-66 -75 -67 -75 -69 
-59 -63 -59 -68 -66 
-66 -70 -59 -71 -70 
-59 -76 -59 -67 -69 
-59 -62 -59 -67 -70 
-62 -63 -59 -71 -69 
-59 -63 -60 -73 -66 
-59 -62 -59 -68 -69 
-62 -63 -61 -68 -66 
-59 -63 -59 -68 -69 
-59 -75 -67 -68 -66 
-59 -62 -59 -68 -66 
-66 -62 -59 -75 -75 
-60 -63 -60 -70 -69 
-58 -77 -59 -67 -71 
-61 -77 -59 -68 -76 
-62 -63 -62 -66 -70 
-59 -62 -65 -76 -66 
-59 -63 -60 -67 -68 
-59 -62 -67 -79 -67 
-59 -75 -58 -69 -75 
-67 -63 -61 -66 -68 
-58 -67 -60 -69 -66 
-59 -62 -65 -75 -68 
-66 -63 -61 -70 -74 
-65 -69 -64 -71 -67 
-59 -64 -68 -68 -75 
-59 -69 -61 -68 -68 
-64 -62 -67 -67 -76 
-60 -76 -61 -69 -67 
-59 -62 -57 -79 -69 
-59 -65 -62 -67 -79 
-58 -62 -57 -67 -68 
-65 -71 -62 -80 -77 
-69 -62 -61 -67 -66 
-61 -61 -58 -76 -79 
-66 -62 -58 -68 -72 
-60 -61 -59 -67 -71 
-68 -74 -57 -68 -74 
-65 -62 -62 -74 -75 
-69 -59 -57 -66 -80 
-70 -72 -64 -66 -75 
-69 -63 -68 -70 -73 
-66 -68 -67 -72 -76 
-67 -65 -68 -75 -71 
-69 -66 -63 -66 -70 
-72 -63 -66 -68 -66 
-60 -71 -62 -69 -81 
-59 -63 -66 -67 -69 
-58 -64 -70 -72 -75 
-59 -61 -68 -66 -71 
-60 -66 -60 -65 -70 
-61 -74 -62 -69 -69 
-65 -65 -59 -69 -77 
-64 -66 -62 -81 -73 
-58 -64 -60 -68 -67 
-66 -64 -64 -77 -83 
-58 -68 -62 -67 -67 
-66 -60 -63 -67 -67 
-60 -61 -65 -70 -74 
-61 -71 -63 -68 -69 
-58 -65 -63 -69 -72 
-63 -59 -74 -67 -70 
-58 -61 -67 -78 -71 
-65 -59 -62 -66 -75 
-57 -63 -71 -79 -67 