284 10
-54 -69 -61 -78 -70 
-52 -87 -65 -84 -67 
-62 -69 -59 -82 -67 
-54 -74 -59 -78 -72 
-58 -81 -57 -78 -70 
-54 -77 -59 -81 -71 
-63 -76 -71 -82 -68 
-60 -73 -59 -78 -66 
-52 -77 -71 -86 -66 
-62 -69 -59 -80 -77 
-52 -76 -70 -79 -68 
-62 -69 -59 -79 -77 
-59 -77 -70 -85 -68 
-63 -78 -59 -79 -66 
-58 -69 -65 -84 -65 
-63 -77 -66 -83 -68 
-59 -77 -67 -76 -66 
-52 -68 -69 -79 -77 
-54 -78 -64 -80 -66 
-59 -80 -66 -82 -66 
-60 -73 -59 -79 -65 
-56 -76 -59 -77 -72 
-59 -76 -61 -76 -70 
-60 -73 -63 -76 -66 
-60 -76 -60 -76 -67 
-57 -77 -60 -76 -65 
-60 -74 -66 -76 -66 
-55 -72 -61 -75 -70 
-62 -70 -68 -75 -68 
-56 -76 -59 -76 -77 
-62 -70 -68 -75 -68 
-56 -76 -64 -76 -68 
-62 -70 -68 -76 -65 
-56 -72 -69 -76 -68 
-58 -76 -64 -75 -77 
-52 -70 -69 -76 -75 
-58 -76 -64 -75 -66 
-52 -73 -66 -75 -76 
-55 -76 -66 -76 -66 
-51 -70 -59 -75 -65 
-56 -73 -64 -76 -71 
-51 -73 -66 -76 -67 
-57 -74 -63 -76 -67 
-57 -77 -61 -75 -65 
-52 -70 -69 -76 -76 
-55 -73 -68 -76 -65 
-62 -76 -64 -76 -76 
-52 -77 -69 -76 -65 
-52 -76 -61 -76 -65 
-54 -73 -62 -76 -69 
-52 -77 -66 -76 -66 
-57 -77 -59 -75 -77 
-57 -76 -59 -76 -68 
-52 -77 -69 -75 -77 
-62 -70 -64 -76 -68 
-58 -76 -68 -75 -76 
-60 -74 -59 -75 -72 
-62 -70 -64 -75 -72 
-51 -77 -59 -76 -65 
-55 -69 -61 -76 -65 
-62 -69 -69 -76 -77 
-52 -76 -59 -76 -68 
-52 -73 -64 -76 -77 
-57 -70 -59 -76 -66 
-62 -76 -64 -75 -76 
-54 -70 -65 -75 -70 
-55 -76 -62 -76 -71 
-62 -70 -69 -75 -72 
-55 -76 -66 -76 -72 
-57 -76 -66 -75 -65 
-52 -77 -66 -76 -70 
-59 -76 -66 -76 -67 
-57 -76 -61 -76 -66 
-54 -76 -64 -75 -66 
-58 -76 -62 -75 -66 
-54 -73 -60 -76 -72 
-60 -77 -63 -76 -72 
-60 -73 -60 -75 -66 
-56 -73 -63 -74 -66 
-51 -70 -60 -74 -73 
-62 -74 -64 -75 -68 
-57 -77 -59 -76 -71 
-52 -69 -61 -76 -72 
-57 -76 -69 -77 -68 
-57 -73 -63 -77 -71 
-62 -70 -59 -76 -77 
-57 -77 -58 -76 -72 
-52 -70 -61 -76 -67 
-57 -76 -66 -76 -66 
-57 -76 -61 -76 -70 
-57 -73 -59 -76 -66 
-52 -76 -68 -77 -66 
-59 -74 -63 -76 -69 
-52 -73 -65 -76 -67 
-57 -76 -68 -76 -66 
-52 -69 -62 -77 -68 
-52 -72 -66 -77 -70 
-58 -71 -66 -76 -71 
-52 -77 -64 -77 -68 
-52 -76 -61 -76 -66 
-56 -69 -59 -76 -68 
-57 -74 -58 -74 -70 
-57 -73 -64 -77 -66 
-62 -73 -62 -76 -71 
-60 -73 -66 -76 -66 
-60 -77 -66 -77 -66 
-62 -70 -69 -76 -67 
-52 -76 -64 -75 -68 
-62 -77 -69 -76 -66 
-57 -76 -61 -76 -71 
-60 -72 -61 -75 -72 
-57 -73 -66 -76 -76 
-57 -72 -60 -75 -71 
-57 -72 -59 -74 -72 
-57 -73 -60 -79 -70 
-57 -71 -66 -75 -72 
-57 -79 -61 -77 -77 
-54 -76 -63 -87 -66 
-58 -78 -70 -77 -67 
-63 -69 -64 -84 -77 
-52 -80 -68 -78 -66 
-58 -69 -64 -75 -68 
-63 -77 -69 -79 -66 
-58 -73 -59 -80 -77 
-63 -69 -69 -79 -66 
-60 -78 -63 -81 -70 
-59 -78 -59 -76 -68 
-63 -80 -64 -82 -77 
-52 -69 -59 -83 -68 
-55 -77 -59 -79 -65 
-55 -75 -68 -78 -66 
-52 -73 -59 -86 -71 
-58 -81 -71 -78 -69 
-62 -69 -65 -82 -77 
-58 -77 -71 -88 -68 
-62 -69 -64 -76 -76 
-55 -75 -69 -80 -70 
-53 -72 -71 -80 -73 
-55 -76 -58 -75 -70 
-51 -69 -71 -78 -66 
-55 -76 -60 -80 -71 
-57 -74 -59 -81 -71 
-52 -76 -59 -85 -72 
-55 -83 -71 -88 -66 
-59 -78 -61 -76 -68 
-52 -69 -63 -77 -75 
-63 -79 -71 -83 -68 
-58 -70 -63 -79 -65 
-62 -78 -62 -87 -66 
-58 -69 -70 -88 -68 
-52 -76 -59 -91 -66 
-63 -69 -71 -81 -76 
-58 -73 -66 -81 -68 
-57 -70 -59 -83 -66 
-61 -69 -65 -77 -68 
-59 -75 -71 -83 -67 
-51 -72 -77 -79 -72 
-56 -73 -64 -78 -68 
-58 -77 -75 -83 -65 
-60 -71 -61 -80 -68 
-60 -75 -65 -77 -68 
-64 -83 -61 -83 -66 
-60 -73 -67 -79 -64 
-52 -72 -59 -82 -67 
-52 -74 -63 -80 -69 
-51 -74 -70 -80 -66 
-61 -71 -62 -89 -65 
-51 -77 -63 -85 -77 
-52 -73 -74 -84 -66 
-64 -70 -64 -84 -71 
-60 -70 -65 -78 -66 
-58 -80 -58 -84 -77 
-63 -71 -61 -86 -68 
-55 -70 -68 -80 -77 
-52 -74 -64 -84 -67 
-51 -71 -64 -78 -72 
-59 -69 -58 -85 -65 
-54 -79 -69 -76 -64 
-61 -69 -58 -80 -74 
-52 -78 -58 -77 -69 
-52 -74 -72 -83 -68 
-58 -77 -61 -80 -71 
-52 -69 -58 -78 -69 
-55 -77 -63 -79 -70 
-52 -78 -68 -82 -75 
-51 -76 -64 -78 -82 
-51 -76 -66 -79 -72 
-59 -73 -66 -77 -68 
-52 -69 -59 -84 -67 
-70 -76 -71 -78 -70 
-63 -77 -69 -80 -68 
-64 -74 -69 -83 -67 
-58 -69 -58 -88 -65 
-52 -78 -70 -85 -69 
-65 -73 -62 -78 -71 
-64 -73 -75 -78 -71 
-56 -69 -61 -80 -68 
-60 -80 -73 -85 -68 
-60 -80 -64 -80 -76 
-52 -77 -75 -79 -68 
-65 -78 -64 -81 -70 
-52 -77 -67 -82 -72 
-61 -72 -60 -80 -72 
-65 -68 -64 -79 -66 
-60 -77 -69 -83 -71 
-58 -77 -63 -80 -67 
-62 -74 -62 -78 -68 
-63 -72 -68 -79 -72 
-61 -78 -64 -89 -72 
-64 -80 -62 -80 -78 
-56 -78 -59 -77 -66 
-58 -69 -62 -86 -79 
-61 -76 -59 -77 -68 
-52 -69 -62 -90 -75 
-58 -78 -61 -78 -67 
-59 -77 -67 -82 -67 
-51 -76 -64 -83 -68 
-59 -72 -65 -83 -67 
-52 -70 -71 -80 -65 
-60 -74 -59 -84 -65 
-62 -82 -59 -87 -68 
-55 -69 -71 -81 -75 
-61 -75 -67 -76 -72 
-65 -78 -60 -82 -68 
-56 -73 -60 -84 -65 
-61 -69 -64 -87 -66 
-51 -79 -60 -83 -69 
-52 -77 -61 -77 -68 
-62 -77 -60 -76 -73 
-62 -77 -75 -81 -79 
-57 -74 -62 -77 -71 
-50 -74 -62 -85 -67 
-57 -71 -74 -79 -77 
-61 -78 -62 -86 -66 
-60 -71 -73 -78 -68 
-51 -76 -63 -83 -68 
-55 -77 -67 -79 -67 
-62 -70 -61 -84 -66 
-60 -68 -62 -81 -66 
-59 -78 -61 -81 -65 
-60 -74 -61 -79 -75 
-62 -78 -71 -79 -83 
-56 -77 -71 -77 -66 
-56 -74 -67 -89 -66 
-51 -74 -61 -81 -80 
-62 -76 -60 -81 -73 
-62 -72 -59 -88 -72 
-51 -74 -59 -87 -72 
-51 -76 -61 -81 -65 
-63 -69 -63 -76 -73 
-55 -72 -61 -81 -66 
-52 -77 -63 -88 -67 
-59 -69 -61 -81 -66 
-51 -80 -63 -88 -67 
-51 -69 -65 -81 -82 
-62 -69 -71 -81 -66 
-52 -80 -61 -77 -81 
-59 -77 -61 -81 -66 
-60 -78 -71 -82 -66 
-59 -78 -66 -77 -66 
-51 -76 -67 -81 -80 
-51 -69 -63 -87 -66 
-59 -76 -71 -77 -67 
-51 -77 -62 -82 -67 
-55 -73 -64 -81 -71 
-54 -77 -68 -76 -72 
-54 -72 -63 -83 -67 
-56 -70 -68 -76 -79 
-51 -73 -68 -74 -68 
-54 -78 -64 -83 -71 
-54 -79 -62 -80 -67 
-57 -77 -64 -88 -73 
-56 -76 -73 -78 -77 
-57 -74 -64 -87 -67 
-58 -77 -71 -77 -74 
-54 -75 -69 -76 -66 
-60 -73 -61 -75 -65 
-59 -69 -61 -81 -72 
-53 -74 -66 -77 -68 
-55 -75 -61 -84 -67 
-56 -72 -64 -81 -71 
-76 -69 -72 -86 -76 
-74 -76 -67 -78 -81 
-77 -74 -73 -75 -68 