345 11
-68 -69 -63 -73 -68 
-62 -69 -63 -73 -68 
-66 -70 -65 -72 -66 
-52 -70 -63 -71 -65 
-65 -71 -66 -74 -72 
-51 -70 -60 -71 -67 
-68 -70 -66 -72 -64 
-66 -72 -67 -73 -67 
-66 -72 -61 -73 -68 
-51 -68 -63 -71 -65 
-62 -69 -63 -71 -64 
-54 -67 -63 -69 -65 
-51 -68 -62 -72 -65 
-67 -67 -65 -73 -71 
-65 -73 -61 -71 -65 
-54 -69 -61 -71 -68 
-51 -69 -65 -74 -67 
-58 -72 -60 -72 -71 
-58 -71 -64 -71 -71 
-51 -68 -65 -72 -66 
-57 -73 -64 -74 -71 
-51 -69 -65 -73 -65 
-58 -73 -63 -73 -72 
-57 -69 -63 -72 -65 
-58 -70 -60 -72 -71 
-51 -73 -63 -72 -65 
-58 -71 -60 -71 -71 
-51 -73 -63 -73 -65 
-58 -71 -61 -71 -71 
-51 -69 -66 -71 -65 
-58 -71 -62 -71 -67 
-66 -70 -61 -72 -65 
-54 -70 -66 -72 -65 
-58 -69 -64 -71 -67 
-51 -72 -66 -72 -65 
-58 -69 -62 -72 -65 
-54 -70 -63 -73 -67 
-58 -70 -66 -71 -65 
-66 -69 -61 -71 -71 
-66 -71 -64 -71 -65 
-66 -71 -62 -71 -67 
-57 -70 -62 -72 -68 
-51 -71 -63 -73 -71 
-58 -71 -64 -72 -65 
-54 -72 -62 -72 -68 
-51 -73 -60 -71 -71 
-58 -71 -63 -72 -67 
-58 -71 -62 -71 -69 
-66 -72 -65 -72 -65 
-55 -70 -63 -71 -65 
-54 -71 -64 -71 -65 
-58 -70 -64 -71 -71 
-54 -70 -63 -72 -67 
-58 -71 -60 -72 -66 
-58 -69 -65 -70 -71 
-51 -73 -60 -71 -66 
-58 -69 -63 -70 -71 
-51 -70 -60 -72 -67 
-51 -72 -65 -72 -69 
-57 -70 -59 -71 -71 
-65 -70 -64 -73 -72 
-57 -73 -65 -72 -65 
-67 -70 -60 -71 -71 
-57 -73 -64 -72 -65 
-58 -70 -61 -72 -65 
-66 -69 -65 -71 -67 
-51 -72 -64 -72 -65 
-62 -72 -60 -71 -67 
-65 -69 -64 -72 -71 
-58 -70 -60 -71 -65 
-54 -69 -63 -71 -68 
-51 -72 -66 -72 -66 
-58 -71 -63 -71 -65 
-66 -71 -60 -71 -67 
-54 -72 -63 -72 -67 
-58 -69 -63 -74 -65 
-51 -71 -60 -72 -71 
-58 -69 -66 -72 -65 
-58 -72 -63 -71 -64 
-61 -69 -65 -74 -71 
-66 -71 -60 -71 -65 
-66 -70 -66 -72 -65 
-51 -69 -64 -74 -71 
-58 -70 -62 -74 -67 
-61 -70 -64 -71 -69 
-61 -70 -64 -72 -66 
-54 -69 -63 -74 -68 
-54 -71 -63 -71 -68 
-51 -69 -60 -74 -67 
-65 -72 -65 -71 -71 
-51 -69 -64 -72 -67 
-58 -69 -65 -71 -71 
-58 -69 -64 -72 -67 
-58 -69 -61 -72 -71 
-51 -70 -63 -71 -67 
-54 -69 -63 -71 -69 
-65 -72 -60 -72 -71 
-65 -69 -62 -72 -68 
-51 -72 -65 -73 -65 
-66 -68 -61 -74 -71 
-58 -72 -65 -72 -66 
-66 -68 -60 -72 -72 
-65 -69 -63 -71 -66 
-58 -70 -66 -70 -66 
-51 -68 -64 -72 -72 
-66 -69 -65 -71 -67 
-51 -72 -64 -71 -71 
-58 -69 -64 -72 -67 
-66 -73 -61 -71 -69 
-58 -69 -64 -71 -71 
-66 -71 -63 -70 -67 
-63 -69 -64 -72 -67 
-51 -72 -60 -74 -67 
-58 -69 -63 -74 -69 
-57 -69 -61 -71 -65 
-51 -70 -64 -77 -65 
-58 -68 -63 -71 -71 
-51 -69 -65 -71 -64 
-57 -68 -64 -75 -72 
-66 -70 -61 -73 -67 
-58 -68 -66 -71 -72 
-67 -72 -61 -73 -67 
-54 -70 -61 -70 -68 
-54 -69 -66 -70 -65 
-57 -70 -62 -71 -65 
-64 -74 -63 -71 -68 
-58 -69 -65 -72 -65 
-58 -72 -64 -72 -65 
-64 -71 -66 -72 -67 
-58 -69 -62 -73 -65 
-51 -73 -65 -71 -66 
-63 -71 -62 -73 -72 
-67 -71 -66 -71 -67 
-57 -69 -61 -71 -71 
-55 -68 -64 -70 -68 
-54 -69 -65 -71 -65 
-59 -70 -65 -71 -71 
-55 -69 -63 -69 -69 
-58 -70 -63 -71 -66 
-51 -68 -65 -72 -72 
-58 -70 -65 -71 -65 
-54 -68 -63 -70 -65 
-51 -71 -66 -73 -69 
-57 -75 -58 -70 -73 
-64 -69 -65 -72 -66 
-58 -68 -62 -72 -65 
-54 -72 -64 -72 -66 
-51 -70 -64 -71 -65 
-58 -71 -62 -74 -67 
-65 -70 -63 -72 -64 
-53 -70 -63 -72 -64 
-55 -70 -62 -72 -65 
-58 -69 -60 -72 -72 
-51 -71 -65 -71 -65 
-54 -70 -61 -71 -65 
-64 -75 -65 -70 -72 
-51 -69 -62 -74 -67 
-60 -70 -61 -75 -67 
-61 -71 -62 -72 -69 
-64 -69 -60 -70 -69 
-70 -71 -64 -70 -64 
-62 -71 -62 -70 -70 
-52 -72 -64 -71 -63 
-57 -80 -64 -70 -71 
-54 -72 -63 -71 -65 
-57 -78 -61 -71 -73 
-51 -69 -65 -74 -66 
-58 -71 -62 -69 -66 
-51 -70 -65 -69 -63 
-57 -72 -65 -71 -64 
-65 -70 -61 -70 -73 
-63 -72 -64 -69 -66 
-52 -71 -61 -71 -66 
-61 -68 -66 -72 -65 
-52 -72 -64 -72 -67 
-54 -74 -67 -72 -65 
-70 -72 -67 -71 -69 
-54 -74 -66 -72 -72 
-57 -72 -69 -72 -65 
-53 -72 -68 -71 -69 
-55 -73 -71 -72 -65 
-57 -70 -66 -70 -66 
-64 -71 -65 -71 -69 
-64 -69 -66 -71 -70 
-64 -72 -64 -71 -69 
-52 -68 -61 -71 -65 
-66 -69 -64 -72 -72 
-65 -70 -66 -71 -68 
-55 -70 -64 -72 -68 
-59 -71 -69 -73 -67 
-58 -73 -64 -73 -69 
-51 -69 -63 -71 -74 
-64 -69 -67 -71 -66 
-66 -71 -66 -73 -69 
-51 -71 -69 -72 -72 
-66 -69 -63 -71 -63 
-54 -70 -64 -72 -67 
-58 -73 -68 -72 -66 
-55 -69 -63 -73 -69 
-63 -70 -63 -71 -65 
-52 -73 -63 -73 -67 
-65 -69 -63 -71 -65 
-60 -69 -65 -72 -67 
-58 -69 -63 -74 -65 
-52 -72 -68 -71 -66 
-64 -69 -63 -74 -72 
-66 -72 -63 -73 -66 
-51 -69 -63 -71 -72 
-59 -71 -63 -73 -72 
-59 -73 -68 -71 -67 
-65 -73 -65 -75 -70 
-65 -73 -65 -70 -70 
-58 -69 -63 -71 -72 
-51 -71 -63 -70 -65 
-58 -73 -63 -73 -72 
-58 -69 -63 -73 -70 
-65 -71 -65 -73 -66 
-58 -70 -65 -71 -69 
-58 -73 -63 -74 -68 
-65 -70 -67 -71 -71 
-58 -69 -62 -74 -68 
-61 -71 -62 -74 -64 
-61 -71 -63 -72 -68 
-52 -73 -63 -74 -72 
-58 -69 -62 -75 -67 
-51 -73 -63 -72 -64 
-55 -70 -68 -73 -72 
-64 -69 -63 -71 -66 
-51 -72 -63 -74 -69 
-59 -69 -63 -71 -67 
-55 -71 -63 -71 -69 
-52 -73 -68 -71 -71 
-57 -69 -63 -71 -66 
-55 -71 -63 -71 -68 
-64 -69 -65 -71 -71 
-57 -68 -65 -74 -68 
-54 -74 -63 -74 -66 
-59 -70 -65 -72 -72 
-52 -72 -63 -73 -66 
-68 -70 -65 -71 -72 
-58 -69 -62 -74 -70 
-63 -72 -65 -73 -69 
-54 -69 -62 -73 -70 
-53 -69 -64 -72 -72 
-59 -70 -61 -74 -65 
-63 -69 -65 -70 -65 
-55 -71 -61 -72 -68 
-51 -71 -63 -76 -65 
-58 -70 -65 -71 -66 
-60 -71 -69 -72 -69 
-68 -71 -63 -67 -75 
-62 -70 -65 -74 -65 
-62 -69 -60 -73 -69 
-60 -69 -62 -69 -71 
-60 -73 -65 -74 -64 
-62 -69 -61 -72 -71 
-68 -69 -65 -72 -65 
-52 -72 -65 -72 -65 
-59 -70 -63 -71 -70 
-56 -71 -63 -71 -68 
-52 -71 -65 -71 -68 
-54 -70 -63 -71 -69 
-59 -73 -63 -71 -68 
-67 -70 -63 -71 -70 
-54 -72 -65 -74 -69 
-69 -70 -61 -71 -76 
-65 -70 -63 -72 -70 
-59 -72 -66 -71 -78 
-52 -67 -62 -71 -70 
-64 -70 -63 -71 -70 
-55 -71 -61 -71 -70 
-53 -69 -65 -72 -68 
-61 -69 -63 -74 -74 
-52 -70 -61 -73 -70 
-64 -69 -65 -72 -78 
-59 -70 -60 -72 -71 
-64 -72 -65 -71 -77 
-58 -69 -60 -74 -70 
-64 -70 -65 -72 -77 
-57 -72 -60 -73 -70 
-65 -71 -66 -71 -68 
-64 -72 -61 -70 -71 
-52 -71 -65 -71 -69 
-61 -70 -64 -71 -69 
-58 -69 -61 -74 -69 
-51 -71 -65 -72 -74 
-68 -70 -62 -74 -70 
-62 -74 -61 -71 -68 
-63 -69 -64 -70 -72 
-58 -72 -61 -71 -77 
-64 -69 -63 -72 -65 
-59 -70 -64 -71 -75 
-54 -73 -61 -72 -73 
-65 -70 -62 -71 -68 
-58 -69 -65 -71 -72 
-66 -72 -61 -70 -69 
-52 -69 -64 -72 -75 
-68 -72 -61 -70 -68 
-58 -71 -65 -71 -74 
-62 -73 -61 -72 -70 
-57 -69 -65 -71 -72 
-65 -70 -61 -70 -71 
-55 -71 -63 -72 -69 
-53 -70 -63 -73 -70 
-57 -71 -66 -74 -74 
-59 -73 -63 -70 -66 
-54 -70 -61 -74 -69 
-59 -68 -65 -72 -73 
-60 -71 -63 -72 -70 
-55 -68 -62 -71 -89 
-51 -72 -65 -72 -68 
-54 -72 -63 -72 -69 
-65 -67 -61 -67 -79 
-61 -71 -65 -73 -69 
-61 -75 -63 -72 -73 
-58 -74 -62 -70 -75 
-50 -68 -64 -69 -76 
-55 -72 -62 -71 -79 
-56 -69 -63 -71 -70 
-65 -71 -64 -70 -67 
-61 -71 -62 -69 -71 
-54 -73 -67 -72 -77 
-66 -70 -66 -72 -68 
-55 -72 -64 -68 -75 
-64 -70 -62 -74 -71 
-62 -69 -64 -78 -80 
-63 -74 -71 -75 -81 
-64 -77 -71 -68 -69 
-60 -72 -65 -74 -80 
-62 -69 -66 -67 -64 
-74 -77 -62 -72 -75 
-70 -68 -70 -71 -63 
-72 -75 -66 -71 -62 
-63 -71 -67 -70 -74 
-66 -75 -66 -70 -81 
-66 -69 -62 -71 -62 
-63 -72 -67 -76 -73 
-62 -69 -61 -71 -69 
-63 -74 -66 -84 -63 
-62 -70 -63 -79 -64 
-62 -73 -65 -80 -71 
-62 -72 -63 -72 -78 
-62 -77 -61 -73 -65 
-62 -71 -62 -77 -70 
-63 -76 -67 -77 -80 