315 12
-59 -77 -74 -73 -69 
-53 -76 -75 -76 -69 
-59 -77 -69 -68 -70 
-59 -76 -75 -76 -69 
-59 -77 -81 -81 -68 
-52 -75 -73 -69 -70 
-56 -75 -79 -69 -70 
-55 -77 -68 -71 -69 
-55 -74 -70 -77 -69 
-58 -78 -70 -77 -69 
-52 -77 -73 -77 -69 
-59 -77 -75 -68 -71 
-61 -77 -70 -69 -68 
-53 -75 -69 -72 -70 
-60 -79 -77 -81 -71 
-53 -75 -69 -72 -67 
-59 -77 -70 -69 -66 
-60 -75 -72 -80 -70 
-61 -78 -77 -69 -72 
-60 -75 -71 -74 -71 
-53 -76 -70 -76 -71 
-60 -77 -71 -72 -67 
-56 -76 -78 -68 -71 
-60 -77 -69 -80 -68 
-54 -78 -73 -68 -67 
-60 -76 -69 -80 -70 
-57 -76 -71 -69 -68 
-53 -76 -68 -80 -70 
-60 -78 -71 -69 -68 
-53 -77 -69 -72 -69 
-57 -76 -69 -74 -73 
-60 -76 -74 -68 -74 
-61 -77 -73 -75 -74 
-56 -76 -70 -69 -69 
-56 -76 -75 -69 -70 
-60 -76 -78 -68 -68 
-59 -77 -72 -80 -68 
-61 -75 -77 -73 -69 
-59 -77 -73 -80 -68 
-61 -76 -73 -72 -70 
-61 -76 -68 -80 -73 
-53 -76 -72 -71 -71 
-62 -75 -78 -80 -71 
-62 -76 -68 -69 -67 
-60 -75 -69 -72 -72 
-56 -77 -72 -72 -71 
-53 -78 -68 -69 -72 
-61 -77 -72 -69 -71 
-56 -77 -78 -80 -69 
-53 -75 -78 -68 -73 
-59 -78 -72 -69 -71 
-56 -75 -70 -68 -70 
-53 -75 -69 -80 -67 
-59 -76 -77 -69 -71 
-58 -75 -72 -72 -69 
-59 -76 -77 -80 -71 
-61 -77 -70 -72 -68 
-59 -77 -68 -79 -71 
-61 -78 -71 -73 -68 
-60 -78 -69 -79 -70 
-60 -76 -68 -72 -74 
-54 -77 -71 -69 -68 
-59 -76 -68 -73 -74 
-56 -75 -75 -73 -69 
-56 -77 -80 -72 -69 
-52 -76 -77 -69 -66 
-57 -77 -79 -72 -71 
-57 -76 -83 -76 -69 
-60 -80 -71 -69 -70 
-53 -77 -71 -82 -71 
-61 -78 -72 -74 -67 
-61 -74 -74 -70 -71 
-56 -74 -69 -73 -71 
-61 -75 -71 -69 -71 
-53 -78 -68 -70 -66 
-63 -76 -76 -72 -71 
-57 -74 -71 -73 -66 
-54 -78 -81 -68 -71 
-62 -76 -71 -74 -66 
-60 -76 -75 -69 -68 
-61 -75 -75 -69 -69 
-56 -78 -73 -70 -67 
-60 -79 -81 -69 -69 
-59 -76 -73 -73 -70 
-59 -78 -73 -70 -71 
-54 -76 -72 -68 -70 
-60 -80 -74 -68 -69 
-62 -77 -78 -79 -71 
-59 -80 -73 -69 -69 
-57 -77 -73 -69 -70 
-60 -76 -74 -72 -70 
-52 -76 -73 -79 -71 
-55 -76 -77 -76 -70 
-61 -76 -72 -72 -70 
-61 -80 -81 -72 -71 
-60 -78 -74 -70 -71 
-59 -75 -71 -78 -67 
-61 -76 -74 -71 -71 
-61 -76 -71 -68 -72 
-52 -81 -83 -79 -71 
-61 -75 -71 -68 -67 
-60 -76 -70 -73 -70 
-59 -80 -77 -71 -71 
-56 -75 -73 -72 -70 
-61 -76 -81 -79 -66 
-60 -75 -74 -72 -68 
-60 -79 -69 -68 -68 
-62 -76 -73 -71 -67 
-60 -78 -70 -68 -70 
-61 -76 -78 -68 -69 
-52 -76 -83 -72 -66 
-62 -78 -70 -80 -68 
-56 -78 -69 -73 -70 
-56 -77 -71 -78 -66 
-59 -77 -72 -70 -69 
-54 -78 -69 -69 -69 
-59 -79 -80 -80 -66 
-51 -77 -74 -69 -69 
-61 -78 -90 -74 -67 
-60 -77 -77 -74 -67 
-55 -75 -75 -73 -70 
-61 -81 -72 -73 -71 
-60 -76 -82 -68 -66 
-59 -78 -70 -68 -71 
-61 -76 -77 -72 -68 
-55 -75 -72 -73 -68 
-59 -79 -84 -73 -71 
-61 -75 -80 -68 -71 
-53 -76 -72 -79 -67 
-59 -76 -76 -73 -69 
-56 -79 -70 -70 -70 
-53 -77 -78 -78 -67 
-60 -80 -71 -69 -70 
-56 -80 -74 -74 -69 
-52 -76 -79 -74 -70 
-57 -74 -80 -69 -70 
-52 -75 -83 -72 -71 
-59 -79 -77 -68 -67 
-61 -75 -77 -71 -71 
-59 -81 -78 -69 -70 
-61 -75 -80 -68 -67 
-56 -78 -77 -68 -71 
-60 -75 -81 -69 -71 
-60 -75 -78 -80 -69 
-52 -75 -81 -69 -70 
-59 -81 -82 -72 -67 
-56 -74 -80 -68 -71 
-60 -75 -83 -80 -71 
-61 -81 -77 -72 -67 
-53 -75 -75 -80 -71 
-61 -76 -81 -69 -67 
-56 -75 -78 -68 -69 
-55 -80 -73 -73 -70 
-52 -76 -80 -68 -66 
-56 -77 -78 -68 -70 
-62 -80 -72 -68 -70 
-52 -75 -75 -72 -71 
-55 -76 -72 -79 -67 
-60 -74 -75 -70 -70 
-60 -77 -70 -70 -70 
-60 -80 -71 -72 -71 
-60 -75 -79 -72 -69 
-52 -76 -70 -69 -70 
-60 -75 -71 -72 -67 
-56 -75 -79 -69 -70 
-56 -75 -69 -73 -67 
-62 -81 -71 -80 -71 
-59 -75 -83 -73 -67 
-61 -80 -70 -79 -70 
-59 -76 -73 -74 -70 
-55 -77 -71 -73 -71 
-52 -81 -71 -72 -67 
-60 -76 -70 -80 -71 
-53 -75 -71 -72 -67 
-60 -75 -84 -72 -72 
-56 -76 -72 -74 -68 
-56 -78 -86 -68 -69 
-60 -77 -71 -73 -68 
-60 -76 -78 -74 -70 
-62 -75 -75 -73 -71 
-60 -76 -70 -69 -67 
-60 -75 -71 -76 -68 
-60 -77 -69 -78 -66 
-62 -76 -69 -73 -74 
-61 -76 -69 -80 -69 
-59 -78 -81 -73 -71 
-54 -75 -70 -77 -70 
-59 -75 -77 -73 -67 
-61 -75 -73 -81 -70 
-58 -74 -81 -75 -70 
-57 -74 -69 -68 -69 
-59 -74 -72 -69 -67 
-57 -75 -74 -74 -66 
-58 -77 -70 -75 -73 
-55 -74 -87 -69 -67 
-56 -79 -80 -77 -72 
-57 -77 -70 -72 -67 
-54 -78 -69 -78 -70 
-59 -74 -69 -74 -68 
-55 -81 -80 -80 -76 
-61 -77 -75 -73 -74 
-61 -80 -84 -69 -70 
-65 -77 -69 -80 -70 
-57 -80 -69 -72 -66 
-54 -76 -70 -81 -66 
-56 -83 -69 -72 -67 
-65 -74 -78 -81 -68 
-56 -81 -70 -70 -69 
-57 -75 -77 -71 -70 
-60 -75 -71 -70 -68 
-58 -78 -70 -68 -66 
-60 -77 -69 -68 -69 
-60 -76 -82 -75 -68 
-62 -78 -73 -77 -67 
-62 -76 -72 -75 -69 
-58 -77 -69 -70 -71 
-54 -75 -81 -69 -69 
-56 -75 -69 -67 -69 
-59 -77 -76 -68 -68 
-64 -81 -78 -75 -73 
-64 -80 -78 -71 -71 
-65 -83 -74 -68 -70 
-57 -81 -70 -68 -70 
-58 -79 -70 -80 -69 
-58 -77 -69 -72 -72 
-56 -77 -76 -73 -71 
-60 -77 -74 -80 -67 
-53 -75 -71 -72 -71 
-68 -80 -72 -69 -66 
-59 -75 -70 -74 -73 
-70 -80 -83 -69 -68 
-58 -75 -86 -73 -69 
-58 -77 -69 -79 -69 
-59 -75 -85 -70 -68 
-62 -77 -71 -75 -72 
-54 -76 -72 -80 -68 
-61 -73 -82 -68 -69 
-52 -78 -72 -73 -68 
-56 -76 -75 -73 -73 
-59 -77 -69 -72 -66 
-52 -77 -77 -79 -70 
-59 -78 -71 -73 -74 
-54 -77 -70 -81 -70 
-62 -75 -71 -72 -69 
-53 -76 -76 -68 -67 
-60 -75 -72 -68 -68 
-61 -80 -74 -70 -68 
-60 -75 -73 -70 -69 
-54 -75 -75 -74 -70 
-60 -80 -72 -68 -67 
-56 -75 -74 -69 -70 
-53 -77 -70 -72 -69 
-60 -80 -74 -79 -68 
-55 -78 -76 -70 -70 
-52 -74 -67 -72 -71 
-60 -79 -76 -69 -71 
-60 -75 -68 -73 -69 
-60 -79 -72 -68 -71 
-61 -75 -73 -70 -69 
-53 -76 -69 -72 -70 
-61 -78 -69 -74 -72 
-60 -75 -72 -69 -70 
-53 -78 -68 -68 -67 
-60 -75 -73 -72 -69 
-52 -79 -68 -69 -67 
-60 -76 -71 -69 -69 
-56 -76 -76 -72 -67 
-57 -75 -74 -76 -70 
-54 -74 -70 -72 -70 
-59 -78 -72 -69 -69 
-62 -75 -74 -72 -71 
-56 -75 -67 -76 -67 
-57 -74 -70 -75 -69 
-56 -74 -76 -76 -72 
-54 -78 -77 -77 -72 
-59 -77 -69 -69 -68 
-54 -75 -70 -78 -71 
-57 -75 -83 -72 -71 
-55 -76 -71 -74 -70 
-56 -76 -71 -74 -69 
-57 -76 -71 -72 -71 
-67 -77 -78 -68 -67 
-57 -75 -69 -74 -70 
-65 -76 -70 -70 -69 
-63 -77 -77 -68 -71 
-61 -79 -80 -71 -72 
-62 -80 -69 -74 -67 
-59 -76 -71 -72 -71 
-62 -80 -71 -80 -67 
-59 -78 -71 -71 -69 
-60 -78 -69 -70 -69 
-64 -76 -78 -69 -69 
-56 -78 -71 -70 -70 
-65 -80 -83 -73 -68 
-58 -82 -69 -68 -71 
-57 -78 -71 -75 -68 
-56 -74 -75 -73 -70 
-54 -77 -76 -74 -72 
-51 -74 -89 -80 -71 
-56 -82 -72 -70 -65 
-62 -74 -78 -77 -71 
-53 -76 -70 -81 -70 
-62 -77 -69 -72 -67 
-57 -76 -73 -69 -69 
-57 -75 -72 -73 -68 
-58 -76 -71 -72 -71 
-63 -75 -69 -83 -69 
-58 -77 -71 -70 -68 
-58 -75 -77 -69 -68 
-57 -78 -70 -83 -68 
-54 -76 -69 -69 -68 
-54 -75 -74 -73 -68 
-58 -78 -71 -70 -68 
-62 -78 -71 -68 -68 
-56 -80 -70 -72 -70 