333 14
-59 -68 -62 -73 -73 
-57 -81 -65 -74 -69 
-59 -70 -63 -72 -70 
-58 -69 -62 -72 -73 
-59 -75 -62 -72 -70 
-59 -75 -60 -70 -77 
-58 -68 -61 -72 -69 
-58 -68 -63 -72 -68 
-58 -80 -61 -71 -73 
-58 -75 -63 -71 -77 
-59 -79 -63 -73 -80 
-58 -75 -60 -72 -68 
-58 -69 -62 -72 -77 
-58 -80 -60 -74 -72 
-58 -74 -67 -74 -82 
-58 -81 -60 -72 -69 
-58 -72 -65 -72 -72 
-59 -72 -65 -74 -73 
-58 -80 -60 -73 -69 
-58 -75 -60 -74 -70 
-58 -77 -62 -71 -77 
-58 -68 -61 -72 -68 
-59 -75 -62 -74 -72 
-59 -69 -63 -72 -77 
-59 -74 -69 -73 -69 
-59 -68 -63 -72 -76 
-59 -74 -69 -74 -72 
-58 -72 -61 -73 -71 
-57 -68 -60 -72 -68 
-57 -79 -64 -71 -77 
-58 -75 -61 -71 -73 
-59 -68 -62 -72 -72 
-58 -74 -68 -74 -71 
-60 -69 -60 -74 -69 
-58 -79 -63 -74 -77 
-59 -74 -61 -73 -69 
-58 -80 -62 -73 -78 
-58 -73 -66 -74 -71 
-58 -69 -61 -72 -78 
-59 -74 -68 -75 -68 
-58 -69 -61 -73 -76 
-59 -75 -64 -72 -68 
-58 -68 -61 -72 -77 
-58 -69 -62 -72 -70 
-58 -68 -63 -74 -71 
-59 -79 -66 -74 -77 
-59 -69 -59 -73 -71 
-58 -71 -64 -73 -71 
-59 -75 -63 -74 -78 
-59 -80 -60 -74 -69 
-58 -69 -67 -74 -77 
-58 -79 -60 -74 -71 
-59 -74 -64 -73 -77 
-59 -79 -61 -74 -68 
-59 -75 -63 -73 -69 
-59 -71 -63 -73 -71 
-58 -69 -62 -72 -77 
-59 -69 -62 -73 -73 
-59 -74 -64 -73 -68 
-59 -69 -62 -73 -72 
-59 -71 -63 -72 -74 
-59 -79 -61 -71 -78 
-59 -68 -64 -74 -69 
-59 -78 -60 -73 -78 
-58 -68 -63 -74 -71 
-59 -74 -66 -73 -79 
-59 -74 -61 -72 -73 
-57 -68 -64 -75 -68 
-58 -81 -60 -74 -78 
-59 -79 -63 -73 -70 
-59 -74 -63 -74 -74 
-58 -74 -60 -73 -69 
-58 -69 -67 -76 -77 
-59 -74 -60 -74 -71 
-58 -69 -65 -77 -77 
-59 -74 -62 -72 -78 
-58 -69 -66 -74 -68 
-59 -79 -63 -73 -77 
-59 -69 -61 -75 -69 
-59 -68 -64 -72 -75 
-58 -69 -62 -73 -73 
-58 -68 -63 -73 -74 
-58 -74 -63 -73 -73 
-59 -69 -69 -76 -69 
-59 -68 -61 -74 -72 
-59 -73 -63 -73 -77 
-59 -78 -61 -73 -71 
-59 -73 -68 -75 -69 
-58 -74 -62 -72 -73 
-58 -74 -64 -72 -77 
-59 -68 -63 -74 -71 
-59 -80 -61 -72 -80 
-59 -79 -66 -72 -74 
-59 -75 -62 -74 -70 
-60 -81 -68 -73 -68 
-59 -75 -63 -74 -71 
-58 -82 -68 -73 -77 
-59 -69 -60 -73 -69 
-59 -78 -68 -75 -71 
-58 -74 -61 -73 -68 
-58 -78 -68 -71 -78 
-58 -73 -61 -73 -69 
-59 -69 -63 -73 -77 
-58 -71 -63 -74 -74 
-58 -80 -60 -74 -74 
-59 -70 -67 -74 -80 
-58 -79 -60 -73 -68 
-59 -74 -68 -75 -72 
-58 -79 -62 -73 -68 
-58 -80 -64 -72 -73 
-59 -73 -61 -74 -73 
-58 -69 -64 -72 -72 
-59 -74 -60 -71 -74 
-59 -68 -64 -75 -69 
-58 -77 -65 -71 -71 
-58 -76 -69 -75 -68 
-60 -83 -63 -74 -74 
-59 -76 -67 -71 -68 
-59 -69 -62 -74 -76 
-58 -76 -63 -74 -69 
-59 -80 -65 -71 -75 
-58 -74 -61 -73 -72 
-59 -75 -67 -73 -69 
-60 -75 -61 -72 -71 
-58 -69 -65 -73 -71 
-57 -69 -65 -76 -71 
-59 -78 -60 -73 -71 
-60 -69 -63 -75 -68 
-59 -78 -60 -70 -77 
-59 -72 -65 -70 -69 
-58 -80 -63 -76 -75 
-59 -68 -63 -70 -70 
-61 -78 -67 -77 -81 
-59 -75 -61 -73 -71 
-57 -74 -62 -79 -67 
-61 -80 -70 -74 -75 
-60 -76 -62 -84 -73 
-62 -81 -63 -71 -68 
-60 -77 -61 -77 -72 
-60 -82 -63 -76 -74 
-62 -71 -63 -74 -71 
-59 -82 -71 -77 -67 
-56 -69 -62 -74 -76 
-56 -85 -60 -72 -67 
-57 -69 -63 -73 -70 
-58 -82 -62 -73 -73 
-64 -77 -63 -72 -79 
-62 -74 -64 -73 -73 
-57 -76 -60 -73 -66 
-61 -77 -65 -75 -72 
-59 -75 -61 -73 -68 
-59 -69 -64 -73 -78 
-60 -74 -62 -73 -76 
-62 -68 -61 -77 -68 
-58 -76 -64 -76 -68 
-58 -71 -63 -74 -75 
-62 -68 -62 -73 -86 
-60 -78 -61 -74 -69 
-65 -74 -62 -73 -69 
-59 -77 -62 -74 -83 
-61 -79 -65 -74 -80 
-67 -72 -61 -74 -75 
-59 -77 -65 -74 -79 
-59 -78 -62 -74 -72 
-57 -68 -61 -74 -68 
-58 -74 -68 -74 -69 
-56 -78 -61 -74 -67 
-54 -69 -70 -75 -78 
-52 -75 -63 -74 -77 
-52 -68 -61 -77 -80 
-61 -79 -67 -74 -75 
-56 -72 -63 -79 -73 
-66 -72 -67 -77 -73 
-63 -74 -62 -76 -78 
-68 -79 -64 -75 -71 
-57 -71 -62 -75 -78 
-59 -74 -64 -71 -69 
-60 -71 -65 -73 -78 
-59 -71 -61 -74 -71 
-57 -73 -65 -73 -69 
-58 -75 -64 -74 -76 
-57 -68 -60 -74 -72 
-55 -77 -67 -72 -72 
-59 -77 -62 -74 -71 
-59 -75 -62 -74 -72 
-59 -76 -63 -74 -76 
-58 -71 -69 -72 -67 
-58 -77 -60 -74 -77 
-59 -75 -63 -74 -73 
-59 -77 -63 -73 -68 
-59 -75 -67 -75 -76 
-59 -69 -60 -74 -68 
-58 -69 -67 -73 -75 
-57 -74 -62 -73 -72 
-59 -77 -65 -72 -71 
-59 -74 -64 -74 -69 
-59 -74 -68 -73 -68 
-59 -74 -68 -73 -72 
-59 -69 -62 -73 -69 
-60 -69 -64 -74 -72 
-58 -71 -66 -73 -70 
-60 -74 -64 -73 -72 
-59 -73 -64 -73 -70 
-58 -79 -64 -73 -70 
-58 -71 -66 -74 -72 
-58 -70 -64 -72 -74 
-57 -74 -68 -73 -68 
-58 -71 -66 -73 -73 
-58 -79 -62 -74 -72 
-58 -79 -64 -72 -72 
-59 -77 -64 -72 -74 
-58 -73 -68 -74 -71 
-59 -74 -64 -73 -74 
-59 -69 -64 -72 -78 
-59 -79 -68 -74 -71 
-58 -77 -61 -73 -71 
-58 -74 -64 -73 -78 
-58 -79 -60 -73 -71 
-59 -74 -68 -73 -77 
-59 -71 -61 -73 -74 
-59 -72 -64 -72 -70 
-60 -69 -64 -73 -69 
-58 -80 -64 -72 -71 
-60 -74 -64 -73 -69 
-58 -71 -66 -74 -74 
-59 -69 -61 -73 -69 
-58 -69 -64 -73 -69 
-58 -69 -61 -73 -75 
-59 -80 -64 -74 -78 
-59 -76 -64 -74 -70 
-59 -73 -64 -74 -74 
-59 -75 -60 -72 -68 
-59 -79 -64 -72 -74 
-58 -74 -59 -73 -69 
-57 -78 -65 -73 -68 
-56 -70 -59 -73 -76 
-59 -79 -66 -73 -72 
-58 -69 -60 -73 -75 
-59 -75 -63 -73 -71 
-58 -69 -60 -73 -77 
-59 -68 -63 -72 -73 
-59 -72 -62 -73 -69 
-58 -69 -63 -73 -73 
-60 -77 -63 -73 -71 
-63 -71 -61 -71 -75 
-62 -74 -62 -74 -71 
-57 -73 -67 -73 -72 
-58 -72 -61 -74 -78 
-60 -74 -64 -73 -76 
-57 -73 -63 -75 -70 
-61 -77 -65 -73 -69 
-54 -74 -65 -74 -79 
-56 -80 -60 -73 -71 
-54 -72 -65 -76 -78 
-57 -74 -62 -74 -69 
-63 -77 -62 -74 -68 
-59 -72 -65 -73 -73 
-62 -77 -62 -73 -71 
-63 -73 -66 -74 -71 
-65 -77 -66 -74 -70 
-68 -75 -62 -75 -70 
-68 -72 -63 -74 -77 
-60 -77 -65 -74 -72 
-63 -72 -65 -76 -77 
-64 -80 -64 -74 -71 
-65 -75 -66 -74 -72 
-67 -73 -61 -72 -67 
-56 -81 -61 -73 -74 
-58 -72 -61 -74 -71 
-59 -72 -65 -72 -77 
-64 -77 -65 -72 -76 
-60 -73 -61 -72 -67 
-60 -72 -65 -71 -74 
-60 -77 -62 -72 -68 
-60 -72 -66 -72 -75 
-62 -73 -63 -73 -66 
-57 -70 -65 -74 -71 
-59 -76 -65 -73 -74 
-59 -73 -60 -73 -68 
-60 -77 -67 -74 -80 
-60 -73 -60 -74 -85 
-60 -77 -68 -75 -68 
-61 -70 -64 -73 -81 
-61 -78 -66 -75 -68 
-62 -70 -60 -74 -77 
-58 -77 -65 -75 -74 
-59 -73 -65 -74 -70 
-59 -76 -65 -73 -66 
-59 -71 -66 -73 -69 
-60 -71 -66 -72 -74 
-58 -71 -66 -72 -69 
-59 -76 -65 -76 -67 
-58 -72 -65 -72 -72 
-58 -77 -66 -74 -71 
-59 -74 -63 -73 -69 
-59 -72 -60 -75 -74 
-59 -77 -65 -74 -67 
-59 -72 -65 -73 -73 
-58 -73 -60 -73 -70 
-58 -70 -64 -74 -70 
-58 -69 -62 -73 -71 
-59 -77 -66 -75 -70 
-59 -71 -65 -72 -75 
-59 -77 -60 -75 -69 
-58 -73 -65 -73 -70 
-59 -77 -63 -73 -69 
-58 -71 -63 -75 -76 
-58 -71 -60 -74 -75 
-58 -77 -65 -73 -69 
-58 -72 -60 -75 -67 
-59 -71 -66 -73 -70 
-58 -71 -61 -73 -69 
-58 -73 -66 -73 -69 
-62 -71 -66 -74 -68 
-60 -73 -64 -73 -71 
-57 -74 -65 -74 -79 
-60 -73 -66 -75 -70 
-62 -73 -64 -74 -67 
-60 -75 -61 -74 -82 
-58 -75 -63 -74 -68 
-56 -70 -64 -74 -78 
-59 -76 -60 -73 -69 
-58 -71 -62 -73 -69 
-60 -75 -64 -73 -82 
-63 -71 -66 -74 -71 
-60 -73 -66 -73 -71 
-62 -72 -66 -74 -72 
-56 -72 -61 -73 -70 
-59 -79 -65 -72 -68 
-63 -72 -65 -73 -81 
-58 -72 -63 -77 -69 
-66 -79 -60 -74 -72 
-66 -74 -63 -72 -74 