
338 15
-62 -73 -70 -75 -66 
-59 -71 -68 -70 -80 
-61 -81 -69 -73 -68 
-59 -72 -69 -71 -81 
-62 -80 -71 -74 -68 
-59 -78 -67 -73 -73 
-58 -78 -65 -74 -74 
-63 -74 -68 -71 -83 
-59 -72 -68 -72 -67 
-64 -76 -69 -71 -79 
-59 -72 -69 -72 -71 
-63 -72 -69 -75 -68 
-58 -73 -69 -75 -82 
-63 -70 -69 -71 -68 
-59 -71 -71 -72 -68 
-60 -75 -71 -73 -71 
-60 -76 -69 -73 -68 
-61 -73 -67 -72 -70 
-64 -74 -66 -74 -83 
-59 -72 -71 -72 -68 
-60 -80 -71 -73 -68 
-61 -72 -72 -75 -81 
-63 -74 -75 -74 -70 
-59 -76 -69 -73 -67 
-60 -72 -70 -73 -67 
-59 -79 -65 -73 -66 
-63 -74 -73 -71 -86 
-61 -82 -66 -72 -85 
-59 -84 -68 -74 -71 
-59 -74 -67 -71 -68 
-59 -85 -68 -72 -71 
-58 -72 -67 -73 -69 
-59 -72 -74 -75 -67 
-59 -73 -71 -73 -67 
-61 -72 -72 -73 -67 
-61 -72 -68 -72 -68 
-61 -73 -68 -74 -71 
-61 -73 -68 -72 -74 
-58 -73 -71 -70 -67 
-59 -86 -68 -74 -85 
-63 -74 -72 -72 -71 
-59 -86 -70 -74 -67 
-60 -73 -70 -72 -77 
-63 -83 -67 -71 -82 
-59 -73 -66 -71 -75 
-63 -87 -69 -75 -71 
-61 -83 -71 -71 -83 
-61 -85 -68 -70 -74 
-60 -72 -69 -74 -68 
-64 -87 -68 -75 -68 
-59 -72 -70 -72 -70 
-59 -73 -68 -72 -67 
-59 -79 -67 -71 -83 
-62 -73 -68 -72 -69 
-59 -73 -68 -72 -68 
-65 -83 -67 -74 -71 
-61 -72 -72 -73 -71 
-59 -72 -67 -73 -71 
-59 -72 -68 -74 -68 
-60 -72 -67 -73 -71 
-59 -72 -67 -73 -71 
-59 -73 -66 -72 -68 
-59 -72 -68 -73 -85 
-63 -72 -68 -72 -69 
-59 -87 -68 -73 -87 
-59 -72 -73 -74 -67 
-59 -78 -67 -74 -69 
-59 -72 -68 -74 -71 
-59 -73 -68 -73 -69 
-58 -72 -68 -72 -74 
-61 -71 -70 -72 -69 
-59 -73 -69 -71 -71 
-61 -73 -70 -72 -69 
-64 -73 -72 -75 -68 
-59 -79 -69 -72 -71 
-61 -73 -69 -71 -68 
-59 -85 -72 -71 -84 
-59 -84 -71 -72 -71 
-64 -72 -70 -73 -82 
-58 -85 -73 -70 -68 
-64 -84 -70 -71 -69 
-59 -72 -68 -73 -71 
-59 -72 -72 -71 -68 
-59 -72 -69 -77 -71 
-61 -72 -70 -70 -71 
-61 -77 -73 -71 -71 
-59 -72 -68 -71 -87 
-59 -77 -69 -71 -75 
-59 -82 -69 -71 -70 
-64 -72 -70 -71 -71 
-58 -77 -69 -71 -85 
-60 -83 -71 -71 -77 
-61 -73 -71 -70 -69 
-60 -72 -73 -75 -67 
-59 -72 -69 -72 -71 
-59 -72 -69 -75 -71 
-59 -72 -69 -72 -68 
-64 -73 -69 -75 -71 
-59 -72 -69 -72 -67 
-60 -83 -69 -71 -71 
-59 -73 -69 -73 -71 
-64 -77 -69 -71 -71 
-58 -72 -73 -72 -67 
-64 -72 -69 -75 -85 
-58 -83 -72 -71 -68 
-64 -72 -69 -71 -71 
-60 -72 -72 -72 -85 
-64 -72 -69 -71 -71 
-59 -72 -69 -72 -67 
-64 -73 -72 -75 -78 
-60 -78 -71 -72 -71 
-59 -72 -69 -75 -68 
-59 -73 -73 -71 -71 
-58 -78 -70 -71 -70 
-59 -72 -69 -75 -85 
-58 -78 -69 -72 -71 
-60 -83 -71 -72 -71 
-61 -83 -71 -73 -77 
-64 -73 -69 -71 -67 
-59 -73 -73 -75 -70 
-59 -73 -70 -73 -78 
-59 -78 -70 -73 -77 
-59 -72 -70 -73 -75 
-64 -78 -69 -72 -67 
-59 -84 -69 -75 -71 
-61 -72 -71 -71 -68 
-59 -72 -72 -71 -85 
-59 -84 -69 -71 -68 
-64 -72 -71 -75 -83 
-64 -73 -69 -73 -76 
-59 -84 -69 -72 -71 
-64 -72 -69 -71 -84 
-59 -83 -69 -72 -67 
-59 -73 -72 -75 -71 
-59 -72 -70 -71 -71 
-64 -73 -69 -74 -67 
-59 -72 -73 -72 -84 
-64 -73 -69 -72 -71 
-59 -72 -69 -74 -83 
-59 -84 -70 -73 -76 
-64 -84 -69 -71 -68 
-59 -73 -69 -71 -77 
-64 -73 -69 -74 -84 
-59 -72 -68 -71 -68 
-58 -73 -69 -71 -85 
-59 -73 -72 -71 -67 
-61 -73 -71 -72 -71 
-59 -73 -69 -71 -67 
-59 -73 -73 -75 -84 
-58 -84 -68 -71 -67 
-61 -72 -69 -71 -68 
-59 -78 -69 -72 -71 
-59 -73 -69 -72 -67 
-61 -73 -69 -72 -71 
-59 -84 -69 -72 -85 
-59 -73 -69 -73 -69 
-59 -72 -69 -75 -71 
-64 -73 -69 -72 -67 
-58 -72 -69 -71 -84 
-64 -73 -69 -71 -68 
-59 -73 -69 -75 -68 
-64 -72 -68 -71 -71 
-61 -72 -73 -75 -71 
-58 -73 -70 -73 -85 
-59 -83 -69 -71 -71 
-64 -73 -72 -72 -70 
-58 -84 -68 -73 -68 
-59 -84 -72 -71 -86 
-59 -73 -69 -71 -71 
-59 -73 -68 -71 -71 
-61 -78 -70 -71 -71 
-61 -73 -68 -71 -71 
-64 -79 -70 -71 -71 
-59 -73 -72 -75 -68 
-64 -73 -69 -71 -71 
-58 -73 -73 -71 -68 
-61 -84 -69 -72 -71 
-64 -73 -72 -71 -68 
-59 -84 -69 -71 -71 
-64 -73 -71 -71 -70 
-59 -72 -70 -73 -71 
-58 -83 -69 -72 -71 
-63 -72 -68 -72 -68 
-61 -73 -69 -71 -75 
-64 -73 -68 -72 -68 
-58 -72 -69 -71 -85 
-59 -84 -69 -73 -68 
-63 -73 -69 -71 -85 
-59 -72 -69 -71 -71 
-64 -72 -72 -72 -71 
-59 -73 -68 -72 -68 
-64 -84 -72 -71 -71 
-58 -73 -69 -71 -68 
-64 -73 -72 -75 -71 
-59 -73 -69 -72 -67 
-59 -72 -68 -75 -84 
-59 -72 -68 -71 -67 
-64 -83 -72 -71 -69 
-61 -78 -68 -71 -76 
-61 -84 -71 -71 -68 
-59 -84 -69 -73 -71 
-64 -72 -73 -75 -68 
-59 -73 -68 -70 -84 
-64 -73 -69 -75 -67 
-58 -72 -73 -71 -85 
-59 -73 -69 -75 -67 
-64 -73 -69 -71 -71 
-59 -84 -70 -75 -71 
-59 -84 -69 -71 -68 
-59 -72 -72 -71 -76 
-61 -79 -69 -72 -68 
-59 -72 -70 -73 -67 
-64 -73 -72 -75 -70 
-60 -76 -70 -73 -68 
-59 -80 -70 -73 -78 
-64 -73 -69 -71 -69 
-61 -73 -69 -73 -69 
-62 -73 -69 -72 -71 
-59 -72 -69 -75 -68 
-61 -72 -70 -73 -68 
-59 -79 -70 -73 -68 
-59 -85 -72 -72 -71 
-64 -73 -69 -75 -84 
-58 -85 -69 -71 -71 
-64 -73 -69 -75 -68 
-59 -79 -72 -71 -71 
-59 -73 -69 -71 -83 
-59 -73 -69 -75 -71 
-59 -73 -72 -71 -84 
-59 -72 -69 -72 -71 
-65 -73 -73 -75 -71 
-60 -84 -73 -73 -85 
-60 -73 -69 -75 -77 
-59 -72 -71 -71 -77 
-64 -73 -73 -75 -71 
-58 -73 -71 -71 -71 
-64 -72 -73 -72 -83 
-59 -73 -69 -71 -71 
-59 -72 -73 -75 -68 
-62 -73 -69 -71 -79 
-59 -73 -69 -75 -68 
-59 -73 -71 -71 -68 
-59 -84 -69 -73 -76 
-59 -84 -69 -73 -86 
-59 -73 -69 -71 -68 
-58 -84 -69 -75 -85 
-59 -73 -69 -72 -71 
-58 -84 -73 -75 -84 
-64 -73 -68 -71 -71 
-58 -73 -69 -72 -68 
-59 -79 -70 -71 -77 
-59 -73 -68 -71 -71 
-64 -84 -69 -72 -71 
-61 -78 -69 -71 -71 
-59 -73 -69 -75 -83 
-59 -73 -69 -71 -71 
-58 -73 -69 -71 -67 
-59 -73 -72 -75 -85 
-64 -73 -69 -72 -68 
-59 -84 -68 -75 -71 
-61 -73 -68 -72 -85 
-64 -84 -72 -75 -68 
-59 -84 -68 -71 -84 
-61 -84 -68 -73 -74 
-59 -73 -71 -73 -71 
-59 -73 -69 -71 -68 
-64 -73 -73 -75 -71 
-58 -73 -69 -72 -68 
-61 -73 -71 -73 -67 
-64 -73 -73 -71 -84 
-64 -73 -68 -71 -68 
-59 -73 -69 -75 -83 
-59 -73 -69 -72 -71 
-64 -73 -68 -75 -71 
-58 -73 -73 -72 -67 
-59 -73 -70 -73 -74 
-64 -73 -69 -71 -84 
-59 -73 -73 -72 -71 
-64 -73 -69 -71 -84 
-59 -73 -73 -71 -68 
-63 -74 -69 -71 -71 
-61 -82 -70 -71 -70 
-59 -76 -72 -71 -71 
-59 -74 -69 -72 -71 
-59 -78 -73 -71 -71 
-59 -78 -70 -71 -76 
-61 -73 -70 -72 -68 
-59 -74 -69 -71 -69 
-60 -73 -70 -72 -71 
-60 -73 -70 -71 -70 
-59 -74 -69 -74 -70 
-62 -82 -70 -72 -70 
-61 -79 -68 -72 -71 
-58 -83 -69 -72 -82 
-63 -84 -68 -74 -70 
-61 -73 -70 -74 -71 
-59 -85 -68 -71 -86 
-65 -72 -74 -75 -68 
-59 -74 -69 -74 -83 
-59 -72 -68 -75 -70 
-59 -73 -70 -71 -84 
-60 -72 -70 -72 -68 
-63 -73 -69 -75 -71 
-59 -78 -70 -71 -86 
-58 -74 -68 -73 -71 
-63 -74 -74 -72 -85 
-59 -78 -69 -71 -70 
-61 -73 -67 -71 -69 
-61 -73 -70 -71 -75 
-58 -71 -71 -74 -71 
-64 -82 -67 -71 -68 
-59 -73 -69 -74 -71 
-61 -78 -70 -72 -67 
-60 -82 -68 -73 -70 
-64 -74 -72 -74 -68 
-59 -72 -70 -70 -70 
-63 -73 -71 -71 -69 
-59 -75 -74 -73 -71 
-59 -72 -69 -71 -68 
-59 -72 -73 -71 -72 
-60 -71 -66 -73 -68 
-59 -81 -68 -73 -71 
-60 -70 -64 -72 -68 
-61 -83 -68 -72 -73 
-59 -72 -69 -74 -74 
-60 -73 -71 -73 -78 
-63 -75 -69 -75 -67 
-61 -74 -74 -72 -68 
-60 -80 -77 -74 -68 
-61 -74 -70 -70 -76 
-61 -75 -68 -72 -76 
-70 -74 -70 -73 -77 
-60 -74 -68 -75 -72 
-58 -80 -70 -73 -75 
-56 -74 -66 -74 -68 
-67 -75 -74 -72 -72 
-63 -72 -74 -72 -68 
-63 -81 -72 -75 -65 