326 2
-63 -70 -69 -64 -67 
-60 -71 -68 -80 -74 
-68 -80 -67 -72 -73 
-56 -66 -71 -64 -66 
-56 -73 -76 -68 -74 
-59 -75 -64 -78 -72 
-66 -70 -75 -65 -77 
-58 -65 -64 -66 -66 
-67 -76 -70 -76 -78 
-58 -65 -77 -68 -66 
-57 -71 -77 -72 -69 
-67 -65 -71 -68 -71 
-57 -72 -70 -69 -70 
-57 -72 -65 -80 -67 
-54 -71 -75 -73 -74 
-56 -66 -65 -80 -69 
-58 -72 -72 -66 -74 
-56 -67 -72 -68 -71 
-56 -64 -71 -70 -76 
-62 -72 -71 -68 -76 
-65 -65 -70 -68 -66 
-62 -69 -69 -76 -69 
-62 -72 -70 -75 -70 
-62 -68 -71 -67 -70 
-59 -71 -62 -69 -75 
-62 -72 -66 -69 -69 
-65 -65 -70 -82 -66 
-59 -71 -63 -70 -75 
-57 -71 -68 -83 -66 
-60 -74 -70 -70 -75 
-59 -65 -70 -82 -71 
-65 -74 -69 -69 -75 
-59 -71 -71 -81 -72 
-60 -65 -70 -68 -75 
-56 -72 -70 -67 -72 
-66 -68 -67 -70 -72 
-57 -68 -63 -69 -69 
-60 -74 -71 -79 -72 
-63 -72 -74 -78 -76 
-59 -71 -76 -68 -73 
-65 -65 -64 -81 -75 
-59 -71 -77 -69 -66 
-60 -68 -74 -74 -75 
-61 -68 -71 -67 -74 
-59 -72 -64 -68 -74 
-54 -65 -64 -67 -73 
-59 -71 -71 -68 -74 
-65 -62 -64 -68 -67 
-59 -71 -72 -68 -73 
-56 -65 -65 -68 -67 
-58 -72 -72 -68 -74 
-56 -71 -64 -79 -67 
-59 -72 -72 -68 -74 
-55 -72 -72 -79 -73 
-54 -64 -68 -67 -67 
-54 -68 -68 -73 -69 
-59 -72 -64 -79 -73 
-65 -65 -72 -68 -67 
-65 -68 -72 -73 -73 
-62 -68 -63 -71 -73 
-59 -71 -71 -79 -72 
-65 -65 -61 -68 -67 
-58 -71 -72 -79 -73 
-58 -69 -72 -68 -71 
-56 -71 -69 -67 -69 
-65 -68 -64 -73 -73 
-58 -72 -73 -67 -73 
-65 -65 -74 -73 -67 
-66 -71 -74 -80 -73 
-58 -65 -75 -63 -73 
-66 -68 -75 -67 -67 
-61 -67 -69 -67 -70 
-58 -70 -64 -67 -75 
-61 -68 -75 -74 -74 
-58 -71 -65 -68 -75 
-60 -68 -69 -66 -74 
-65 -71 -64 -68 -67 
-62 -71 -74 -68 -70 
-58 -65 -64 -78 -74 
-54 -71 -74 -73 -74 
-57 -71 -64 -73 -74 
-58 -71 -74 -67 -67 
-58 -72 -69 -68 -74 
-65 -65 -74 -68 -66 
-54 -71 -64 -79 -75 
-55 -71 -64 -68 -70 
-56 -71 -69 -77 -74 
-65 -66 -72 -69 -73 
-58 -68 -74 -79 -67 
-61 -68 -74 -68 -72 
-59 -68 -69 -69 -72 
-63 -71 -74 -68 -69 
-62 -67 -75 -69 -69 
-59 -71 -64 -69 -69 
-54 -65 -74 -69 -76 
-65 -71 -73 -80 -74 
-54 -71 -64 -68 -76 
-62 -65 -73 -76 -72 
-58 -71 -74 -69 -76 
-65 -65 -73 -74 -67 
-57 -71 -64 -69 -73 
-54 -65 -74 -81 -67 
-57 -71 -64 -68 -74 
-55 -65 -68 -68 -74 
-54 -71 -74 -69 -67 
-61 -68 -73 -69 -73 
-56 -71 -74 -69 -67 
-62 -71 -72 -68 -76 
-66 -66 -74 -82 -67 
-59 -72 -73 -69 -76 
-56 -71 -74 -80 -67 
-66 -71 -75 -73 -70 
-59 -68 -75 -81 -74 
-64 -72 -65 -67 -75 
-54 -72 -73 -78 -66 
-64 -71 -72 -68 -75 
-60 -73 -64 -67 -70 
-57 -68 -72 -69 -66 
-62 -70 -74 -73 -73 
-65 -72 -62 -69 -66 
-59 -66 -62 -75 -73 
-61 -68 -63 -71 -72 
-60 -69 -75 -76 -71 
-65 -71 -74 -67 -72 
-55 -68 -73 -76 -72 
-62 -70 -73 -71 -74 
-60 -66 -68 -76 -66 
-58 -71 -63 -75 -66 
-65 -66 -74 -68 -75 
-62 -71 -74 -72 -72 
-58 -71 -75 -76 -75 
-65 -72 -75 -69 -66 
-56 -70 -63 -76 -75 
-56 -72 -75 -69 -70 
-65 -71 -69 -72 -70 
-59 -68 -63 -73 -66 
-65 -71 -74 -77 -75 
-56 -66 -67 -69 -66 
-65 -72 -73 -75 -75 
-59 -66 -63 -69 -71 
-59 -68 -68 -72 -71 
-56 -71 -73 -69 -75 
-54 -66 -63 -76 -66 
-56 -70 -68 -72 -73 
-65 -66 -74 -69 -75 
-56 -69 -74 -77 -73 
-65 -72 -74 -69 -66 
-56 -66 -75 -69 -75 
-59 -72 -68 -71 -71 
-55 -70 -74 -73 -75 
-59 -64 -70 -73 -69 
-59 -69 -63 -68 -76 
-58 -65 -68 -69 -70 
-56 -72 -72 -69 -71 
-62 -68 -70 -69 -70 
-60 -72 -74 -68 -72 
-56 -71 -68 -69 -72 
-65 -70 -74 -69 -72 
-59 -71 -63 -69 -75 
-65 -71 -68 -72 -71 
-56 -72 -69 -72 -70 
-56 -71 -68 -73 -72 
-56 -66 -74 -69 -67 
-59 -66 -73 -75 -75 
-56 -72 -74 -69 -66 
-65 -71 -63 -69 -72 
-60 -71 -68 -69 -72 
-56 -71 -74 -75 -66 
-65 -66 -74 -72 -73 
-60 -72 -73 -69 -75 
-59 -71 -63 -76 -66 
-65 -71 -74 -69 -75 
-56 -71 -63 -69 -66 
-59 -66 -74 -76 -72 
-65 -72 -74 -72 -70 
-57 -66 -74 -69 -66 
-61 -64 -74 -69 -72 
-65 -72 -68 -72 -72 
-56 -69 -74 -68 -75 
-59 -66 -63 -76 -66 
-65 -71 -74 -69 -75 
-56 -71 -64 -76 -72 
-65 -66 -74 -69 -74 
-59 -71 -63 -76 -71 
-59 -71 -73 -69 -72 
-65 -71 -73 -69 -75 
-56 -72 -61 -72 -66 
-57 -68 -74 -69 -73 
-56 -71 -72 -69 -75 
-60 -71 -74 -72 -66 
-57 -71 -70 -69 -74 
-56 -66 -73 -72 -74 
-56 -68 -73 -73 -70 
-59 -69 -74 -69 -66 
-65 -66 -68 -73 -73 
-62 -72 -74 -72 -69 
-65 -70 -74 -68 -66 
-56 -66 -74 -76 -72 
-62 -69 -69 -68 -72 
-57 -66 -63 -76 -66 
-65 -72 -75 -68 -75 
-59 -66 -63 -76 -66 
-65 -72 -75 -68 -75 
-57 -72 -69 -76 -70 
-61 -71 -76 -69 -66 
-65 -66 -63 -69 -75 
-59 -72 -75 -68 -72 
-62 -71 -69 -69 -66 
-62 -71 -69 -68 -72 
-59 -72 -69 -72 -69 
-56 -69 -69 -68 -71 
-59 -68 -66 -69 -71 
-56 -72 -67 -77 -71 
-59 -66 -74 -69 -75 
-60 -72 -68 -76 -72 
-59 -71 -62 -69 -69 
-60 -66 -73 -76 -75 
-59 -71 -64 -69 -66 
-65 -66 -74 -68 -75 
-59 -72 -63 -68 -66 
-56 -71 -74 -76 -75 
-57 -71 -74 -69 -70 
-65 -68 -68 -69 -70 
-59 -66 -63 -77 -66 
-65 -71 -74 -68 -75 
-59 -71 -74 -72 -66 
-55 -68 -68 -77 -71 
-65 -72 -74 -76 -67 
-56 -66 -73 -69 -67 
-59 -71 -63 -69 -73 
-59 -65 -68 -76 -73 
-61 -65 -69 -77 -69 
-65 -71 -63 -68 -72 
-58 -68 -73 -68 -68 
-56 -71 -73 -76 -75 
-59 -66 -73 -69 -73 
-65 -71 -63 -69 -75 
-59 -68 -73 -69 -66 
-57 -68 -69 -68 -74 
-56 -71 -74 -69 -71 
-56 -72 -64 -69 -75 
-65 -71 -75 -76 -66 
-56 -66 -63 -69 -72 
-59 -70 -74 -76 -72 
-65 -72 -74 -69 -66 
-59 -71 -75 -76 -75 
-60 -68 -74 -76 -66 
-59 -69 -74 -69 -74 
-58 -69 -68 -68 -74 
-60 -70 -73 -68 -76 
-62 -68 -74 -68 -74 
-58 -66 -63 -68 -73 
-65 -71 -78 -77 -66 
-59 -72 -77 -67 -76 
-59 -72 -74 -72 -69 
-58 -72 -76 -71 -69 
-60 -72 -64 -73 -70 
-58 -64 -70 -69 -74 
-59 -68 -64 -68 -72 
-54 -65 -70 -68 -70 
-59 -73 -64 -75 -67 
-59 -68 -64 -69 -74 
-65 -72 -70 -75 -66 
-59 -65 -73 -68 -73 
-66 -72 -64 -69 -67 
-59 -73 -73 -68 -73 
-54 -72 -71 -69 -72 
-62 -68 -68 -68 -73 
-60 -68 -67 -72 -67 
-62 -68 -71 -71 -75 
-65 -73 -64 -68 -73 
-58 -68 -73 -68 -73 
-62 -68 -65 -68 -70 
-62 -73 -70 -75 -73 
-65 -65 -73 -68 -75 
-54 -73 -65 -76 -66 
-65 -65 -71 -68 -74 
-59 -72 -72 -68 -73 
-62 -69 -67 -76 -70 
-65 -65 -70 -68 -66 
-57 -72 -64 -67 -70 
-60 -68 -69 -76 -73 
-60 -73 -66 -69 -76 
-58 -71 -69 -69 -73 
-60 -70 -71 -74 -73 
-56 -73 -63 -69 -75 
-60 -72 -68 -74 -72 
-61 -72 -70 -75 -70 
-56 -66 -73 -75 -70 
-66 -70 -72 -68 -66 
-57 -72 -71 -70 -72 
-56 -71 -79 -77 -71 
-56 -70 -72 -70 -69 
-58 -72 -71 -78 -72 
-67 -73 -69 -66 -75 
-62 -75 -70 -68 -80 
-56 -66 -73 -86 -66 
-57 -70 -65 -67 -75 
-56 -68 -71 -79 -73 
-56 -69 -81 -78 -70 
-58 -64 -79 -77 -74 
-57 -69 -74 -73 -68 
-58 -68 -67 -72 -67 
-56 -71 -80 -72 -66 
-67 -68 -70 -72 -77 
-54 -76 -64 -65 -69 
-56 -71 -71 -69 -75 
-66 -69 -72 -92 -71 
-58 -75 -69 -67 -73 
-56 -70 -69 -68 -76 
-65 -64 -69 -68 -76 
-58 -72 -68 -84 -67 
-64 -64 -69 -71 -78 
-58 -65 -70 -68 -77 
-66 -81 -69 -80 -74 
-54 -71 -67 -79 -87 
-59 -70 -78 -71 -73 
-57 -64 -65 -64 -81 
-61 -76 -63 -74 -78 
-60 -67 -62 -68 -71 
-65 -78 -71 -81 -78 
-69 -65 -72 -67 -85 
-77 -66 -73 -67 -80 
-76 -74 -66 -88 -85 
-71 -80 -78 -66 -82 
-67 -66 -82 -86 -76 