343 3
-61 -80 -73 -76 -71 
-63 -71 -65 -74 -71 
-61 -79 -73 -73 -72 
-68 -72 -65 -76 -71 
-62 -69 -67 -76 -71 
-63 -74 -74 -72 -72 
-61 -78 -65 -72 -71 
-68 -69 -73 -73 -71 
-61 -78 -65 -76 -71 
-64 -74 -72 -72 -70 
-63 -71 -65 -72 -80 
-61 -69 -68 -73 -71 
-66 -73 -72 -72 -75 
-68 -77 -66 -71 -71 
-63 -74 -72 -73 -72 
-61 -71 -66 -73 -72 
-63 -77 -72 -71 -80 
-60 -74 -66 -72 -74 
-68 -69 -65 -76 -71 
-65 -75 -67 -71 -71 
-68 -68 -68 -76 -71 
-63 -77 -66 -71 -71 
-65 -72 -69 -74 -71 
-61 -71 -73 -76 -81 
-68 -75 -67 -72 -75 
-63 -69 -68 -71 -75 
-66 -73 -68 -73 -75 
-61 -71 -65 -74 -80 
-68 -78 -73 -74 -71 
-61 -69 -66 -74 -80 
-68 -77 -73 -73 -71 
-63 -69 -68 -72 -80 
-65 -73 -66 -72 -71 
-61 -77 -68 -73 -71 
-63 -69 -66 -75 -80 
-61 -77 -73 -73 -71 
-62 -69 -68 -72 -72 
-63 -77 -65 -74 -71 
-61 -70 -72 -72 -72 
-62 -74 -66 -72 -72 
-65 -73 -72 -74 -71 
-63 -77 -66 -76 -80 
-68 -69 -68 -73 -71 
-63 -73 -68 -73 -80 
-68 -77 -69 -73 -73 
-69 -71 -69 -73 -80 
-60 -77 -68 -76 -72 
-69 -70 -72 -73 -71 
-62 -73 -68 -74 -71 
-65 -73 -69 -73 -71 
-63 -77 -68 -76 -72 
-68 -69 -66 -73 -71 
-63 -77 -72 -77 -80 
-68 -71 -66 -71 -71 
-62 -77 -72 -77 -80 
-60 -71 -66 -72 -71 
-63 -73 -72 -72 -80 
-65 -70 -69 -71 -75 
-62 -69 -66 -73 -71 
-64 -71 -68 -72 -71 
-63 -69 -72 -74 -71 
-62 -71 -68 -72 -71 
-60 -69 -69 -72 -80 
-68 -72 -72 -76 -71 
-64 -71 -68 -74 -72 
-69 -77 -68 -72 -75 
-69 -70 -65 -72 -71 
-69 -69 -69 -73 -71 
-61 -69 -66 -73 -80 
-62 -78 -72 -73 -72 
-68 -71 -67 -77 -80 
-66 -69 -69 -73 -71 
-62 -69 -69 -74 -75 
-63 -77 -72 -71 -80 
-61 -69 -66 -76 -71 
-63 -77 -72 -73 -72 
-60 -69 -68 -75 -71 
-69 -77 -68 -76 -71 
-69 -70 -67 -73 -80 
-63 -70 -69 -76 -71 
-69 -71 -73 -74 -72 
-63 -70 -68 -72 -71 
-69 -71 -67 -73 -71 
-60 -70 -69 -75 -80 
-66 -69 -69 -74 -74 
-69 -77 -72 -72 -71 
-69 -71 -69 -72 -80 
-63 -77 -66 -73 -71 
-68 -71 -72 -76 -71 
-63 -70 -68 -74 -72 
-61 -69 -69 -74 -71 
-63 -73 -72 -72 -75 
-63 -71 -66 -71 -80 
-64 -71 -68 -76 -71 
-68 -77 -69 -72 -72 
-63 -70 -66 -71 -71 
-69 -70 -72 -77 -80 
-68 -77 -69 -73 -71 
-68 -70 -69 -73 -75 
-61 -77 -66 -72 -72 
-69 -71 -72 -74 -71 
-61 -70 -67 -75 -80 
-67 -70 -68 -73 -75 
-66 -70 -69 -74 -75 
-68 -70 -70 -74 -75 
-60 -71 -72 -73 -71 
-62 -70 -67 -73 -75 
-62 -69 -69 -75 -75 
-68 -71 -72 -75 -80 
-60 -77 -66 -73 -71 
-63 -72 -72 -75 -71 
-68 -70 -69 -71 -71 
-65 -74 -72 -72 -71 
-61 -76 -66 -77 -80 
-68 -71 -72 -73 -71 
-63 -70 -67 -72 -71 
-69 -77 -72 -74 -71 
-61 -70 -67 -75 -71 
-61 -70 -69 -74 -72 
-68 -77 -72 -77 -71 
-60 -70 -69 -74 -80 
-63 -77 -67 -72 -71 
-60 -71 -69 -73 -72 
-68 -72 -72 -72 -75 
-68 -70 -70 -72 -71 
-68 -74 -69 -71 -72 
-63 -71 -69 -74 -71 
-61 -77 -67 -72 -72 
-63 -71 -69 -74 -72 
-68 -77 -72 -74 -80 
-63 -70 -67 -74 -72 
-68 -77 -72 -75 -80 
-69 -74 -67 -74 -72 
-68 -70 -69 -75 -74 
-61 -72 -72 -73 -71 
-68 -70 -68 -71 -80 
-69 -74 -69 -72 -71 
-63 -73 -72 -75 -73 
-63 -77 -68 -71 -81 
-61 -71 -72 -74 -71 
-67 -71 -66 -71 -80 
-64 -73 -69 -72 -75 
-62 -71 -69 -72 -76 
-64 -77 -72 -73 -71 
-68 -70 -66 -76 -71 
-68 -73 -67 -73 -71 
-61 -70 -69 -75 -76 
-68 -77 -74 -71 -81 
-60 -70 -66 -74 -71 
-64 -77 -68 -76 -81 
-68 -70 -67 -74 -81 
-61 -72 -68 -77 -71 
-64 -77 -67 -75 -72 
-64 -70 -73 -77 -81 
-61 -72 -67 -73 -71 
-66 -74 -69 -72 -72 
-62 -71 -69 -74 -72 
-62 -74 -73 -73 -71 
-68 -72 -68 -73 -69 
-62 -73 -67 -73 -72 
-64 -72 -73 -73 -81 
-64 -74 -68 -71 -70 
-62 -70 -70 -72 -72 
-68 -77 -72 -77 -71 
-60 -73 -69 -74 -71 
-64 -71 -73 -72 -81 
-62 -70 -68 -73 -70 
-66 -70 -69 -72 -76 
-60 -72 -73 -77 -81 
-66 -72 -71 -73 -76 
-64 -77 -69 -74 -72 
-69 -72 -72 -77 -81 
-64 -71 -71 -77 -76 
-69 -74 -67 -74 -76 
-64 -77 -69 -72 -71 
-68 -72 -68 -77 -72 
-68 -73 -68 -74 -72 
-60 -73 -73 -73 -72 
-69 -76 -68 -72 -81 
-61 -72 -72 -74 -71 
-64 -76 -67 -74 -71 
-68 -72 -67 -72 -72 
-68 -74 -69 -74 -71 
-68 -74 -68 -75 -71 
-59 -76 -68 -74 -71 
-69 -71 -68 -77 -76 
-60 -77 -67 -73 -81 
-68 -70 -68 -77 -72 
-61 -72 -72 -75 -70 
-62 -71 -68 -75 -71 
-68 -77 -67 -77 -72 
-64 -74 -70 -74 -81 
-68 -76 -67 -72 -71 
-66 -74 -67 -73 -71 
-62 -74 -69 -74 -72 
-63 -73 -67 -72 -72 
-64 -70 -72 -74 -81 
-62 -73 -67 -75 -71 
-66 -70 -72 -72 -72 
-68 -76 -68 -77 -81 
-66 -70 -69 -74 -71 
-64 -74 -67 -72 -77 
-61 -72 -69 -74 -71 
-64 -70 -72 -71 -71 
-61 -70 -69 -72 -81 
-62 -72 -70 -77 -76 
-68 -76 -72 -73 -71 
-61 -72 -67 -77 -81 
-69 -73 -72 -74 -81 
-64 -72 -67 -77 -72 
-60 -70 -72 -73 -71 
-68 -72 -69 -77 -72 
-69 -76 -72 -71 -81 
-64 -72 -68 -77 -72 
-69 -76 -68 -72 -81 
-69 -72 -69 -75 -76 
-68 -74 -70 -77 -74 
-64 -72 -67 -71 -72 
-60 -72 -69 -72 -71 
-69 -76 -72 -74 -81 
-60 -72 -69 -71 -72 
-64 -73 -69 -72 -71 
-64 -72 -73 -74 -71 
-58 -77 -68 -77 -71 
-64 -73 -70 -75 -70 
-64 -72 -73 -72 -72 
-61 -76 -67 -74 -81 
-68 -70 -72 -72 -72 
-64 -74 -68 -75 -72 
-64 -70 -73 -73 -71 
-68 -77 -68 -77 -72 
-60 -72 -70 -75 -71 
-68 -71 -72 -73 -80 
-64 -77 -70 -77 -72 
-60 -75 -71 -74 -81 
-68 -76 -68 -76 -71 
-61 -71 -72 -72 -81 
-61 -74 -71 -72 -75 
-67 -74 -70 -72 -70 
-68 -72 -68 -76 -76 
-61 -72 -70 -76 -78 
-68 -73 -70 -76 -73 
-61 -73 -68 -75 -70 
-64 -77 -74 -77 -77 
-63 -74 -68 -76 -73 
-61 -77 -68 -73 -78 
-63 -74 -71 -73 -74 
-63 -76 -72 -79 -73 
-61 -72 -68 -74 -79 
-64 -73 -69 -77 -71 
-64 -77 -68 -73 -76 
-67 -71 -72 -74 -76 
-61 -73 -70 -74 -71 
-64 -69 -68 -71 -81 
-67 -75 -74 -73 -81 
-64 -71 -72 -77 -70 
-68 -74 -67 -75 -76 
-62 -77 -65 -72 -72 
-61 -72 -65 -75 -72 
-69 -72 -65 -71 -70 
-62 -76 -65 -77 -72 
-61 -69 -69 -72 -79 
-63 -73 -64 -72 -73 
-65 -76 -68 -76 -78 
-67 -73 -69 -74 -72 
-65 -73 -76 -75 -71 
-63 -76 -64 -71 -79 
-67 -69 -80 -72 -71 
-65 -68 -69 -73 -70 
-67 -68 -66 -71 -73 
-62 -68 -74 -69 -71 
-67 -72 -67 -75 -77 
-62 -68 -74 -69 -71 
-68 -71 -67 -71 -77 
-62 -68 -66 -74 -70 
-68 -72 -67 -71 -71 
-63 -68 -65 -75 -70 
-62 -68 -74 -73 -77 
-65 -68 -65 -72 -70 
-68 -72 -66 -70 -73 
-62 -68 -74 -70 -71 
-68 -68 -70 -72 -70 
-62 -68 -65 -71 -71 
-65 -68 -66 -71 -74 
-68 -71 -74 -75 -77 
-68 -68 -70 -71 -70 
-62 -78 -65 -75 -77 
-67 -68 -67 -70 -71 
-62 -75 -67 -70 -74 
-65 -68 -65 -70 -71 
-63 -71 -67 -71 -70 
-62 -78 -73 -75 -77 
-63 -71 -67 -71 -70 
-63 -79 -74 -70 -78 
-65 -74 -70 -75 -72 
-62 -70 -65 -74 -72 
-65 -69 -66 -72 -70 
-63 -74 -75 -79 -80 
-64 -76 -67 -71 -71 
-65 -73 -73 -74 -77 
-64 -70 -66 -87 -82 
-66 -69 -75 -71 -74 
-62 -76 -66 -75 -82 
-63 -69 -65 -78 -77 
-66 -77 -79 -76 -87 
-68 -69 -73 -83 -76 
-63 -75 -72 -75 -73 
-63 -83 -68 -80 -74 
-63 -68 -65 -73 -74 
-69 -74 -67 -77 -81 
-64 -69 -72 -81 -80 
-63 -77 -65 -79 -78 
-65 -74 -72 -80 -77 
-64 -74 -70 -76 -76 
-65 -71 -72 -79 -75 
-63 -71 -70 -76 -76 
-63 -72 -69 -73 -75 
-66 -82 -67 -77 -77 
-63 -76 -77 -72 -75 
-70 -70 -65 -76 -74 
-65 -74 -67 -75 -75 
-64 -71 -75 -74 -78 
-67 -72 -68 -72 -78 
-65 -73 -70 -76 -75 
-67 -71 -70 -77 -75 
-63 -73 -74 -78 -74 
-67 -71 -66 -83 -78 
-66 -73 -66 -80 -77 
-64 -71 -74 -73 -74 
-66 -71 -66 -79 -74 
-65 -71 -66 -78 -73 
-66 -71 -66 -81 -78 
-64 -73 -66 -77 -74 
-64 -71 -66 -76 -73 
-66 -71 -74 -74 -78 
-65 -69 -70 -71 -75 
-65 -68 -70 -74 -74 
-65 -69 -67 -83 -75 
-64 -71 -65 -78 -75 
-66 -71 -69 -77 -78 
-64 -72 -66 -80 -90 
-67 -72 -66 -74 -75 
-65 -71 -71 -75 -74 