342 4
-61 -73 -52 -74 -65 
-61 -73 -59 -67 -71 
-70 -73 -56 -70 -68 
-61 -67 -52 -74 -63 
-61 -69 -59 -73 -75 
-61 -67 -59 -66 -63 
-70 -69 -53 -73 -75 
-61 -73 -57 -73 -71 
-61 -73 -52 -65 -71 
-61 -73 -55 -66 -65 
-61 -73 -55 -68 -70 
-61 -68 -58 -65 -73 
-70 -70 -52 -65 -75 
-60 -74 -59 -73 -71 
-60 -74 -58 -68 -70 
-62 -67 -52 -65 -75 
-60 -72 -56 -69 -73 
-60 -67 -58 -74 -70 
-69 -74 -52 -73 -65 
-62 -71 -59 -66 -71 
-69 -69 -54 -66 -68 
-62 -74 -55 -66 -75 
-61 -67 -54 -63 -70 
-62 -74 -52 -66 -71 
-69 -72 -55 -67 -65 
-69 -70 -59 -65 -71 
-60 -67 -52 -66 -76 
-69 -75 -59 -65 -71 
-60 -67 -52 -73 -75 
-69 -68 -59 -73 -68 
-60 -70 -57 -65 -65 
-68 -67 -59 -73 -76 
-64 -74 -58 -65 -71 
-60 -67 -57 -73 -76 
-69 -74 -59 -66 -70 
-60 -67 -57 -73 -65 
-69 -74 -59 -66 -70 
-60 -67 -57 -64 -75 
-64 -72 -56 -69 -63 
-62 -70 -53 -73 -75 
-60 -67 -56 -66 -65 
-62 -70 -52 -65 -72 
-62 -68 -57 -65 -75 
-69 -70 -59 -67 -65 
-60 -71 -57 -73 -71 
-63 -69 -59 -70 -68 
-69 -67 -57 -74 -68 
-60 -71 -59 -65 -65 
-69 -71 -57 -74 -75 
-66 -67 -56 -74 -75 
-69 -70 -52 -74 -70 
-61 -71 -55 -66 -70 
-64 -74 -55 -66 -68 
-61 -72 -52 -65 -70 
-61 -70 -59 -65 -65 
-70 -67 -52 -67 -76 
-61 -72 -57 -72 -65 
-65 -74 -55 -73 -70 
-61 -67 -57 -66 -75 
-61 -70 -53 -63 -65 
-61 -67 -59 -66 -75 
-70 -71 -52 -65 -71 
-62 -74 -57 -74 -75 
-62 -74 -57 -74 -70 
-61 -74 -59 -65 -75 
-62 -74 -55 -68 -69 
-71 -70 -58 -66 -63 
-62 -74 -59 -65 -76 
-64 -74 -55 -65 -73 
-72 -67 -52 -66 -65 
-62 -70 -59 -65 -76 
-71 -70 -55 -69 -65 
-62 -67 -57 -73 -71 
-71 -70 -52 -65 -65 
-61 -67 -58 -73 -71 
-71 -70 -59 -65 -76 
-60 -75 -52 -66 -71 
-72 -70 -59 -72 -75 
-61 -67 -57 -73 -65 
-71 -75 -59 -63 -71 
-61 -67 -56 -72 -71 
-61 -75 -56 -72 -65 
-71 -74 -52 -66 -75 
-61 -67 -58 -73 -65 
-61 -70 -55 -65 -68 
-62 -67 -58 -65 -76 
-71 -70 -60 -73 -65 
-62 -70 -53 -73 -68 
-61 -64 -59 -66 -75 
-61 -73 -55 -74 -65 
-61 -70 -55 -65 -70 
-62 -67 -52 -65 -75 
-61 -70 -59 -66 -65 
-62 -70 -58 -73 -71 
-66 -70 -57 -73 -73 
-62 -70 -59 -65 -71 
-71 -67 -52 -73 -75 
-62 -75 -55 -73 -71 
-61 -75 -58 -66 -65 
-71 -70 -59 -74 -75 
-61 -66 -58 -66 -65 
-69 -69 -52 -73 -75 
-62 -75 -58 -66 -65 
-65 -72 -53 -74 -73 
-71 -69 -59 -65 -75 
-66 -67 -54 -74 -71 
-71 -70 -52 -65 -76 
-61 -67 -58 -66 -65 
-64 -67 -58 -73 -70 
-71 -75 -59 -66 -75 
-61 -67 -58 -69 -65 
-61 -70 -59 -65 -75 
-71 -67 -52 -66 -71 
-61 -70 -59 -72 -75 
-71 -67 -52 -66 -65 
-61 -67 -59 -65 -75 
-61 -72 -54 -69 -65 
-62 -68 -55 -71 -73 
-62 -74 -59 -65 -76 
-62 -74 -53 -71 -76 
-70 -71 -56 -70 -65 
-61 -72 -56 -67 -71 
-71 -72 -56 -66 -70 
-66 -72 -55 -70 -65 
-61 -75 -56 -67 -77 
-71 -68 -60 -70 -68 
-61 -72 -52 -74 -71 
-65 -71 -54 -71 -71 
-65 -69 -58 -65 -71 
-61 -69 -58 -65 -63 
-63 -71 -58 -68 -75 
-62 -68 -57 -68 -69 
-63 -69 -60 -74 -64 
-68 -70 -52 -77 -73 
-61 -70 -56 -73 -75 
-62 -68 -60 -69 -75 
-62 -72 -52 -73 -65 
-73 -69 -54 -70 -70 
-61 -69 -60 -74 -65 
-61 -70 -54 -71 -69 
-71 -67 -58 -65 -65 
-66 -73 -58 -76 -70 
-65 -72 -57 -76 -69 
-66 -73 -53 -68 -75 
-64 -73 -57 -66 -70 
-62 -69 -58 -68 -65 
-71 -67 -60 -69 -75 
-62 -68 -52 -68 -65 
-69 -67 -60 -71 -65 
-61 -75 -58 -64 -72 
-69 -67 -60 -77 -74 
-61 -73 -54 -65 -65 
-73 -74 -58 -76 -74 
-61 -68 -59 -68 -72 
-63 -74 -57 -78 -65 
-66 -77 -56 -72 -70 
-63 -68 -56 -66 -69 
-71 -74 -59 -69 -71 
-62 -69 -52 -73 -75 
-62 -68 -57 -72 -71 
-63 -70 -52 -75 -78 
-62 -70 -56 -69 -68 
-62 -74 -57 -67 -77 
-78 -65 -52 -67 -65 
-64 -67 -55 -67 -72 
-65 -72 -53 -74 -75 
-62 -66 -59 -65 -70 
-60 -73 -56 -73 -65 
-69 -66 -59 -65 -77 
-60 -71 -52 -71 -65 
-65 -70 -59 -64 -75 
-63 -71 -52 -68 -64 
-72 -68 -57 -64 -70 
-59 -70 -54 -68 -75 
-59 -67 -58 -64 -69 
-63 -68 -56 -67 -68 
-72 -65 -52 -64 -65 
-61 -72 -60 -71 -70 
-72 -68 -55 -67 -72 
-60 -66 -56 -70 -70 
-61 -71 -52 -68 -72 
-61 -70 -58 -68 -71 
-66 -69 -59 -72 -79 
-59 -70 -55 -67 -69 
-63 -70 -52 -69 -74 
-62 -70 -56 -69 -70 
-63 -70 -52 -68 -72 
-64 -74 -54 -66 -83 
-62 -70 -56 -64 -74 
-71 -68 -63 -74 -78 
-63 -73 -58 -69 -75 
-70 -67 -54 -73 -82 
-62 -73 -54 -65 -74 
-67 -71 -56 -69 -72 
-64 -68 -59 -62 -72 
-65 -66 -57 -67 -76 
-61 -69 -56 -74 -69 
-64 -67 -57 -68 -70 
-63 -67 -57 -65 -72 
-62 -73 -60 -68 -75 
-62 -71 -54 -64 -70 
-61 -68 -60 -67 -64 
-63 -74 -58 -64 -75 
-64 -67 -60 -66 -71 
-61 -71 -54 -70 -65 
-60 -67 -58 -65 -70 
-70 -69 -53 -67 -65 
-59 -67 -58 -72 -72 
-61 -72 -58 -66 -63 
-64 -68 -58 -68 -72 
-61 -73 -53 -65 -73 
-69 -69 -58 -67 -69 
-65 -71 -56 -68 -68 
-61 -72 -59 -63 -65 
-63 -69 -57 -72 -70 
-67 -67 -52 -71 -71 
-65 -68 -56 -70 -70 
-63 -68 -60 -65 -65 
-65 -72 -58 -71 -71 
-60 -74 -58 -71 -71 
-71 -71 -60 -65 -66 
-62 -73 -57 -68 -71 
-66 -73 -56 -69 -70 
-73 -69 -60 -68 -75 
-67 -72 -56 -66 -75 
-61 -67 -53 -68 -65 
-71 -70 -60 -63 -71 
-62 -68 -53 -68 -75 
-69 -69 -59 -76 -65 
-62 -67 -52 -65 -75 
-70 -70 -60 -68 -72 
-61 -69 -54 -74 -72 
-66 -75 -58 -65 -73 
-67 -74 -56 -68 -69 
-62 -67 -59 -65 -75 
-62 -72 -56 -70 -72 
-65 -69 -56 -71 -75 
-69 -69 -52 -66 -65 
-61 -70 -60 -74 -76 
-70 -70 -52 -68 -65 
-61 -72 -60 -66 -75 
-70 -70 -53 -68 -64 
-65 -71 -55 -71 -71 
-61 -67 -60 -65 -74 
-69 -71 -52 -72 -71 
-62 -67 -56 -76 -71 
-72 -69 -59 -71 -65 
-61 -70 -60 -68 -71 
-69 -69 -52 -65 -65 
-61 -71 -60 -67 -76 
-62 -66 -56 -69 -68 
-63 -69 -56 -68 -71 
-62 -68 -54 -68 -64 
-62 -71 -55 -70 -69 
-61 -69 -58 -69 -70 
-69 -69 -55 -65 -65 
-61 -69 -60 -67 -74 
-69 -68 -57 -65 -71 
-66 -68 -56 -74 -71 
-61 -68 -54 -71 -65 
-71 -73 -52 -66 -75 
-60 -70 -58 -67 -65 
-61 -72 -52 -67 -75 
-61 -67 -60 -67 -65 
-61 -72 -52 -74 -75 
-60 -68 -59 -67 -71 
-61 -74 -52 -66 -76 
-70 -74 -56 -66 -65 
-61 -68 -57 -67 -76 
-69 -74 -53 -66 -65 
-61 -68 -60 -74 -76 
-63 -73 -55 -68 -67 
-61 -71 -54 -68 -70 
-61 -70 -59 -68 -75 
-69 -68 -52 -66 -65 
-60 -70 -60 -68 -74 
-69 -68 -52 -65 -72 
-61 -74 -60 -71 -76 
-69 -74 -57 -65 -71 
-61 -67 -59 -68 -75 
-65 -71 -55 -70 -75 
-62 -67 -57 -74 -71 
-69 -74 -59 -67 -76 
-62 -73 -58 -66 -65 
-65 -70 -56 -65 -64 
-62 -71 -57 -67 -76 
-62 -70 -59 -66 -71 
-62 -66 -52 -66 -73 
-62 -68 -58 -66 -70 
-70 -69 -58 -74 -75 
-63 -67 -60 -66 -65 
-61 -70 -55 -70 -70 
-71 -67 -58 -69 -76 
-62 -73 -53 -65 -72 
-71 -68 -56 -68 -74 
-62 -68 -55 -70 -75 
-62 -77 -52 -65 -65 
-62 -69 -60 -68 -75 
-65 -74 -56 -74 -72 
-67 -73 -57 -66 -71 
-66 -69 -57 -76 -72 
-66 -74 -52 -68 -65 
-62 -69 -57 -66 -75 
-65 -70 -58 -69 -67 
-62 -71 -55 -75 -72 
-73 -68 -53 -67 -70 
-62 -72 -57 -66 -76 
-60 -73 -55 -67 -73 
-63 -66 -54 -64 -77 
-69 -72 -57 -74 -70 
-60 -67 -54 -66 -76 
-62 -68 -62 -74 -69 
-67 -68 -58 -76 -69 
-62 -72 -54 -74 -78 
-63 -70 -59 -64 -64 
-65 -71 -59 -74 -68 
-60 -68 -54 -66 -64 
-62 -75 -57 -65 -75 
-69 -67 -54 -66 -66 
-63 -66 -59 -72 -76 
-68 -69 -54 -68 -73 
-62 -69 -54 -70 -74 
-71 -69 -57 -68 -75 
-66 -71 -65 -64 -71 
-71 -70 -55 -69 -72 
-70 -75 -57 -67 -73 
-70 -68 -59 -66 -75 
-75 -68 -57 -65 -77 
-73 -69 -63 -66 -77 
-78 -68 -55 -67 -65 
-69 -74 -65 -77 -76 
-74 -69 -58 -79 -71 
-68 -72 -69 -67 -71 
-63 -68 -77 -74 -67 
-73 -76 -62 -65 -73 
-62 -73 -66 -76 -79 
-69 -66 -62 -68 -72 
-62 -71 -62 -66 -67 
-71 -68 -61 -68 -72 
-73 -69 -64 -70 -70 
-76 -74 -71 -66 -77 
-68 -77 -65 -77 -66 