350 5
-59 -63 -68 -73 -72 
-55 -77 -61 -69 -68 
-59 -64 -68 -72 -68 
-68 -64 -77 -71 -67 
-60 -71 -70 -72 -69 
-64 -80 -62 -71 -69 
-54 -64 -68 -75 -68 
-59 -64 -64 -72 -70 
-55 -64 -78 -76 -71 
-60 -64 -68 -72 -69 
-55 -80 -78 -71 -68 
-68 -64 -69 -75 -69 
-68 -64 -78 -72 -68 
-55 -80 -69 -75 -71 
-59 -63 -73 -74 -69 
-57 -63 -73 -71 -68 
-57 -64 -69 -74 -68 
-61 -71 -69 -72 -70 
-61 -71 -61 -72 -71 
-68 -64 -73 -76 -68 
-59 -63 -69 -73 -68 
-55 -63 -73 -74 -68 
-63 -63 -61 -72 -68 
-59 -80 -78 -77 -69 
-67 -63 -69 -72 -71 
-59 -64 -78 -73 -68 
-67 -63 -69 -72 -71 
-68 -64 -78 -76 -68 
-59 -71 -77 -72 -71 
-68 -63 -69 -77 -69 
-57 -71 -69 -75 -69 
-55 -63 -61 -73 -69 
-68 -80 -78 -72 -68 
-68 -63 -61 -75 -68 
-61 -71 -69 -71 -71 
-59 -63 -68 -71 -69 
-55 -80 -69 -76 -69 
-60 -63 -78 -72 -68 
-55 -63 -65 -76 -70 
-60 -63 -78 -72 -69 
-59 -63 -61 -76 -71 
-55 -64 -78 -72 -69 
-66 -62 -61 -70 -71 
-59 -62 -69 -76 -69 
-68 -64 -69 -71 -69 
-60 -72 -69 -72 -69 
-68 -81 -61 -73 -68 
-55 -64 -73 -72 -69 
-59 -80 -69 -73 -69 
-68 -63 -69 -73 -68 
-68 -80 -69 -72 -69 
-61 -72 -61 -74 -71 
-55 -63 -69 -77 -69 
-68 -80 -78 -72 -71 
-59 -63 -61 -72 -69 
-68 -80 -78 -72 -71 
-59 -64 -61 -72 -69 
-68 -63 -69 -72 -69 
-60 -64 -69 -72 -68 
-55 -63 -69 -73 -69 
-59 -63 -69 -72 -66 
-68 -63 -69 -74 -67 
-64 -63 -61 -72 -70 
-61 -80 -69 -72 -68 
-59 -64 -78 -76 -71 
-56 -63 -63 -74 -68 
-61 -71 -69 -72 -68 
-63 -72 -73 -72 -68 
-59 -71 -73 -72 -70 
-68 -63 -69 -76 -71 
-59 -64 -61 -73 -68 
-55 -80 -78 -77 -71 
-64 -62 -65 -74 -68 
-59 -62 -78 -71 -71 
-60 -62 -69 -73 -68 
-62 -80 -69 -72 -68 
-68 -62 -69 -72 -69 
-55 -69 -65 -77 -68 
-63 -71 -69 -72 -68 
-59 -80 -61 -74 -67 
-55 -64 -69 -76 -68 
-57 -63 -69 -75 -69 
-59 -63 -78 -73 -71 
-60 -80 -69 -75 -71 
-55 -72 -69 -77 -69 
-67 -63 -78 -73 -71 
-59 -80 -69 -77 -69 
-68 -63 -78 -73 -68 
-60 -80 -69 -77 -68 
-57 -72 -65 -74 -68 
-67 -64 -61 -72 -69 
-67 -63 -78 -77 -71 
-67 -63 -65 -75 -70 
-57 -63 -69 -72 -69 
-59 -80 -78 -77 -71 
-55 -63 -61 -71 -69 
-59 -63 -78 -74 -68 
-55 -81 -61 -77 -68 
-59 -64 -77 -72 -69 
-55 -81 -61 -77 -71 
-67 -64 -77 -72 -69 
-55 -81 -59 -77 -71 
-66 -64 -68 -71 -71 
-59 -63 -77 -71 -68 
-56 -81 -78 -77 -71 
-59 -64 -61 -72 -68 
-68 -80 -69 -79 -71 
-59 -63 -78 -73 -68 
-55 -64 -69 -72 -71 
-61 -62 -77 -72 -71 
-63 -63 -69 -72 -68 
-67 -63 -69 -77 -69 
-52 -80 -78 -73 -71 
-67 -63 -73 -72 -68 
-57 -71 -69 -73 -68 
-67 -63 -65 -72 -70 
-59 -63 -69 -77 -70 
-58 -71 -69 -74 -70 
-58 -72 -69 -72 -69 
-59 -75 -73 -72 -70 
-59 -64 -69 -73 -70 
-55 -80 -61 -71 -68 
-60 -64 -69 -72 -71 
-55 -63 -61 -72 -68 
-59 -80 -78 -73 -69 
-59 -64 -61 -77 -68 
-67 -63 -78 -72 -68 
-57 -71 -69 -75 -68 
-61 -64 -73 -74 -68 
-66 -72 -73 -72 -68 
-59 -81 -61 -72 -71 
-67 -71 -61 -77 -68 
-67 -64 -78 -74 -68 
-59 -80 -61 -71 -71 
-68 -63 -78 -77 -68 
-57 -72 -68 -77 -69 
-63 -63 -63 -71 -69 
-55 -69 -67 -74 -68 
-60 -63 -78 -77 -71 
-55 -80 -61 -73 -68 
-60 -71 -69 -73 -70 
-57 -64 -78 -77 -71 
-58 -63 -69 -73 -71 
-67 -64 -78 -77 -68 
-59 -80 -61 -72 -71 
-55 -63 -69 -72 -69 
-67 -71 -69 -73 -68 
-55 -64 -61 -75 -68 
-60 -64 -65 -73 -68 
-60 -74 -69 -73 -69 
-60 -63 -61 -74 -68 
-55 -64 -69 -77 -68 
-59 -80 -78 -73 -71 
-55 -64 -61 -77 -68 
-60 -81 -78 -73 -69 
-55 -64 -69 -77 -68 
-66 -80 -61 -73 -69 
-55 -64 -77 -72 -71 
-66 -81 -61 -73 -69 
-59 -63 -77 -77 -71 
-59 -63 -69 -77 -68 
-55 -64 -78 -72 -68 
-68 -81 -61 -71 -71 
-67 -63 -68 -73 -69 
-59 -81 -77 -74 -68 
-55 -64 -69 -73 -69 
-67 -64 -78 -77 -71 
-59 -63 -61 -73 -69 
-66 -64 -78 -72 -70 
-61 -64 -65 -74 -70 
-59 -71 -65 -74 -69 
-67 -62 -61 -72 -71 
-59 -71 -65 -73 -69 
-68 -64 -77 -72 -67 
-63 -64 -61 -75 -69 
-67 -64 -69 -73 -68 
-57 -63 -69 -72 -69 
-67 -72 -78 -73 -68 
-57 -63 -69 -77 -68 
-57 -64 -78 -72 -68 
-60 -63 -69 -77 -71 
-67 -81 -69 -72 -69 
-55 -63 -78 -77 -71 
-67 -80 -69 -78 -69 
-58 -72 -69 -73 -70 
-59 -64 -78 -78 -71 
-57 -64 -61 -77 -71 
-63 -72 -69 -73 -71 
-67 -81 -78 -73 -69 
-59 -72 -69 -73 -71 
-55 -63 -69 -79 -69 
-58 -64 -73 -77 -68 
-57 -72 -69 -70 -68 
-59 -63 -61 -77 -68 
-55 -63 -69 -72 -69 
-59 -64 -60 -77 -68 
-67 -80 -77 -74 -69 
-67 -63 -61 -73 -69 
-59 -64 -77 -77 -72 
-55 -63 -61 -72 -68 
-59 -63 -77 -74 -70 
-57 -63 -65 -74 -69 
-63 -63 -69 -73 -68 
-55 -79 -78 -77 -71 
-59 -63 -61 -72 -68 
-61 -63 -69 -78 -70 
-59 -80 -78 -77 -71 
-55 -64 -61 -71 -68 
-63 -71 -73 -75 -68 
-67 -79 -69 -75 -71 
-55 -63 -61 -74 -70 
-67 -64 -69 -77 -68 
-67 -71 -69 -73 -68 
-67 -79 -78 -76 -69 
-60 -64 -61 -72 -71 
-67 -79 -78 -77 -69 
-59 -63 -65 -77 -69 
-55 -64 -61 -72 -68 
-66 -79 -78 -77 -69 
-60 -64 -61 -72 -71 
-67 -79 -78 -77 -68 
-55 -64 -61 -74 -71 
-60 -63 -69 -73 -69 
-55 -64 -78 -72 -69 
-60 -79 -61 -73 -71 
-57 -64 -68 -78 -69 
-67 -64 -61 -72 -71 
-55 -64 -77 -71 -69 
-67 -63 -65 -73 -69 
-59 -79 -78 -77 -69 
-55 -64 -61 -73 -68 
-67 -64 -69 -77 -71 
-67 -64 -69 -76 -69 
-60 -64 -61 -72 -67 
-55 -70 -69 -74 -68 
-59 -78 -61 -76 -71 
-55 -62 -68 -73 -69 
-60 -63 -68 -75 -72 
-55 -78 -61 -72 -69 
-58 -63 -68 -75 -70 
-55 -64 -80 -74 -71 
-59 -79 -68 -71 -68 
-57 -72 -68 -72 -69 
-55 -63 -61 -74 -71 
-54 -64 -76 -73 -70 
-59 -81 -60 -75 -68 
-57 -64 -67 -73 -69 
-55 -64 -74 -72 -71 
-64 -63 -67 -75 -69 
-55 -76 -71 -75 -70 
-59 -64 -60 -74 -71 
-69 -63 -72 -74 -70 
-67 -74 -60 -72 -70 
-60 -63 -73 -74 -72 
-68 -63 -65 -73 -70 
-61 -72 -70 -75 -68 
-57 -70 -67 -74 -70 
-59 -77 -68 -71 -71 
-54 -62 -77 -72 -67 
-59 -77 -60 -73 -71 
-54 -64 -72 -75 -68 
-59 -64 -61 -74 -72 
-54 -63 -70 -80 -68 
-59 -74 -71 -76 -72 
-54 -64 -68 -77 -68 
-57 -63 -66 -74 -67 
-81 -63 -61 -72 -70 
-70 -69 -63 -74 -68 
-72 -75 -63 -74 -71 
-76 -67 -67 -73 -69 
-59 -64 -65 -73 -71 
-78 -63 -70 -73 -69 
-56 -68 -67 -77 -70 
-62 -65 -69 -75 -68 
-63 -74 -65 -69 -71 
-69 -66 -61 -72 -70 
-59 -76 -66 -78 -69 
-54 -63 -62 -74 -68 
-64 -76 -62 -75 -71 
-53 -84 -65 -81 -72 
-58 -61 -65 -79 -69 
-61 -62 -67 -87 -69 
-56 -71 -69 -73 -69 
-69 -63 -63 -76 -68 
-54 -79 -71 -74 -70 
-61 -62 -61 -79 -67 
-58 -77 -72 -76 -72 
-56 -61 -64 -73 -71 
-62 -61 -63 -74 -68 
-57 -63 -62 -74 -76 
-62 -69 -78 -76 -68 
-58 -72 -66 -73 -69 
-63 -65 -62 -75 -66 
-58 -77 -84 -72 -68 
-65 -64 -63 -78 -68 
-57 -72 -77 -72 -70 
-64 -68 -58 -77 -68 
-56 -63 -71 -73 -69 
-55 -65 -68 -71 -85 
-60 -64 -71 -71 -71 
-63 -77 -67 -69 -77 
-59 -65 -65 -82 -74 
-60 -77 -80 -71 -66 
-60 -65 -64 -81 -81 
-62 -68 -67 -74 -73 
-64 -65 -77 -70 -74 
-64 -74 -66 -75 -79 
-71 -71 -69 -75 -71 
-66 -64 -60 -74 -73 
-64 -64 -66 -76 -69 
-66 -66 -70 -71 -77 
-68 -66 -68 -74 -69 
-75 -63 -58 -77 -82 
-64 -64 -65 -76 -73 
-72 -66 -65 -73 -72 
-65 -71 -69 -74 -71 
-64 -69 -68 -72 -71 
-66 -74 -69 -72 -88 
-76 -64 -70 -71 -75 
-80 -62 -70 -73 -75 
-72 -65 -66 -76 -81 
-64 -69 -58 -72 -83 
-67 -64 -69 -75 -77 
-66 -64 -64 -74 -79 
-63 -70 -60 -74 -78 
-68 -77 -63 -72 -73 
-64 -63 -68 -72 -81 
-69 -76 -59 -73 -73 
-62 -64 -71 -72 -81 
-69 -77 -66 -73 -73 
-64 -63 -70 -74 -72 
-61 -70 -63 -74 -82 
-68 -77 -65 -72 -74 
-64 -63 -68 -76 -74 
-62 -64 -68 -72 -73 
-68 -63 -60 -75 -82 
-69 -63 -67 -74 -77 
-66 -64 -60 -74 -72 
-70 -63 -67 -72 -82 
-64 -63 -68 -74 -79 
-67 -64 -65 -74 -76 
-62 -73 -71 -73 -71 
-65 -63 -71 -73 -83 
-68 -64 -59 -74 -71 
-62 -74 -71 -74 -76 
-68 -64 -60 -73 -72 
-62 -69 -70 -73 -77 
-65 -64 -65 -75 -76 
-68 -64 -60 -74 -72 
-64 -64 -69 -74 -77 