344 6
-67 -72 -77 -65 -67 
-66 -67 -71 -62 -68 
-60 -69 -69 -65 -68 
-64 -72 -75 -65 -81 
-61 -68 -71 -63 -72 
-68 -72 -66 -60 -68 
-63 -68 -73 -62 -66 
-73 -71 -70 -64 -67 
-65 -76 -63 -60 -76 
-68 -74 -71 -64 -68 
-67 -65 -66 -62 -79 
-75 -67 -68 -63 -73 
-69 -74 -68 -61 -68 
-65 -65 -69 -67 -69 
-66 -78 -74 -63 -81 
-68 -69 -74 -64 -68 
-69 -63 -73 -66 -81 
-67 -78 -69 -62 -71 
-70 -65 -76 -68 -78 
-67 -76 -68 -62 -69 
-66 -69 -73 -64 -69 
-69 -70 -77 -64 -65 
-72 -66 -75 -63 -75 
-67 -74 -74 -60 -66 
-67 -69 -73 -63 -73 
-60 -71 -76 -64 -70 
-61 -65 -68 -61 -67 
-62 -70 -67 -65 -70 
-63 -66 -72 -61 -77 
-61 -71 -71 -66 -69 
-65 -65 -65 -65 -77 
-62 -69 -69 -60 -69 
-63 -69 -75 -64 -68 
-62 -76 -70 -65 -65 
-63 -64 -76 -63 -67 
-63 -73 -74 -68 -74 
-62 -68 -74 -63 -71 
-59 -71 -74 -66 -67 
-62 -69 -74 -64 -75 
-60 -72 -75 -69 -68 
-64 -71 -69 -61 -66 
-61 -70 -76 -67 -67 
-63 -69 -69 -62 -77 
-59 -72 -70 -63 -69 
-61 -69 -69 -67 -74 
-61 -65 -72 -63 -69 
-60 -69 -71 -67 -75 
-61 -71 -85 -64 -65 
-61 -68 -76 -64 -66 
-60 -70 -80 -65 -68 
-61 -71 -74 -63 -76 
-60 -69 -75 -65 -66 
-59 -68 -77 -63 -68 
-60 -70 -77 -64 -66 
-60 -71 -75 -60 -72 
-60 -69 -70 -65 -67 
-59 -66 -68 -65 -68 
-60 -72 -71 -63 -66 
-61 -68 -73 -66 -71 
-60 -71 -74 -64 -67 
-63 -68 -73 -65 -67 
-62 -72 -70 -65 -74 
-62 -67 -75 -63 -70 
-65 -67 -73 -65 -71 
-64 -68 -78 -66 -71 
-59 -65 -84 -60 -67 
-64 -70 -81 -65 -73 
-61 -66 -74 -65 -67 
-63 -69 -84 -66 -75 
-66 -67 -71 -64 -72 
-62 -65 -69 -67 -68 
-69 -71 -68 -65 -79 
-66 -65 -68 -61 -66 
-70 -67 -74 -59 -73 
-75 -68 -67 -61 -72 
-64 -69 -70 -64 -75 
-65 -70 -70 -60 -69 
-65 -70 -76 -65 -67 
-63 -71 -71 -64 -68 
-62 -72 -83 -65 -77 
-64 -68 -72 -67 -67 
-61 -68 -66 -61 -69 
-60 -67 -69 -63 -68 
-60 -68 -68 -63 -67 
-61 -71 -69 -65 -69 
-60 -65 -69 -65 -68 
-62 -73 -68 -66 -69 
-60 -69 -70 -63 -70 
-60 -68 -67 -61 -67 
-60 -67 -70 -65 -67 
-59 -68 -66 -67 -74 
-60 -67 -70 -61 -75 
-60 -68 -73 -63 -66 
-61 -67 -71 -61 -69 
-61 -67 -72 -67 -68 
-61 -67 -66 -62 -71 
-62 -71 -68 -62 -67 
-60 -65 -73 -66 -70 
-59 -71 -67 -61 -71 
-62 -74 -73 -65 -70 
-61 -67 -69 -67 -75 
-60 -76 -70 -64 -67 
-60 -65 -69 -62 -74 
-61 -73 -74 -62 -68 
-60 -66 -68 -64 -76 
-64 -72 -73 -63 -67 
-60 -66 -70 -64 -69 
-63 -75 -70 -62 -69 
-60 -65 -72 -65 -75 
-62 -72 -69 -62 -69 
-60 -71 -72 -64 -74 
-60 -71 -70 -61 -67 
-60 -66 -73 -65 -74 
-62 -70 -69 -62 -68 
-59 -70 -70 -64 -73 
-60 -66 -70 -65 -68 
-60 -70 -71 -64 -68 
-60 -66 -71 -66 -67 
-62 -70 -67 -64 -71 
-61 -67 -69 -65 -67 
-60 -71 -68 -60 -73 
-60 -71 -72 -61 -71 
-62 -68 -71 -66 -71 
-60 -66 -71 -65 -67 
-59 -72 -73 -61 -69 
-59 -73 -69 -66 -67 
-61 -72 -68 -65 -67 
-60 -73 -73 -65 -68 
-62 -70 -69 -65 -68 
-60 -68 -69 -64 -68 
-63 -65 -72 -65 -75 
-62 -72 -70 -65 -69 
-61 -72 -68 -65 -75 
-62 -73 -70 -61 -67 
-60 -71 -70 -63 -71 
-58 -71 -69 -66 -68 
-60 -73 -70 -61 -69 
-59 -70 -69 -66 -67 
-60 -71 -69 -61 -75 
-59 -73 -69 -61 -67 
-60 -65 -73 -65 -75 
-61 -73 -69 -65 -68 
-60 -70 -70 -65 -75 
-60 -71 -72 -65 -71 
-60 -71 -71 -63 -67 
-61 -73 -73 -65 -67 
-60 -71 -71 -63 -69 
-59 -71 -72 -65 -71 
-59 -73 -72 -60 -75 
-60 -70 -72 -62 -75 
-60 -73 -68 -65 -69 
-60 -69 -72 -63 -69 
-61 -71 -72 -61 -68 
-59 -73 -69 -65 -75 
-60 -71 -72 -64 -68 
-59 -71 -70 -65 -75 
-60 -65 -72 -62 -66 
-60 -70 -69 -66 -69 
-60 -65 -71 -64 -68 
-60 -72 -72 -62 -67 
-61 -65 -73 -65 -71 
-60 -72 -72 -61 -67 
-61 -65 -70 -66 -68 
-59 -72 -70 -61 -67 
-59 -68 -70 -61 -69 
-61 -71 -71 -65 -74 
-61 -72 -70 -66 -67 
-60 -65 -71 -62 -75 
-61 -69 -71 -64 -67 
-59 -71 -70 -66 -68 
-60 -68 -71 -62 -75 
-60 -72 -70 -64 -68 
-60 -70 -73 -65 -71 
-60 -71 -71 -65 -69 
-60 -72 -71 -63 -71 
-60 -66 -73 -61 -67 
-61 -72 -72 -65 -69 
-60 -66 -70 -61 -67 
-60 -71 -72 -65 -69 
-60 -71 -72 -65 -75 
-60 -66 -72 -65 -69 
-60 -65 -70 -65 -68 
-60 -71 -72 -60 -75 
-60 -66 -72 -61 -67 
-60 -72 -72 -63 -70 
-59 -65 -69 -61 -67 
-60 -72 -71 -62 -67 
-60 -71 -72 -65 -71 
-61 -72 -72 -63 -68 
-61 -68 -69 -63 -68 
-60 -72 -69 -61 -74 
-61 -65 -73 -65 -66 
-61 -69 -71 -65 -68 
-61 -71 -71 -65 -71 
-61 -71 -71 -64 -71 
-61 -68 -70 -63 -71 
-60 -72 -70 -65 -70 
-60 -73 -70 -64 -74 
-60 -65 -70 -62 -70 
-60 -74 -69 -65 -75 
-59 -66 -71 -66 -68 
-59 -73 -70 -64 -75 
-63 -67 -72 -61 -68 
-63 -70 -71 -65 -68 
-59 -71 -73 -64 -71 
-59 -66 -74 -66 -74 
-60 -71 -67 -65 -68 
-64 -72 -72 -65 -71 
-62 -70 -70 -65 -68 
-60 -70 -68 -64 -68 
-63 -66 -68 -66 -68 
-60 -70 -79 -64 -68 
-59 -73 -70 -63 -74 
-61 -69 -73 -63 -68 
-62 -67 -69 -65 -75 
-60 -71 -73 -64 -68 
-60 -66 -72 -65 -68 
-60 -71 -70 -67 -68 
-61 -72 -71 -63 -68 
-61 -72 -72 -65 -69 
-60 -72 -71 -61 -68 
-60 -72 -68 -66 -67 
-63 -71 -69 -64 -67 
-61 -68 -74 -66 -67 
-60 -76 -68 -64 -68 
-60 -73 -68 -65 -69 
-60 -66 -78 -66 -68 
-61 -66 -69 -64 -68 
-60 -75 -78 -65 -68 
-61 -71 -70 -64 -68 
-61 -66 -72 -67 -68 
-60 -68 -70 -63 -68 
-61 -69 -69 -62 -69 
-62 -71 -68 -62 -75 
-61 -68 -84 -67 -68 
-60 -70 -69 -66 -71 
-62 -68 -71 -60 -75 
-60 -67 -68 -62 -71 
-61 -70 -78 -64 -68 
-61 -69 -66 -66 -74 
-60 -71 -71 -64 -68 
-60 -69 -70 -67 -68 
-62 -71 -70 -60 -76 
-61 -68 -68 -61 -71 
-63 -66 -71 -65 -67 
-60 -69 -70 -62 -68 
-61 -69 -72 -62 -67 
-62 -65 -76 -64 -68 
-60 -74 -68 -66 -68 
-61 -66 -69 -64 -68 
-60 -71 -72 -65 -67 
-60 -70 -72 -61 -68 
-60 -71 -72 -65 -69 
-61 -70 -70 -65 -67 
-60 -69 -72 -62 -67 
-61 -66 -71 -61 -66 
-60 -71 -71 -66 -68 
-61 -68 -73 -62 -78 
-61 -67 -69 -62 -68 
-61 -72 -68 -65 -69 
-62 -66 -69 -65 -67 
-61 -71 -72 -67 -68 
-63 -71 -67 -61 -77 
-60 -66 -74 -61 -67 
-60 -71 -69 -66 -73 
-60 -66 -74 -64 -67 
-61 -73 -71 -64 -68 
-62 -73 -69 -61 -68 
-61 -72 -67 -62 -72 
-61 -68 -71 -66 -72 
-61 -72 -76 -62 -68 
-61 -72 -79 -62 -72 
-62 -69 -73 -65 -68 
-61 -72 -71 -67 -70 
-63 -67 -81 -61 -66 
-60 -72 -71 -67 -68 
-62 -67 -82 -64 -77 
-60 -74 -70 -66 -72 
-66 -66 -69 -64 -68 
-60 -71 -69 -67 -74 
-63 -67 -66 -64 -68 
-61 -66 -71 -67 -78 
-62 -72 -67 -67 -67 
-63 -66 -69 -64 -77 
-63 -69 -66 -65 -68 
-61 -72 -72 -62 -67 
-60 -73 -69 -65 -68 
-61 -72 -71 -65 -67 
-61 -70 -68 -61 -80 
-67 -72 -68 -67 -75 
-69 -73 -69 -65 -66 
-67 -70 -75 -64 -71 
-66 -72 -67 -62 -69 
-64 -65 -71 -64 -73 
-63 -73 -68 -66 -67 
-63 -70 -69 -64 -75 
-64 -68 -69 -65 -70 
-63 -65 -85 -64 -75 
-65 -71 -69 -66 -70 
-61 -67 -69 -62 -66 
-62 -70 -71 -64 -73 
-64 -72 -67 -66 -71 
-63 -63 -68 -65 -75 
-62 -70 -72 -63 -74 
-61 -76 -66 -62 -75 
-63 -69 -71 -62 -78 
-62 -69 -71 -69 -75 
-60 -73 -70 -62 -72 
-63 -68 -69 -61 -71 
-61 -69 -66 -65 -70 
-60 -73 -77 -65 -72 
-61 -69 -71 -67 -73 
-63 -68 -69 -60 -77 
-73 -74 -75 -63 -68 
-61 -72 -74 -61 -78 
-59 -71 -73 -63 -75 
-63 -66 -69 -61 -65 
-62 -72 -76 -63 -74 
-67 -66 -71 -62 -64 
-64 -69 -73 -64 -70 
-58 -71 -70 -67 -65 
-63 -67 -75 -64 -69 
-59 -71 -69 -66 -81 
-60 -70 -69 -66 -72 
-59 -67 -69 -62 -70 
-58 -71 -69 -62 -71 
-59 -70 -79 -64 -73 
-74 -69 -65 -66 -71 
-59 -71 -72 -65 -77 
-63 -66 -66 -67 -69 
-61 -69 -71 -64 -69 
-70 -68 -73 -67 -74 
-61 -70 -75 -67 -72 
-67 -72 -67 -66 -71 
-64 -68 -69 -66 -74 
-62 -66 -68 -66 -75 
-64 -70 -69 -60 -69 
-64 -79 -69 -63 -72 
-65 -70 -70 -65 -76 
-64 -68 -71 -64 -73 
-63 -69 -65 -61 -77 
-63 -63 -67 -64 -74 
-60 -68 -67 -61 -74 
-64 -64 -69 -65 -74 