286 8
-59 -75 -63 -71 -69 
-58 -82 -62 -75 -69 
-68 -78 -61 -77 -70 
-62 -86 -61 -71 -74 
-58 -81 -63 -70 -68 
-63 -75 -63 -74 -71 
-62 -77 -59 -78 -74 
-69 -77 -60 -70 -71 
-58 -77 -61 -77 -69 
-61 -77 -59 -68 -76 
-57 -76 -64 -77 -69 
-57 -80 -63 -70 -69 
-61 -79 -64 -71 -69 
-58 -78 -63 -73 -76 
-71 -84 -63 -78 -70 
-57 -78 -62 -70 -75 
-58 -91 -62 -76 -68 
-60 -79 -63 -84 -69 
-68 -80 -62 -77 -76 
-58 -86 -62 -80 -70 
-63 -83 -62 -71 -72 
-62 -85 -62 -77 -75 
-64 -79 -63 -76 -69 
-57 -77 -62 -77 -71 
-58 -78 -62 -71 -69 
-61 -81 -61 -80 -71 
-58 -82 -62 -71 -74 
-60 -79 -62 -71 -69 
-61 -78 -61 -77 -69 
-65 -77 -62 -83 -69 
-71 -80 -61 -76 -70 
-65 -83 -62 -70 -70 
-58 -79 -61 -77 -68 
-57 -77 -62 -86 -72 
-58 -88 -62 -70 -70 
-58 -78 -59 -84 -74 
-61 -78 -62 -70 -70 
-58 -77 -61 -79 -70 
-61 -82 -62 -70 -69 
-58 -82 -62 -69 -75 
-76 -77 -63 -78 -71 
-59 -84 -62 -69 -75 
-66 -78 -62 -69 -73 
-65 -80 -62 -75 -69 
-68 -84 -62 -71 -69 
-60 -81 -63 -76 -70 
-68 -76 -62 -79 -75 
-57 -78 -63 -70 -73 
-63 -76 -64 -70 -70 
-69 -78 -62 -71 -76 
-62 -76 -62 -80 -71 
-61 -79 -63 -70 -71 
-68 -79 -62 -79 -70 
-64 -78 -62 -75 -73 
-57 -77 -62 -70 -72 
-61 -79 -64 -71 -71 
-65 -78 -62 -81 -71 
-57 -78 -62 -70 -73 
-65 -78 -62 -83 -70 
-57 -79 -62 -84 -69 
-63 -79 -63 -75 -70 
-62 -79 -63 -75 -70 
-58 -78 -62 -75 -69 
-59 -79 -62 -80 -73 
-56 -77 -63 -79 -71 
-57 -79 -63 -71 -71 
-59 -78 -63 -70 -72 
-59 -77 -63 -71 -71 
-62 -80 -62 -75 -73 
-61 -77 -62 -75 -73 
-57 -78 -63 -79 -71 
-66 -77 -62 -69 -70 
-65 -77 -63 -70 -70 
-65 -77 -63 -70 -69 
-61 -79 -62 -79 -71 
-63 -78 -63 -71 -70 
-57 -77 -63 -71 -70 
-69 -78 -62 -80 -71 
-57 -77 -64 -71 -70 
-69 -77 -62 -80 -70 
-59 -77 -63 -80 -74 
-64 -77 -62 -75 -72 
-59 -77 -63 -71 -73 
-63 -77 -63 -71 -71 
-57 -77 -64 -71 -74 
-69 -77 -63 -70 -72 
-65 -77 -62 -81 -73 
-63 -77 -62 -71 -70 
-61 -77 -64 -86 -74 
-69 -78 -62 -71 -71 
-61 -77 -64 -81 -75 
-69 -78 -63 -71 -71 
-61 -78 -62 -76 -72 
-61 -78 -62 -71 -74 
-57 -77 -64 -75 -73 
-59 -78 -62 -80 -70 
-63 -76 -62 -74 -70 
-71 -86 -63 -81 -71 
-59 -77 -62 -72 -70 
-64 -77 -63 -71 -72 
-62 -77 -62 -70 -69 
-59 -78 -63 -69 -70 
-62 -78 -62 -83 -74 
-72 -78 -62 -78 -71 
-62 -77 -62 -77 -76 
-57 -85 -64 -70 -71 
-67 -87 -63 -81 -75 
-62 -77 -64 -75 -70 
-67 -81 -65 -69 -72 
-68 -83 -62 -77 -68 
-67 -78 -62 -76 -70 
-67 -87 -63 -78 -72 
-62 -81 -62 -70 -70 
-66 -80 -62 -69 -73 
-64 -77 -62 -70 -72 
-71 -80 -62 -86 -75 
-60 -82 -63 -71 -71 
-57 -79 -62 -77 -71 
-61 -79 -62 -69 -70 
-73 -79 -62 -76 -76 
-58 -77 -62 -89 -73 
-58 -83 -62 -77 -71 
-61 -79 -63 -82 -70 
-71 -80 -62 -70 -71 
-58 -88 -62 -82 -70 
-58 -79 -62 -75 -71 
-58 -80 -62 -84 -74 
-61 -79 -62 -74 -70 
-58 -82 -63 -83 -69 
-72 -79 -61 -77 -69 
-62 -77 -61 -72 -70 
-61 -83 -64 -76 -71 
-61 -76 -62 -75 -69 
-75 -75 -63 -71 -74 
-59 -78 -62 -77 -68 
-62 -86 -62 -71 -71 
-60 -77 -62 -76 -72 
-60 -77 -63 -69 -72 
-58 -77 -62 -71 -74 
-57 -80 -62 -84 -71 
-61 -77 -62 -82 -69 
-58 -80 -62 -76 -75 
-68 -78 -62 -77 -69 
-58 -81 -63 -71 -70 
-59 -79 -61 -71 -71 
-70 -81 -63 -79 -71 
-66 -84 -62 -76 -72 
-61 -79 -64 -70 -68 
-66 -82 -62 -73 -71 
-60 -82 -62 -78 -69 
-55 -81 -64 -75 -74 
-65 -75 -62 -78 -74 
-61 -80 -62 -78 -74 
-61 -87 -64 -79 -67 
-76 -80 -61 -69 -71 
-65 -80 -59 -78 -73 
-71 -80 -58 -72 -75 
-66 -77 -65 -70 -70 
-59 -84 -62 -80 -70 
-61 -86 -61 -72 -75 
-67 -88 -63 -79 -69 
-66 -82 -61 -83 -68 
-63 -81 -65 -69 -77 
-58 -86 -63 -68 -74 
-66 -77 -62 -77 -77 
-59 -81 -58 -78 -79 
-58 -82 -61 -69 -75 
-60 -76 -60 -81 -72 
-59 -82 -61 -75 -77 
-64 -75 -61 -84 -72 
-68 -77 -60 -74 -68 
-65 -78 -63 -71 -68 
-66 -78 -63 -69 -68 
-60 -77 -64 -75 -74 
-58 -76 -63 -82 -67 
-61 -83 -60 -80 -73 
-56 -82 -60 -80 -74 
-57 -80 -63 -81 -75 
-57 -79 -62 -70 -68 
-60 -78 -61 -70 -74 
-59 -76 -61 -86 -70 
-60 -74 -64 -71 -69 
-62 -79 -62 -71 -69 
-65 -78 -61 -70 -72 
-65 -77 -62 -83 -71 
-60 -82 -62 -81 -74 
-70 -78 -62 -83 -71 
-61 -79 -61 -69 -76 
-63 -78 -62 -70 -71 
-59 -78 -62 -71 -70 
-66 -77 -62 -71 -71 
-66 -79 -61 -82 -72 
-60 -75 -61 -85 -69 
-71 -85 -62 -70 -73 
-66 -80 -62 -70 -70 
-62 -77 -62 -79 -69 
-68 -79 -62 -70 -74 
-59 -88 -62 -70 -73 
-70 -77 -62 -70 -70 
-59 -79 -62 -70 -72 
-63 -78 -62 -77 -71 
-63 -78 -63 -84 -74 
-70 -78 -63 -70 -69 
-64 -86 -62 -70 -73 
-63 -79 -62 -77 -72 
-58 -87 -62 -71 -75 
-61 -78 -63 -80 -71 
-57 -77 -62 -87 -72 
-61 -80 -63 -80 -72 
-62 -77 -62 -80 -73 
-67 -77 -62 -81 -70 
-63 -80 -62 -80 -71 
-71 -75 -62 -70 -73 
-63 -81 -63 -71 -69 
-61 -85 -62 -83 -73 
-71 -79 -60 -77 -72 
-60 -75 -60 -78 -71 
-59 -76 -62 -70 -76 
-58 -77 -62 -72 -70 
-67 -80 -63 -83 -68 
-70 -78 -61 -70 -72 
-62 -87 -62 -71 -69 
-60 -79 -62 -71 -72 
-64 -85 -62 -70 -70 
-63 -76 -61 -72 -72 
-65 -84 -62 -70 -76 
-66 -79 -65 -85 -69 
-58 -76 -63 -70 -72 
-64 -82 -61 -78 -70 
-60 -76 -61 -71 -68 
-68 -79 -61 -85 -71 
-60 -81 -59 -69 -74 
-61 -75 -60 -71 -70 
-66 -79 -59 -72 -68 
-63 -80 -61 -82 -68 
-59 -84 -62 -82 -69 
-59 -80 -61 -79 -72 
-60 -76 -60 -76 -73 
-58 -79 -60 -78 -67 
-60 -83 -62 -78 -69 
-59 -74 -60 -71 -72 
-62 -74 -61 -77 -67 
-59 -77 -60 -69 -73 
-66 -77 -63 -74 -67 
-70 -74 -60 -70 -74 
-75 -79 -62 -72 -69 
-71 -76 -64 -86 -68 
-64 -73 -61 -78 -69 
-67 -86 -60 -71 -69 
-79 -84 -59 -77 -71 
-69 -83 -59 -78 -75 
-67 -76 -59 -76 -70 
-64 -79 -60 -87 -73 
-64 -75 -60 -76 -68 
-71 -81 -59 -71 -77 
-81 -77 -59 -71 -68 
-66 -77 -60 -71 -76 
-80 -81 -59 -90 -68 
-67 -77 -59 -72 -75 
-81 -76 -59 -71 -71 
-80 -76 -60 -87 -72 
-64 -75 -60 -71 -75 
-71 -75 -61 -71 -74 
-73 -78 -61 -86 -67 
-73 -85 -60 -73 -71 
-76 -80 -61 -83 -72 
-63 -80 -63 -77 -73 
-61 -79 -61 -81 -71 
-60 -77 -61 -76 -70 
-60 -79 -60 -71 -73 
-63 -74 -61 -81 -67 
-60 -77 -62 -86 -74 
-66 -74 -62 -77 -74 
-62 -89 -64 -78 -72 
-65 -81 -63 -79 -72 
-82 -78 -62 -80 -72 
-63 -83 -62 -80 -71 
-63 -79 -62 -72 -70 
-63 -81 -63 -70 -73 
-67 -84 -62 -74 -73 
-68 -84 -61 -79 -69 
-71 -79 -61 -78 -73 
-71 -78 -63 -79 -70 
-74 -77 -63 -71 -72 
-62 -78 -62 -78 -72 
-74 -77 -63 -72 -70 