337 9
-58 -72 -63 -77 -76 
-71 -76 -59 -76 -80 
-59 -71 -63 -76 -70 
-65 -75 -60 -76 -81 
-64 -75 -61 -75 -76 
-65 -74 -62 -75 -83 
-68 -72 -61 -75 -69 
-61 -73 -63 -73 -83 
-60 -75 -61 -74 -83 
-64 -70 -59 -75 -69 
-61 -71 -60 -76 -77 
-64 -71 -62 -75 -83 
-69 -75 -61 -74 -83 
-66 -74 -61 -73 -69 
-64 -70 -60 -74 -84 
-65 -69 -59 -71 -70 
-64 -74 -62 -75 -70 
-65 -70 -62 -71 -85 
-59 -72 -62 -75 -70 
-62 -70 -63 -72 -84 
-66 -74 -63 -74 -77 
-64 -77 -61 -75 -70 
-63 -72 -62 -73 -84 
-62 -73 -63 -73 -83 
-65 -69 -61 -73 -76 
-59 -77 -62 -73 -70 
-64 -69 -57 -74 -84 
-60 -69 -63 -74 -83 
-63 -74 -63 -74 -77 
-69 -75 -61 -73 -70 
-69 -75 -59 -76 -84 
-59 -68 -60 -74 -83 
-69 -78 -61 -72 -83 
-59 -77 -59 -73 -76 
-63 -70 -61 -76 -70 
-64 -77 -61 -74 -83 
-68 -72 -59 -77 -83 
-64 -77 -61 -74 -83 
-68 -72 -59 -77 -83 
-64 -77 -61 -74 -69 
-61 -75 -61 -74 -69 
-68 -69 -59 -76 -83 
-64 -77 -61 -72 -70 
-68 -74 -61 -74 -83 
-59 -77 -61 -75 -81 
-68 -73 -63 -71 -82 
-66 -75 -60 -74 -83 
-64 -77 -61 -74 -70 
-59 -73 -59 -73 -83 
-64 -72 -63 -74 -83 
-59 -69 -59 -74 -83 
-61 -73 -62 -72 -82 
-66 -69 -59 -74 -83 
-59 -73 -61 -72 -69 
-69 -77 -63 -77 -83 
-68 -70 -63 -73 -83 
-59 -73 -61 -73 -83 
-68 -71 -62 -75 -83 
-59 -69 -63 -73 -75 
-64 -69 -61 -77 -76 
-66 -77 -61 -74 -82 
-61 -71 -60 -75 -82 
-59 -77 -61 -74 -70 
-64 -72 -63 -72 -82 
-64 -69 -59 -74 -70 
-69 -77 -61 -73 -69 
-64 -69 -59 -72 -83 
-63 -73 -61 -77 -70 
-64 -77 -59 -72 -82 
-69 -73 -61 -77 -70 
-59 -73 -59 -72 -83 
-69 -69 -63 -74 -70 
-64 -77 -59 -72 -83 
-60 -71 -61 -77 -84 
-66 -75 -60 -74 -83 
-66 -71 -60 -76 -82 
-66 -71 -63 -73 -83 
-59 -77 -63 -74 -69 
-66 -75 -61 -75 -83 
-64 -75 -63 -74 -75 
-69 -69 -59 -74 -83 
-64 -73 -62 -74 -76 
-68 -75 -63 -74 -76 
-59 -77 -63 -75 -75 
-69 -77 -61 -74 -69 
-59 -72 -60 -77 -83 
-59 -77 -62 -74 -70 
-64 -71 -63 -74 -78 
-61 -73 -63 -72 -69 
-59 -69 -63 -73 -83 
-64 -69 -59 -74 -83 
-66 -69 -61 -77 -76 
-69 -77 -59 -77 -82 
-69 -73 -60 -72 -69 
-59 -77 -61 -77 -82 
-64 -69 -59 -73 -83 
-64 -73 -61 -74 -82 
-69 -74 -60 -73 -83 
-59 -69 -61 -74 -82 
-69 -73 -60 -73 -83 
-64 -74 -59 -73 -83 
-69 -69 -59 -77 -69 
-59 -73 -61 -77 -82 
-69 -75 -59 -76 -70 
-57 -77 -61 -75 -83 
-60 -77 -62 -75 -69 
-64 -72 -63 -72 -70 
-59 -77 -61 -76 -82 
-64 -69 -58 -73 -69 
-64 -69 -59 -74 -82 
-64 -70 -61 -73 -76 
-59 -77 -61 -77 -82 
-61 -70 -63 -75 -76 
-61 -71 -59 -75 -69 
-69 -77 -61 -76 -81 
-64 -69 -63 -75 -83 
-64 -75 -60 -73 -82 
-69 -77 -59 -72 -82 
-64 -73 -63 -74 -83 
-59 -77 -60 -78 -83 
-69 -71 -61 -77 -76 
-59 -78 -59 -72 -83 
-66 -77 -60 -78 -70 
-69 -73 -61 -78 -69 
-64 -69 -60 -73 -83 
-68 -73 -61 -75 -70 
-64 -77 -59 -72 -83 
-59 -69 -63 -75 -70 
-66 -70 -61 -73 -75 
-64 -71 -61 -74 -81 
-66 -68 -60 -73 -83 
-69 -69 -62 -72 -70 
-64 -77 -61 -75 -83 
-64 -71 -62 -74 -83 
-64 -72 -59 -73 -69 
-59 -70 -61 -74 -83 
-65 -78 -63 -72 -83 
-66 -70 -61 -72 -82 
-59 -70 -60 -75 -70 
-64 -72 -61 -74 -82 
-58 -72 -60 -73 -83 
-64 -78 -61 -72 -70 
-59 -72 -63 -75 -83 
-69 -70 -61 -72 -70 
-64 -69 -60 -73 -82 
-64 -69 -60 -74 -82 
-69 -77 -62 -74 -83 
-64 -69 -60 -72 -83 
-59 -70 -62 -74 -82 
-63 -70 -60 -74 -76 
-61 -73 -60 -74 -78 
-59 -70 -63 -75 -70 
-61 -70 -61 -74 -82 
-62 -70 -60 -74 -82 
-64 -77 -59 -74 -84 
-59 -70 -63 -73 -82 
-64 -77 -60 -75 -70 
-59 -72 -61 -73 -82 
-61 -73 -61 -75 -80 
-66 -71 -60 -75 -82 
-64 -70 -61 -73 -70 
-59 -76 -59 -75 -83 
-64 -73 -62 -73 -70 
-63 -71 -60 -75 -82 
-62 -72 -62 -75 -75 
-64 -69 -59 -73 -76 
-59 -77 -62 -75 -70 
-61 -70 -63 -73 -82 
-63 -75 -63 -74 -83 
-59 -73 -59 -74 -70 
-64 -75 -59 -75 -70 
-68 -76 -61 -75 -82 
-69 -73 -59 -73 -70 
-64 -77 -63 -75 -82 
-67 -69 -61 -73 -81 
-65 -73 -60 -74 -82 
-68 -75 -61 -73 -70 
-63 -70 -62 -73 -78 
-68 -77 -63 -75 -70 
-64 -69 -63 -73 -83 
-63 -73 -63 -74 -83 
-68 -77 -60 -75 -70 
-59 -74 -61 -75 -83 
-68 -70 -59 -75 -82 
-68 -77 -61 -75 -82 
-63 -73 -60 -73 -81 
-63 -73 -61 -74 -81 
-68 -75 -60 -75 -82 
-64 -70 -59 -75 -70 
-68 -72 -61 -74 -82 
-59 -69 -63 -75 -70 
-64 -72 -61 -73 -81 
-68 -69 -60 -75 -70 
-59 -72 -60 -75 -82 
-69 -77 -63 -71 -70 
-59 -77 -60 -73 -76 
-64 -77 -61 -75 -82 
-59 -70 -58 -73 -81 
-61 -77 -60 -73 -81 
-64 -73 -61 -75 -70 
-64 -73 -59 -73 -83 
-68 -77 -63 -75 -81 
-64 -70 -63 -72 -70 
-68 -73 -61 -75 -83 
-64 -73 -63 -75 -70 
-68 -73 -60 -73 -83 
-69 -73 -60 -74 -76 
-59 -76 -63 -75 -70 
-61 -69 -63 -73 -81 
-64 -76 -61 -75 -84 
-58 -69 -59 -73 -82 
-61 -73 -60 -74 -77 
-64 -70 -61 -75 -70 
-59 -77 -64 -74 -84 
-64 -73 -61 -75 -82 
-68 -69 -63 -75 -84 
-64 -73 -61 -72 -70 
-61 -75 -63 -75 -70 
-64 -75 -63 -73 -70 
-68 -76 -61 -73 -82 
-59 -72 -59 -75 -84 
-64 -69 -61 -72 -82 
-59 -70 -62 -74 -83 
-64 -77 -59 -72 -70 
-59 -73 -63 -75 -82 
-64 -77 -59 -72 -83 
-69 -73 -61 -75 -70 
-64 -77 -59 -73 -83 
-69 -72 -61 -75 -82 
-63 -77 -60 -74 -82 
-61 -76 -60 -75 -84 
-64 -73 -58 -73 -70 
-68 -74 -61 -75 -70 
-59 -70 -59 -74 -82 
-67 -73 -61 -75 -70 
-64 -72 -60 -75 -84 
-66 -71 -61 -74 -76 
-59 -73 -60 -75 -70 
-68 -75 -63 -73 -84 
-64 -73 -61 -75 -70 
-69 -69 -59 -72 -82 
-68 -71 -60 -73 -69 
-64 -73 -63 -75 -70 
-69 -73 -63 -74 -70 
-66 -70 -61 -74 -82 
-64 -77 -63 -75 -70 
-68 -73 -59 -75 -81 
-59 -69 -62 -75 -76 
-69 -73 -59 -75 -83 
-68 -69 -61 -75 -70 
-59 -75 -61 -75 -82 
-68 -70 -61 -75 -83 
-63 -70 -63 -72 -70 
-64 -77 -61 -75 -82 
-68 -69 -63 -75 -70 
-64 -77 -61 -75 -83 
-69 -69 -63 -75 -70 
-69 -77 -62 -73 -76 
-62 -74 -63 -74 -77 
-66 -71 -62 -75 -77 
-67 -69 -59 -69 -84 
-67 -74 -61 -76 -71 
-71 -71 -63 -77 -71 
-65 -74 -61 -74 -81 
-59 -73 -62 -72 -71 
-65 -77 -59 -78 -80 
-64 -73 -57 -75 -82 
-61 -73 -61 -75 -70 
-59 -76 -62 -72 -85 
-63 -73 -60 -76 -84 
-69 -78 -63 -77 -82 
-64 -71 -60 -77 -76 
-65 -74 -63 -77 -75 
-59 -72 -63 -78 -69 
-64 -68 -62 -75 -79 
-72 -73 -61 -75 -80 
-64 -71 -60 -79 -83 
-64 -77 -59 -73 -69 
-63 -74 -61 -75 -85 
-62 -74 -61 -77 -82 
-59 -75 -60 -74 -81 
-67 -73 -60 -74 -83 
-63 -74 -60 -77 -71 
-65 -79 -60 -73 -73 
-70 -75 -64 -80 -87 
-59 -75 -60 -75 -72 
-63 -78 -63 -79 -77 
-60 -73 -61 -74 -77 
-64 -77 -61 -73 -80 
-58 -76 -59 -83 -69 
-63 -73 -61 -74 -88 
-65 -77 -61 -75 -72 
-60 -71 -62 -75 -78 
-63 -71 -61 -73 -80 
-58 -80 -59 -71 -80 
-66 -72 -62 -76 -83 
-64 -74 -61 -75 -81 
-68 -78 -62 -74 -83 
-65 -71 -60 -77 -82 
-66 -71 -62 -74 -75 
-72 -71 -62 -77 -76 
-59 -75 -62 -75 -72 
-61 -69 -65 -75 -76 
-72 -70 -60 -75 -83 
-67 -72 -61 -74 -70 
-65 -74 -62 -77 -90 
-71 -74 -61 -72 -74 
-64 -72 -63 -74 -78 
-64 -70 -64 -78 -74 
-65 -71 -60 -79 -70 
-60 -75 -62 -76 -86 
-68 -71 -59 -78 -72 
-63 -74 -61 -77 -69 
-68 -72 -60 -86 -76 
-65 -70 -62 -79 -76 
-62 -71 -60 -79 -77 
-62 -73 -64 -72 -75 
-67 -71 -60 -77 -75 
-60 -78 -62 -72 -82 
-67 -73 -58 -77 -70 
-60 -75 -63 -72 -84 
-66 -74 -59 -72 -70 
-60 -74 -61 -81 -77 
-63 -73 -63 -83 -69 
-60 -75 -61 -83 -78 
-65 -71 -59 -83 -77 
-76 -73 -61 -83 -75 
-69 -71 -62 -88 -69 
-63 -72 -59 -85 -72 
-66 -73 -60 -74 -73 
-64 -82 -60 -79 -81 
-67 -71 -58 -73 -72 
-61 -81 -59 -73 -78 
-67 -77 -58 -73 -79 
-66 -77 -60 -75 -77 
-67 -77 -60 -76 -69 
-61 -73 -59 -74 -77 