2016-05-19 21:23:04.802521 -68 -75 -73 -70 -54 
2016-05-19 21:23:04.910395 -73 -72 -79 -73 -56 
2016-05-19 21:23:05.156431 -75 -74 -78 -80 -53 
2016-05-19 21:23:05.425464 -70 -73 -83 -75 -55 
2016-05-19 21:23:05.530606 -68 -69 -74 -77 -54 
2016-05-19 21:23:05.667492 -72 -68 -79 -87 -59 
2016-05-19 21:23:05.774509 -70 -76 -77 -76 -54 
2016-05-19 21:23:06.056549 -67 -73 -78 -81 -57 
2016-05-19 21:23:06.190563 -70 -81 -77 -69 -56 
2016-05-19 21:23:06.467603 -72 -73 -79 -71 -56 
2016-05-19 21:23:06.716644 -76 -71 -76 -70 -58 
2016-05-19 21:23:06.825653 -82 -68 -68 -66 -59 
2016-05-19 21:23:07.033681 -73 -69 -71 -70 -65 
2016-05-19 21:23:07.237704 -76 -71 -72 -72 -64 
2016-05-19 21:23:07.450865 -71 -70 -75 -70 -57 
2016-05-19 21:23:07.664763 -74 -76 -71 -73 -56 
2016-05-19 21:23:07.869789 -67 -80 -78 -67 -58 
2016-05-19 21:23:08.187823 -63 -79 -78 -69 -59 
2016-05-19 21:23:08.502870 -73 -78 -76 -77 -65 
2016-05-19 21:23:08.608878 -75 -69 -74 -85 -69 
2016-05-19 21:23:08.716897 -62 -80 -79 -74 -58 
2016-05-19 21:23:08.824907 -73 -76 -81 -86 -75 
2016-05-19 21:23:08.926923 -64 -71 -80 -72 -61 
2016-05-19 21:23:09.108944 -68 -74 -83 -75 -68 
2016-05-19 21:23:09.280976 -66 -75 -78 -78 -61 
2016-05-19 21:23:09.549003 -66 -71 -73 -85 -70 
2016-05-19 21:23:09.804035 -70 -74 -85 -81 -67 
2016-05-19 21:23:09.912052 -68 -69 -77 -85 -65 
2016-05-19 21:23:10.015062 -77 -72 -78 -80 -60 
2016-05-19 21:23:10.123206 -73 -69 -74 -91 -59 
2016-05-19 21:23:10.307248 -70 -70 -76 -84 -58 
2016-05-19 21:23:10.433114 -78 -74 -78 -79 -60 
2016-05-19 21:23:10.702156 -83 -74 -73 -83 -58 
2016-05-19 21:23:10.854175 -69 -71 -76 -84 -59 
2016-05-19 21:23:11.023192 -72 -74 -73 -74 -59 
2016-05-19 21:23:11.153208 -68 -70 -69 -79 -60 
2016-05-19 21:23:11.260225 -70 -71 -77 -78 -65 
2016-05-19 21:23:11.361246 -74 -70 -71 -81 -57 
2016-05-19 21:23:11.465251 -68 -75 -75 -81 -61 
2016-05-19 21:23:11.572269 -68 -75 -73 -77 -58 
2016-05-19 21:23:11.773289 -76 -82 -78 -83 -54 
2016-05-19 21:23:11.974318 -69 -71 -70 -80 -63 
2016-05-19 21:23:12.161342 -79 -74 -75 -81 -58 
2016-05-19 21:23:12.306361 -68 -70 -74 -83 -64 
2016-05-19 21:23:12.518386 -72 -74 -74 -79 -60 
2016-05-19 21:23:12.714414 -74 -80 -72 -80 -58 
2016-05-19 21:23:13.003582 -72 -77 -74 -78 -60 
2016-05-19 21:23:13.109466 -69 -69 -86 -86 -54 
2016-05-19 21:23:13.220481 -82 -71 -70 -75 -58 
2016-05-19 21:23:13.573525 -70 -70 -74 -83 -58 
2016-05-19 21:23:13.987709 -72 -75 -74 -81 -60 
2016-05-19 21:23:14.095595 -78 -71 -79 -81 -58 
2016-05-19 21:23:14.207613 -74 -67 -75 -82 -66 
2016-05-19 21:23:14.309623 -69 -68 -75 -86 -54 
2016-05-19 21:23:14.511649 -71 -72 -78 -76 -58 
2016-05-19 21:23:15.023714 -76 -76 -75 -77 -59 
2016-05-19 21:23:15.135731 -75 -82 -73 -80 -62 
2016-05-19 21:23:15.343755 -72 -74 -79 -76 -59 
2016-05-19 21:23:15.521782 -75 -65 -72 -80 -57 
2016-05-19 21:23:15.630796 -72 -83 -81 -82 -60 
2016-05-19 21:23:15.738831 -73 -71 -72 -82 -59 
2016-05-19 21:23:15.875829 -76 -70 -84 -74 -59 
2016-05-19 21:23:15.981842 -67 -70 -75 -72 -55 
2016-05-19 21:23:16.088855 -78 -78 -87 -76 -57 
2016-05-19 21:23:16.300883 -68 -71 -73 -77 -64 
2016-05-19 21:23:16.405897 -65 -80 -76 -70 -60 
2016-05-19 21:23:16.510945 -67 -73 -68 -76 -59 
2016-05-19 21:23:16.616925 -66 -76 -74 -84 -64 
2016-05-19 21:23:16.927968 -63 -64 -82 -68 -66 
2016-05-19 21:23:17.142997 -59 -68 -74 -76 -65 
2016-05-19 21:23:17.425030 -63 -71 -74 -70 -64 
2016-05-19 21:23:17.567062 -61 -68 -75 -74 -66 
2016-05-19 21:23:17.669058 -58 -65 -72 -72 -60 
2016-05-19 21:23:17.861087 -58 -66 -72 -70 -69 
2016-05-19 21:23:18.074112 -64 -70 -74 -69 -67 
2016-05-19 21:23:18.282142 -74 -71 -70 -74 -62 
2016-05-19 21:23:18.494168 -64 -73 -72 -79 -61 
2016-05-19 21:23:18.810211 -69 -73 -75 -70 -63 
2016-05-19 21:23:19.020367 -65 -79 -80 -77 -60 
2016-05-19 21:23:19.133257 -60 -84 -77 -85 -60 
2016-05-19 21:23:19.241269 -62 -77 -79 -81 -63 
2016-05-19 21:23:19.347281 -63 -84 -78 -81 -68 
2016-05-19 21:23:19.555314 -65 -81 -81 -82 -74 
2016-05-19 21:23:19.665324 -64 -81 -75 -82 -76 
2016-05-19 21:23:19.861350 -68 -86 -81 -83 -78 
2016-05-19 21:23:19.981364 -64 -83 -76 -82 -78 
2016-05-19 21:23:20.092515 -65 -77 -86 -81 -84 
2016-05-19 21:23:20.288408 -62 -83 -78 -78 -72 
2016-05-19 21:23:20.393427 -64 -84 -75 -85 -74 
2016-05-19 21:23:20.800471 -65 -78 -75 -83 -72 
2016-05-19 21:23:20.902492 -66 -83 -76 -89 -75 
2016-05-19 21:23:21.212654 -65 -83 -76 -83 -65 
2016-05-19 21:23:21.319536 -64 -84 -75 -75 -68 
2016-05-19 21:23:21.539572 -64 -79 -82 -79 -67 
2016-05-19 21:23:21.956624 -65 -80 -75 -86 -68 
2016-05-19 21:23:22.161649 -66 -83 -73 -81 -74 
2016-05-19 21:23:22.583708 -66 -76 -75 -79 -64 
2016-05-19 21:23:22.787730 -66 -81 -75 -78 -65 
2016-05-19 21:23:23.003764 -67 -77 -76 -76 -71 
99
