2016-05-19 23:12:38.453360 -65 -57 -66 -63 -60 
2016-05-19 23:12:38.873424 -58 -60 -69 -68 -68 
2016-05-19 23:12:38.982432 -49 -59 -79 -68 -64 
2016-05-19 23:12:39.086446 -61 -70 -76 -81 -70 
2016-05-19 23:12:39.300474 -72 -64 -64 -69 -65 
2016-05-19 23:12:39.400487 -56 -62 -78 -64 -61 
2016-05-19 23:12:39.505501 -48 -59 -66 -67 -62 
2016-05-19 23:12:39.754530 -53 -62 -68 -66 -64 
2016-05-19 23:12:39.958565 -53 -58 -61 -70 -62 
2016-05-19 23:12:40.068580 -45 -61 -77 -67 -63 
2016-05-19 23:12:40.178594 -60 -58 -63 -72 -62 
2016-05-19 23:12:40.390617 -51 -62 -68 -62 -61 
2016-05-19 23:12:40.493634 -75 -59 -69 -62 -60 
2016-05-19 23:12:40.596643 -59 -59 -64 -61 -59 
2016-05-19 23:12:40.704654 -67 -56 -60 -62 -63 
2016-05-19 23:12:40.885681 -56 -60 -59 -62 -61 
2016-05-19 23:12:41.099706 -62 -56 -64 -70 -61 
2016-05-19 23:12:41.218730 -58 -54 -71 -61 -65 
2016-05-19 23:12:41.320738 -71 -63 -63 -64 -58 
2016-05-19 23:12:41.425753 -53 -61 -59 -61 -65 
2016-05-19 23:12:41.737793 -63 -62 -60 -61 -59 
2016-05-19 23:12:41.841807 -62 -64 -73 -60 -62 
2016-05-19 23:12:42.055834 -59 -58 -65 -64 -58 
2016-05-19 23:12:42.252860 -55 -59 -62 -66 -58 
2016-05-19 23:12:42.360874 -53 -60 -65 -63 -60 
2016-05-19 23:12:42.571901 -66 -68 -64 -62 -65 
2016-05-19 23:12:42.687918 -60 -59 -62 -57 -58 
2016-05-19 23:12:42.794927 -52 -63 -74 -63 -63 
2016-05-19 23:12:42.905946 -64 -57 -62 -58 -58 
2016-05-19 23:12:43.294001 -58 -62 -67 -68 -58 
2016-05-19 23:12:43.611037 -54 -60 -66 -62 -60 
2016-05-19 23:12:44.061096 -62 -58 -66 -60 -60 
2016-05-19 23:12:44.244125 -60 -60 -65 -61 -66 
2016-05-19 23:12:44.349140 -51 -62 -69 -69 -59 
2016-05-19 23:12:44.556161 -54 -62 -63 -64 -60 
2016-05-19 23:12:44.757188 -56 -61 -68 -65 -60 
2016-05-19 23:12:44.896205 -58 -60 -68 -67 -59 
2016-05-19 23:12:45.007230 -59 -60 -76 -67 -59 
2016-05-19 23:12:45.106233 -51 -62 -61 -69 -55 
2016-05-19 23:12:45.212246 -57 -59 -66 -57 -59 
2016-05-19 23:12:45.410270 -62 -61 -62 -63 -58 
2016-05-19 23:12:45.735312 -57 -63 -64 -65 -59 
2016-05-19 23:12:45.838333 -61 -62 -63 -67 -81 
2016-05-19 23:12:45.939346 -63 -66 -60 -64 -61 
2016-05-19 23:12:46.048355 -67 -65 -65 -65 -59 
2016-05-19 23:12:46.152368 -61 -63 -61 -67 -63 
2016-05-19 23:12:46.353395 -57 -63 -66 -62 -65 
2016-05-19 23:12:46.460406 -64 -64 -65 -63 -59 
2016-05-19 23:12:46.675440 -59 -64 -63 -65 -61 
2016-05-19 23:12:46.870460 -56 -63 -61 -72 -64 
2016-05-19 23:12:47.067492 -62 -60 -62 -66 -62 
2016-05-19 23:12:47.182503 -68 -64 -65 -60 -64 
2016-05-19 23:12:47.392531 -60 -62 -62 -65 -64 
2016-05-19 23:12:47.495541 -57 -69 -61 -69 -58 
2016-05-19 23:12:47.607560 -64 -67 -63 -65 -69 
2016-05-19 23:12:47.817587 -56 -66 -61 -61 -65 
2016-05-19 23:12:47.924606 -56 -69 -66 -68 -60 
2016-05-19 23:12:48.136628 -72 -65 -61 -66 -61 
2016-05-19 23:12:48.240640 -62 -64 -65 -65 -62 
2016-05-19 23:12:48.448668 -64 -63 -62 -65 -62 
2016-05-19 23:12:48.652695 -61 -62 -63 -68 -59 
2016-05-19 23:12:48.859727 -64 -62 -63 -70 -60 
2016-05-19 23:12:49.071750 -54 -61 -63 -83 -62 
2016-05-19 23:12:49.176764 -55 -59 -61 -67 -71 
2016-05-19 23:12:49.296780 -56 -58 -61 -61 -60 
2016-05-19 23:12:49.594824 -58 -59 -63 -64 -57 
2016-05-19 23:12:49.824854 -59 -62 -80 -62 -65 
2016-05-19 23:12:49.926862 -55 -64 -63 -84 -61 
2016-05-19 23:12:50.029881 -45 -74 -82 -61 -59 
2016-05-19 23:12:50.216900 -60 -58 -70 -69 -73 
2016-05-19 23:12:50.323913 -50 -60 -74 -63 -86 
2016-05-19 23:12:50.424932 -52 -58 -73 -59 -60 
2016-05-19 23:12:50.530938 -64 -75 -72 -65 -60 
2016-05-19 23:12:50.633955 -63 -63 -68 -63 -68 
2016-05-19 23:12:50.835979 -62 -58 -80 -67 -59 
2016-05-19 23:12:50.939999 -52 -65 -69 -70 -60 
2016-05-19 23:12:51.053009 -57 -70 -66 -65 -64 
2016-05-19 23:12:51.270043 -53 -68 -71 -60 -54 
2016-05-19 23:12:51.479066 -47 -56 -73 -65 -59 
2016-05-19 23:12:51.703095 -46 -67 -70 -67 -55 
2016-05-19 23:12:51.805112 -43 -61 -62 -63 -66 
2016-05-19 23:12:52.114147 -52 -52 -68 -63 -54 
2016-05-19 23:12:52.227164 -50 -54 -73 -65 -52 
2016-05-19 23:12:52.436190 -48 -60 -73 -62 -55 
2016-05-19 23:12:52.541204 -48 -69 -78 -59 -59 
2016-05-19 23:12:52.644217 -49 -64 -74 -67 -54 
2016-05-19 23:12:52.857248 -56 -64 -75 -61 -54 
2016-05-19 23:12:53.063272 -60 -60 -70 -57 -53 
2016-05-19 23:12:53.168285 -46 -67 -69 -62 -55 
2016-05-19 23:12:53.272299 -44 -62 -76 -64 -52 
2016-05-19 23:12:53.574338 -44 -58 -62 -59 -55 
2016-05-19 23:12:53.995396 -47 -63 -75 -62 -54 
2016-05-19 23:12:54.200423 -51 -64 -79 -60 -61 
2016-05-19 23:12:54.320438 -61 -67 -69 -70 -68 
2016-05-19 23:12:54.425451 -54 -58 -64 -61 -62 
2016-05-19 23:12:54.528456 -50 -56 -70 -62 -71 
2016-05-19 23:12:54.848498 -50 -62 -65 -59 -67 
2016-05-19 23:12:54.967514 -57 -54 -61 -66 -64 
2016-05-19 23:12:55.067528 -51 -78 -66 -61 -64 
2016-05-19 23:12:55.172540 -62 -51 -66 -59 -72 
2016-05-19 23:12:55.272553 -50 -59 -65 -60 -65 
2016-05-19 23:12:55.382567 -56 -64 -67 -68 -70 
2016-05-19 23:12:55.581593 -54 -59 -68 -67 -76 
2016-05-19 23:12:55.787621 -54 -54 -71 -65 -59 
2016-05-19 23:12:55.892634 -49 -60 -79 -68 -72 
2016-05-19 23:12:56.101661 -54 -58 -68 -68 -80 
2016-05-19 23:12:56.204675 -52 -59 -64 -60 -62 
2016-05-19 23:12:56.313689 -51 -58 -77 -62 -63 
2016-05-19 23:12:56.609728 -57 -56 -63 -61 -63 
2016-05-19 23:12:56.714742 -55 -52 -65 -62 -60 
2016-05-19 23:12:56.921768 -63 -61 -61 -60 -64 
2016-05-19 23:12:57.025782 -49 -64 -65 -59 -58 
2016-05-19 23:12:57.127795 -53 -56 -66 -62 -60 
2016-05-19 23:12:57.335823 -45 -58 -67 -59 -60 
2016-05-19 23:12:57.441836 -45 -71 -68 -65 -81 
2016-05-19 23:12:57.563852 -55 -52 -68 -62 -69 
2016-05-19 23:12:57.664866 -43 -63 -65 -65 -57 
2016-05-19 23:12:57.767879 -55 -69 -68 -60 -69 
2016-05-19 23:12:57.878893 -49 -56 -80 -68 -59 
2016-05-19 23:12:58.082921 -43 -61 -71 -62 -57 
2016-05-19 23:12:58.226939 -47 -55 -75 -59 -73 
2016-05-19 23:12:58.396961 -52 -59 -69 -63 -63 
2016-05-19 23:12:58.507976 -50 -59 -74 -61 -62 
2016-05-19 23:12:58.616990 -51 -54 -65 -61 -58 
2016-05-19 23:12:58.831019 -46 -51 -67 -63 -72 
2016-05-19 23:12:59.038045 -45 -55 -61 -59 -67 
2016-05-19 23:12:59.145059 -50 -54 -60 -63 -66 
2016-05-19 23:12:59.251073 -50 -57 -66 -63 -65 
2016-05-19 23:12:59.542111 -51 -54 -62 -65 -62 
2016-05-19 23:12:59.646125 -51 -66 -69 -61 -65 
2016-05-19 23:12:59.813146 -50 -59 -63 -60 -63 
2016-05-19 23:13:00.024174 -51 -59 -64 -60 -65 
2016-05-19 23:13:00.201198 -49 -58 -62 -57 -63 
2016-05-19 23:13:00.418225 -48 -56 -65 -60 -74 
2016-05-19 23:13:00.521240 -50 -56 -65 -60 -65 
2016-05-19 23:13:00.627253 -48 -64 -64 -57 -80 
2016-05-19 23:13:00.731267 -51 -59 -63 -60 -65 
2016-05-19 23:13:00.834279 -52 -54 -59 -60 -77 
2016-05-19 23:13:00.935293 -52 -64 -61 -56 -66 
2016-05-19 23:13:01.100314 -51 -55 -61 -54 -74 
2016-05-19 23:13:01.345347 -51 -55 -66 -58 -64 
2016-05-19 23:13:01.448359 -48 -52 -68 -58 -61 
2016-05-19 23:13:01.584377 -50 -52 -68 -58 -59 
2016-05-19 23:13:01.766402 -49 -56 -62 -62 -76 
2016-05-19 23:13:01.870414 -50 -54 -65 -65 -61 
2016-05-19 23:13:02.005433 -48 -56 -63 -56 -63 
2016-05-19 23:13:02.109446 -49 -53 -62 -60 -72 
2016-05-19 23:13:02.216461 -51 -59 -58 -56 -63 
2016-05-19 23:13:02.421521 -47 -60 -64 -59 -63 
2016-05-19 23:13:02.631512 -47 -59 -64 -60 -60 
2016-05-19 23:13:02.812538 -49 -53 -60 -61 -58 
2016-05-19 23:13:03.026563 -49 -63 -63 -63 -61 
2016-05-19 23:13:03.233593 -44 -60 -63 -61 -61 
2016-05-19 23:13:03.449621 -62 -56 -64 -59 -69 
2016-05-19 23:13:03.556635 -50 -64 -60 -68 -71 
2016-05-19 23:13:03.664649 -49 -54 -66 -55 -51 
2016-05-19 23:13:03.772663 -48 -58 -67 -69 -51 
2016-05-19 23:13:03.988692 -50 -60 -72 -64 -63 
2016-05-19 23:13:04.202719 -52 -53 -72 -67 -58 
2016-05-19 23:13:04.306730 -49 -65 -86 -61 -47 
2016-05-19 23:13:04.619774 -47 -68 -69 -63 -49 
2016-05-19 23:13:04.832801 -48 -56 -72 -78 -53 
2016-05-19 23:13:05.044830 -51 -66 -71 -66 -55 
2016-05-19 23:13:05.254857 -54 -57 -71 -60 -64 
2016-05-19 23:13:05.361868 -72 -57 -68 -66 -52 
2016-05-19 23:13:05.466882 -49 -59 -79 -68 -58 
2016-05-19 23:13:05.664910 -60 -67 -68 -72 -55 
2016-05-19 23:13:05.873938 -58 -66 -81 -67 -53 
2016-05-19 23:13:05.974951 -60 -60 -74 -67 -63 
2016-05-19 23:13:06.078964 -60 -65 -69 -66 -74 
2016-05-19 23:13:06.389006 -57 -59 -78 -68 -67 
2016-05-19 23:13:06.493019 -54 -60 -76 -64 -57 
2016-05-19 23:13:06.600033 -54 -58 -69 -66 -57 
2016-05-19 23:13:06.807059 -54 -64 -71 -68 -54 
2016-05-19 23:13:06.912070 -52 -62 -71 -74 -51 
2016-05-19 23:13:07.013087 -52 -66 -79 -63 -51 
2016-05-19 23:13:07.120100 -54 -64 -66 -70 -51 
2016-05-19 23:13:07.432139 -54 -62 -72 -66 -54 
2016-05-19 23:13:07.536158 -60 -68 -72 -64 -54 
2016-05-19 23:13:07.639168 -52 -61 -72 -71 -50 
2016-05-19 23:13:07.745182 -55 -68 -75 -65 -54 
2016-05-19 23:13:07.847202 -51 -59 -82 -63 -53 
2016-05-19 23:13:08.036224 -57 -61 -65 -67 -54 
2016-05-19 23:13:08.137235 -52 -61 -74 -80 -66 
2016-05-19 23:13:08.242245 -57 -75 -65 -69 -49 
2016-05-19 23:13:08.348262 -61 -63 -73 -71 -62 
2016-05-19 23:13:08.473278 -68 -62 -71 -69 -47 
2016-05-19 23:13:08.680305 -59 -62 -68 -65 -45 
2016-05-19 23:13:08.884331 -60 -57 -73 -65 -45 
2016-05-19 23:13:09.091364 -59 -61 -69 -64 -52 
2016-05-19 23:13:09.414401 -54 -58 -77 -64 -50 
2016-05-19 23:13:09.626432 -54 -55 -71 -64 -52 
2016-05-19 23:13:09.731445 -66 -57 -72 -67 -53 
2016-05-19 23:13:09.942467 -63 -56 -68 -66 -51 
2016-05-19 23:13:10.054484 -65 -55 -73 -67 -48 
2016-05-19 23:13:10.162495 -68 -67 -83 -66 -52 
2016-05-19 23:13:10.268512 -57 -54 -69 -64 -52 
2016-05-19 23:13:10.581557 -70 -62 -83 -65 -50 
2016-05-19 23:13:10.688566 -72 -57 -68 -66 -48 
2016-05-19 23:13:10.796585 -75 -69 -79 -64 -52 
2016-05-19 23:13:11.037610 -68 -59 -75 -65 -54 
2016-05-19 23:13:11.213635 -66 -54 -82 -65 -70 
2016-05-19 23:13:11.315648 -59 -62 -69 -65 -46 
2016-05-19 23:13:11.418662 -59 -57 -74 -67 -58 
2016-05-19 23:13:11.524676 -57 -66 -73 -63 -57 
2016-05-19 23:13:11.633690 -62 -54 -73 -70 -57 
2016-05-19 23:13:11.740704 -64 -64 -73 -64 -53 
2016-05-19 23:13:12.145756 -66 -64 -70 -63 -58 
2016-05-19 23:13:12.251775 -65 -56 -66 -67 -51 
2016-05-19 23:13:12.355784 -52 -68 -68 -63 -60 
2016-05-19 23:13:12.776844 -60 -60 -76 -61 -57 
2016-05-19 23:13:12.884854 -60 -59 -66 -66 -48 
2016-05-19 23:13:13.092879 -60 -58 -75 -65 -54 
2016-05-19 23:13:13.224898 -58 -62 -69 -65 -48 
2016-05-19 23:13:13.417921 -67 -56 -72 -66 -58 
2016-05-19 23:13:13.622947 -63 -60 -72 -66 -59 
2016-05-19 23:13:13.728964 -69 -57 -70 -72 -58 
2016-05-19 23:13:13.911991 -57 -62 -70 -65 -51 
2016-05-19 23:13:14.031003 -56 -67 -75 -66 -52 
2016-05-19 23:13:14.182027 -61 -68 -69 -65 -59 
2016-05-19 23:13:14.286037 -71 -58 -66 -72 -67 
2016-05-19 23:13:14.464060 -64 -69 -69 -65 -52 
2016-05-19 23:13:14.572078 -63 -58 -76 -63 -66 
2016-05-19 23:13:14.678085 -63 -69 -66 -66 -52 
2016-05-19 23:13:14.777109 -57 -58 -76 -73 -51 
2016-05-19 23:13:14.982132 -66 -58 -69 -77 -51 
2016-05-19 23:13:15.083138 -65 -61 -68 -66 -64 
2016-05-19 23:13:15.294169 -61 -58 -70 -66 -58 
2016-05-19 23:13:15.397186 -65 -59 -69 -75 -52 
2016-05-19 23:13:15.575205 -62 -59 -72 -85 -56 
2016-05-19 23:13:15.677223 -61 -58 -68 -77 -60 
2016-05-19 23:13:15.786232 -62 -63 -71 -83 -52 
2016-05-19 23:13:15.940253 -62 -58 -69 -73 -51 
2016-05-19 23:13:16.052270 -61 -60 -66 -71 -61 
2016-05-19 23:13:16.199286 -65 -59 -72 -77 -50 
2016-05-19 23:13:16.306301 -65 -72 -66 -76 -62 
2016-05-19 23:13:16.416314 -57 -59 -74 -74 -50 
2016-05-19 23:13:16.525330 -64 -58 -74 -78 -53 
2016-05-19 23:13:16.743355 -59 -59 -69 -72 -53 
2016-05-19 23:13:17.049398 -56 -67 -68 -71 -59 
2016-05-19 23:13:17.247428 -55 -66 -68 -69 -51 
2016-05-19 23:13:17.503461 -59 -64 -67 -68 -51 
2016-05-19 23:13:17.613475 -64 -62 -73 -64 -60 
2016-05-19 23:13:17.883511 -58 -65 -68 -70 -53 
2016-05-19 23:13:18.083537 -55 -59 -69 -68 -60 
2016-05-19 23:13:18.321571 -60 -62 -73 -68 -57 
2016-05-19 23:13:18.718620 -68 -58 -70 -67 -59 
2016-05-19 23:13:18.934652 -62 -61 -74 -69 -60 
2016-05-19 23:13:19.139679 -55 -63 -70 -69 -57 
2016-05-19 23:13:19.351706 -59 -61 -74 -62 -54 
2016-05-19 23:13:19.469721 -66 -63 -69 -70 -54 
2016-05-19 23:13:19.580735 -56 -62 -72 -62 -61 
2016-05-19 23:13:19.786756 -61 -65 -73 -66 -61 
2016-05-19 23:13:19.891768 -71 -61 -65 -65 -51 
2016-05-19 23:13:19.994782 -55 -68 -72 -69 -68 
2016-05-19 23:13:20.201809 -56 -66 -74 -70 -60 
2016-05-19 23:13:20.308820 -54 -56 -74 -67 -56 
2016-05-19 23:13:20.456842 -64 -69 -74 -74 -54 
2016-05-19 23:13:20.561856 -55 -56 -66 -69 -55 
2016-05-19 23:13:20.840893 -61 -69 -67 -74 -57 
2016-05-19 23:13:21.057924 -56 -59 -67 -78 -61 
2016-05-19 23:13:21.159935 -56 -59 -68 -68 -66 
2016-05-19 23:13:21.350960 -61 -72 -66 -69 -61 
2016-05-19 23:13:21.554986 -55 -64 -64 -77 -57 
2016-05-19 23:13:21.663004 -62 -59 -68 -82 -57 
2016-05-19 23:13:21.793021 -58 -66 -68 -81 -66 
2016-05-19 23:13:21.897037 -54 -56 -66 -68 -59 
2016-05-19 23:13:22.108063 -59 -55 -71 -73 -64 
2016-05-19 23:13:22.210071 -68 -61 -68 -79 -51 
2016-05-19 23:13:22.320093 -54 -59 -68 -72 -55 
2016-05-19 23:13:22.425107 -66 -62 -68 -77 -51 
2016-05-19 23:13:22.600151 -54 -59 -70 -74 -50 
2016-05-19 23:13:22.705144 -64 -56 -66 -67 -64 
2016-05-19 23:13:22.980180 -55 -57 -75 -69 -60 
2016-05-19 23:13:23.187215 -58 -57 -71 -70 -49 
2016-05-19 23:13:23.363234 -57 -55 -67 -65 -82 
2016-05-19 23:13:23.574254 -65 -56 -65 -65 -51 
2016-05-19 23:13:23.884294 -65 -57 -67 -68 -56 
2016-05-19 23:13:24.025316 -58 -54 -65 -68 -65 
2016-05-19 23:13:24.194335 -48 -52 -75 -70 -58 
2016-05-19 23:13:24.298357 -68 -59 -78 -70 -62 
2016-05-19 23:13:24.405366 -51 -54 -78 -73 -53 
2016-05-19 23:13:24.509377 -54 -67 -71 -59 -48 
2016-05-19 23:13:24.651398 -54 -65 -66 -69 -44 
2016-05-19 23:13:24.754401 -59 -54 -71 -64 -49 
2016-05-19 23:13:24.924423 -68 -62 -62 -68 -51 
2016-05-19 23:13:25.073449 -71 -65 -69 -64 -53 
2016-05-19 23:13:25.337480 -53 -58 -74 -67 -55 
2016-05-19 23:13:25.490501 -62 -60 -69 -62 -58 
2016-05-19 23:13:26.125583 -52 -68 -72 -66 -50 
2016-05-19 23:13:26.228600 -63 -57 -77 -61 -55 
2016-05-19 23:13:26.334607 -53 -65 -74 -67 -61 
2016-05-19 23:13:26.457631 -57 -65 -70 -71 -48 
2016-05-19 23:13:26.600645 -61 -72 -72 -58 -53 
2016-05-19 23:13:26.809669 -68 -66 -78 -61 -63 
2016-05-19 23:13:26.920687 -68 -63 -73 -72 -57 
2016-05-19 23:13:27.031702 -73 -63 -75 -59 -63 
2016-05-19 23:13:27.243736 -61 -63 -80 -67 -60 
2016-05-19 23:13:27.694785 -64 -61 -73 -67 -61 
2016-05-19 23:13:27.902815 -62 -60 -72 -70 -62 
2016-05-19 23:13:28.017830 -60 -56 -77 -73 -59 
2016-05-19 23:13:28.121843 -60 -61 -70 -60 -61 
2016-05-19 23:13:28.309865 -62 -61 -72 -63 -62 
2016-05-19 23:13:28.433888 -73 -58 -76 -74 -61 
2016-05-19 23:13:28.600906 -62 -58 -77 -68 -68 
2016-05-19 23:13:28.704917 -57 -60 -75 -63 -62 
2016-05-19 23:13:28.813937 -59 -58 -74 -78 -54 
2016-05-19 23:13:28.916948 -58 -62 -77 -62 -65 
2016-05-19 23:13:29.049962 -65 -57 -83 -74 -54 
2016-05-19 23:13:29.151979 -56 -62 -73 -67 -71 
2016-05-19 23:13:29.329999 -62 -57 -74 -70 -64 
2016-05-19 23:13:29.435012 -62 -55 -74 -63 -78 
2016-05-19 23:13:29.579038 -58 -56 -77 -85 -67 
2016-05-19 23:13:29.720049 -64 -56 -73 -66 -54 
2016-05-19 23:13:29.901076 -61 -56 -77 -80 -64 
2016-05-19 23:13:30.007092 -62 -59 -78 -61 -67 
2016-05-19 23:13:30.281126 -60 -61 -77 -79 -62 
2016-05-19 23:13:30.388140 -54 -57 -74 -65 -61 
2016-05-19 23:13:30.804198 -58 -60 -71 -64 -61 
2016-05-19 23:13:30.937212 -60 -61 -71 -61 -62 
2016-05-19 23:13:31.043225 -63 -60 -83 -73 -65 
2016-05-19 23:13:31.144242 -61 -62 -70 -63 -60 
2016-05-19 23:13:31.324266 -57 -68 -72 -68 -62 
2016-05-19 23:13:31.433276 -59 -77 -77 -71 -60 
2016-05-19 23:13:31.535286 -60 -81 -71 -74 -59 
2016-05-19 23:13:31.641316 -60 -61 -79 -74 -59 
2016-05-19 23:13:31.947344 -59 -65 -71 -80 -61 
2016-05-19 23:13:32.053357 -59 -63 -67 -65 -59 
2016-05-19 23:13:32.264388 -62 -67 -77 -63 -59 
2016-05-19 23:13:32.367404 -64 -62 -75 -81 -58 
2016-05-19 23:13:32.481426 -63 -71 -73 -78 -60 
2016-05-19 23:13:32.685437 -62 -63 -72 -69 -60 
2016-05-19 23:13:32.895468 -62 -62 -74 -66 -58 
2016-05-19 23:13:33.100491 -64 -61 -80 -69 -58 
2016-05-19 23:13:33.263518 -62 -62 -77 -63 -63 
2016-05-19 23:13:33.729580 -61 -61 -82 -70 -59 
2016-05-19 23:13:33.920598 -59 -57 -77 -62 -64 
2016-05-19 23:13:34.107625 -59 -56 -69 -75 -60 
2016-05-19 23:13:34.315650 -62 -60 -67 -78 -61 
2016-05-19 23:13:34.424680 -58 -59 -69 -63 -59 
2016-05-19 23:13:34.531681 -61 -58 -69 -71 -60 
2016-05-19 23:13:34.634697 -59 -59 -78 -62 -59 
2016-05-19 23:13:34.988741 -61 -58 -74 -71 -60 
2016-05-19 23:13:35.096755 -59 -59 -75 -71 -60 
2016-05-19 23:13:35.299784 -61 -60 -81 -60 -59 
2016-05-19 23:13:35.516810 -65 -57 -81 -71 -58 
2016-05-19 23:13:35.623823 -62 -57 -83 -81 -54 
2016-05-19 23:13:35.726837 -57 -62 -74 -60 -60 
2016-05-19 23:13:35.830847 -66 -57 -78 -77 -54 
2016-05-19 23:13:35.935862 -58 -61 -86 -73 -58 
2016-05-19 23:13:36.146893 -59 -59 -75 -67 -55 
2016-05-19 23:13:36.251907 -67 -61 -69 -72 -65 
2016-05-19 23:13:36.776989 -61 -59 -75 -65 -55 
2016-05-19 23:13:36.877988 -62 -59 -71 -76 -54 
2016-05-19 23:13:36.987002 -60 -56 -80 -72 -64 
2016-05-19 23:13:37.170030 -60 -56 -74 -60 -57 
2016-05-19 23:13:37.402057 -58 -57 -72 -70 -57 
2016-05-19 23:13:37.620089 -60 -59 -70 -67 -58 
2016-05-19 23:13:37.728099 -61 -59 -76 -60 -58 
2016-05-19 23:13:37.838113 -60 -60 -71 -73 -60 
2016-05-19 23:13:37.945131 -58 -59 -79 -61 -59 
2016-05-19 23:13:38.049141 -62 -61 -74 -74 -60 
2016-05-19 23:13:38.267176 -61 -62 -77 -67 -58 
2016-05-19 23:13:38.373204 -57 -60 -70 -61 -59 
2016-05-19 23:13:38.478197 -63 -63 -72 -72 -60 
2016-05-19 23:13:38.581207 -62 -62 -68 -76 -59 
2016-05-19 23:13:38.687230 -63 -62 -75 -70 -60 
2016-05-19 23:13:38.838245 -57 -61 -71 -72 -58 
2016-05-19 23:13:39.008266 -59 -61 -68 -65 -59 
2016-05-19 23:13:39.108279 -62 -60 -70 -74 -60 
2016-05-19 23:13:39.235299 -57 -61 -72 -68 -57 
2016-05-19 23:13:39.385320 -63 -60 -72 -67 -61 
2016-05-19 23:13:39.703356 -59 -61 -77 -63 -60 
2016-05-19 23:13:39.839375 -63 -60 -79 -77 -57 
2016-05-19 23:13:40.040406 -60 -60 -74 -67 -59 
2016-05-19 23:13:40.145430 -61 -63 -69 -64 -58 
2016-05-19 23:13:40.313437 -58 -58 -73 -77 -58 
2016-05-19 23:13:40.464460 -56 -57 -71 -68 -60 
2016-05-19 23:13:40.569470 -59 -62 -70 -62 -60 
2016-05-19 23:13:40.733492 -56 -58 -77 -79 -58 
2016-05-19 23:13:40.886511 -56 -59 -73 -67 -59 
2016-05-19 23:13:41.182550 -58 -63 -79 -65 -58 
2016-05-19 23:13:41.287569 -60 -63 -66 -70 -60 
2016-05-19 23:13:41.610610 -61 -60 -68 -70 -59 
2016-05-19 23:13:41.821635 -61 -59 -71 -74 -59 
2016-05-19 23:13:42.034661 -68 -58 -73 -74 -58 
2016-05-19 23:13:42.236686 -59 -54 -81 -73 -60 
2016-05-19 23:13:42.441719 -59 -58 -69 -80 -59 
2016-05-19 23:13:42.652755 -57 -59 -77 -75 -59 
2016-05-19 23:13:42.775770 -56 -62 -77 -62 -59 
2016-05-19 23:13:42.896778 -63 -62 -76 -76 -58 
2016-05-19 23:13:43.075809 -56 -63 -75 -74 -59 
2016-05-19 23:13:43.289836 -63 -60 -76 -82 -59 
2016-05-19 23:13:43.614867 -56 -63 -72 -76 -59 
2016-05-19 23:13:43.824895 -55 -67 -71 -68 -60 
2016-05-19 23:13:44.030926 -57 -64 -74 -69 -58 
2016-05-19 23:13:44.186939 -63 -73 -72 -62 -59 
2016-05-19 23:13:44.288955 -60 -75 -73 -69 -59 
2016-05-19 23:13:44.391966 -66 -68 -77 -62 -62 
2016-05-19 23:13:44.604996 -58 -61 -76 -75 -61 
2016-05-19 23:13:44.710010 -54 -62 -72 -61 -59 
2016-05-19 23:13:44.881037 -61 -58 -69 -66 -59 
2016-05-19 23:13:45.189073 -63 -59 -75 -71 -58 
2016-05-19 23:13:45.384099 -61 -60 -72 -74 -58 
2016-05-19 23:13:45.486115 -60 -55 -79 -82 -59 
2016-05-19 23:13:45.733144 -66 -58 -73 -79 -58 
2016-05-19 23:13:45.839157 -57 -58 -73 -72 -57 
2016-05-19 23:13:46.036187 -61 -57 -77 -71 -59 
2016-05-19 23:13:46.143198 -62 -58 -69 -62 -56 
2016-05-19 23:13:46.244212 -60 -58 -75 -67 -58 
2016-05-19 23:13:46.378229 -58 -58 -69 -60 -59 
2016-05-19 23:13:46.585256 -57 -57 -75 -68 -61 
2016-05-19 23:13:46.850290 -56 -58 -76 -69 -59 
2016-05-19 23:13:46.951306 -56 -57 -68 -81 -58 
2016-05-19 23:13:47.059318 -59 -60 -72 -72 -60 
2016-05-19 23:13:47.314350 -61 -57 -69 -71 -59 
2016-05-19 23:13:47.415364 -56 -57 -73 -83 -57 
2016-05-19 23:13:47.601393 -57 -59 -71 -68 -59 
2016-05-19 23:13:47.705402 -56 -57 -71 -60 -59 
2016-05-19 23:13:47.813416 -56 -58 -72 -83 -58 
2016-05-19 23:13:48.023456 -56 -60 -71 -65 -58 
2016-05-19 23:13:48.127458 -62 -66 -69 -62 -60 
2016-05-19 23:13:48.262471 -59 -59 -78 -78 -60 
2016-05-19 23:13:48.369490 -63 -56 -71 -61 -57 
2016-05-19 23:13:48.658527 -57 -59 -73 -76 -57 
2016-05-19 23:13:48.791548 -63 -56 -70 -72 -57 
2016-05-19 23:13:48.984569 -63 -57 -69 -66 -59 
2016-05-19 23:13:49.108590 -60 -65 -85 -62 -60 
2016-05-19 23:13:49.268608 -65 -59 -68 -78 -58 
2016-05-19 23:13:49.367617 -59 -64 -78 -61 -59 
2016-05-19 23:13:49.475634 -64 -58 -68 -81 -57 
2016-05-19 23:13:49.582645 -63 -66 -80 -68 -58 
2016-05-19 23:13:50.005703 -59 -60 -75 -68 -57 
2016-05-19 23:13:50.226735 -68 -62 -74 -67 -57 
2016-05-19 23:13:50.331765 -62 -59 -81 -60 -57 
2016-05-19 23:13:50.436762 -62 -58 -68 -71 -60 
2016-05-19 23:13:50.535771 -62 -61 -73 -74 -58 
2016-05-19 23:13:50.641790 -61 -57 -67 -61 -59 
2016-05-19 23:13:50.789804 -59 -67 -75 -75 -60 
2016-05-19 23:13:50.890818 -57 -73 -68 -62 -54 
2016-05-19 23:13:50.999832 -61 -59 -75 -76 -60 
2016-05-19 23:13:51.103846 -61 -60 -68 -62 -54 
2016-05-19 23:13:51.214860 -62 -59 -75 -77 -61 
2016-05-19 23:13:51.321904 -63 -60 -68 -62 -61 
2016-05-19 23:13:51.425887 -63 -64 -77 -74 -60 
2016-05-19 23:13:51.533902 -62 -59 -68 -62 -59 
2016-05-19 23:13:51.641920 -61 -63 -75 -74 -54 
2016-05-19 23:13:51.789947 -62 -60 -72 -74 -59 
2016-05-19 23:13:51.997961 -59 -61 -73 -76 -57 
2016-05-19 23:13:52.104017 -63 -63 -75 -69 -55 
2016-05-19 23:13:52.207015 -62 -59 -76 -75 -59 
2016-05-19 23:13:52.315014 -64 -59 -68 -71 -61 
2016-05-19 23:13:52.417038 -56 -59 -77 -76 -60 
2016-05-19 23:13:52.612055 -56 -59 -73 -71 -57 
2016-05-19 23:13:52.716064 -63 -58 -68 -61 -59 
2016-05-19 23:13:52.816077 -62 -59 -78 -73 -55 
2016-05-19 23:13:52.919087 -56 -59 -73 -61 -60 
2016-05-19 23:13:53.020108 -62 -59 -79 -69 -62 
2016-05-19 23:13:53.184117 -63 -59 -74 -70 -58 
2016-05-19 23:13:53.295132 -57 -67 -68 -80 -59 
2016-05-19 23:13:53.404146 -66 -57 -77 -61 -61 
2016-05-19 23:13:53.508157 -58 -69 -68 -68 -58 
2016-05-19 23:13:53.617218 -67 -59 -75 -60 -61 
2016-05-19 23:13:53.750205 -56 -61 -74 -81 -58 
2016-05-19 23:13:54.036229 -63 -59 -72 -60 -61 
2016-05-19 23:13:54.205250 -63 -61 -75 -68 -57 
2016-05-19 23:13:54.313262 -63 -60 -74 -60 -57 
2016-05-19 23:13:54.473289 -57 -59 -74 -68 -59 
2016-05-19 23:13:54.627310 -56 -67 -78 -69 -58 
2016-05-19 23:13:54.731320 -63 -60 -74 -60 -59 
2016-05-19 23:13:54.840334 -63 -60 -68 -83 -55 
2016-05-19 23:13:55.086366 -58 -60 -73 -64 -59 
2016-05-19 23:13:55.250406 -56 -61 -72 -68 -57 
2016-05-19 23:13:55.625436 -62 -63 -74 -70 -59 
2016-05-19 23:13:55.949481 -56 -61 -74 -63 -58 
2016-05-19 23:13:56.400538 -59 -61 -73 -81 -57 
2016-05-19 23:13:56.500550 -62 -60 -67 -60 -59 
2016-05-19 23:13:56.680574 -62 -63 -79 -80 -57 
2016-05-19 23:13:56.787593 -56 -60 -74 -60 -55 
2016-05-19 23:13:56.901614 -64 -60 -79 -82 -59 
2016-05-19 23:13:57.117648 -59 -59 -70 -70 -58 
2016-05-19 23:13:57.412683 -54 -59 -73 -70 -56 
2016-05-19 23:13:57.640718 -63 -63 -73 -70 -58 
2016-05-19 23:13:57.830725 -54 -58 -79 -71 -59 
2016-05-19 23:13:57.957746 -63 -59 -74 -81 -61 
2016-05-19 23:13:58.039752 -63 -60 -78 -69 -59 
2016-05-19 23:13:58.141783 -63 -64 -73 -82 -60 
2016-05-19 23:13:58.249779 -56 -60 -79 -60 -59 
2016-05-19 23:13:58.430803 -56 -61 -74 -71 -60 
2016-05-19 23:13:58.531816 -63 -59 -80 -69 -59 
2016-05-19 23:13:58.630829 -63 -60 -73 -60 -60 
2016-05-19 23:13:58.731843 -56 -59 -80 -68 -59 
2016-05-19 23:13:58.836856 -63 -65 -67 -84 -54 
2016-05-19 23:13:58.940869 -56 -59 -73 -60 -59 
2016-05-19 23:13:59.122897 -64 -60 -72 -64 -54 
2016-05-19 23:13:59.229907 -54 -64 -67 -82 -60 
2016-05-19 23:13:59.333918 -63 -59 -79 -60 -59 
2016-05-19 23:13:59.545949 -58 -58 -72 -75 -59 
2016-05-19 23:13:59.771978 -63 -61 -75 -69 -59 
2016-05-19 23:13:59.883004 -63 -64 -73 -60 -60 
2016-05-19 23:14:00.098026 -62 -62 -75 -61 -56 
2016-05-19 23:14:00.201040 -54 -60 -78 -82 -59 
2016-05-19 23:14:00.354051 -63 -64 -75 -60 -59 
2016-05-19 23:14:00.456067 -56 -60 -72 -69 -60 
2016-05-19 23:14:00.557089 -63 -64 -78 -60 -54 
2016-05-19 23:14:00.767108 -59 -62 -75 -75 -54 
2016-05-19 23:14:00.874119 -56 -60 -68 -60 -60 
2016-05-19 23:14:00.978139 -63 -59 -78 -82 -54 
2016-05-19 23:14:01.190164 -59 -61 -78 -71 -60 
2016-05-19 23:14:01.408194 -59 -61 -73 -68 -60 
2016-05-19 23:14:01.516206 -56 -64 -78 -81 -60 
2016-05-19 23:14:01.675226 -55 -62 -68 -64 -59 
2016-05-19 23:14:01.778243 -63 -60 -78 -82 -54 
2016-05-19 23:14:01.883258 -56 -63 -68 -69 -60 
2016-05-19 23:14:02.094279 -56 -59 -75 -70 -57 
2016-05-19 23:14:02.304306 -62 -59 -73 -68 -57 
2016-05-19 23:14:02.471330 -63 -60 -77 -60 -56 
2016-05-19 23:14:02.682357 -56 -61 -78 -71 -56 
2016-05-19 23:14:02.868386 -59 -61 -74 -64 -54 
2016-05-19 23:14:02.972397 -56 -63 -79 -82 -62 
2016-05-19 23:14:03.080417 -63 -59 -68 -64 -59 
2016-05-19 23:14:03.333447 -63 -60 -76 -70 -60 
2016-05-19 23:14:03.532469 -64 -59 -76 -69 -60 
2016-05-19 23:14:03.759506 -62 -64 -71 -70 -60 
2016-05-19 23:14:03.862517 -63 -59 -68 -82 -54 
2016-05-19 23:14:03.966526 -64 -60 -79 -69 -59 
2016-05-19 23:14:04.156552 -63 -59 -79 -71 -56 
2016-05-19 23:14:04.674615 -62 -62 -70 -69 -57 
2016-05-19 23:14:04.782632 -66 -60 -68 -60 -59 
2016-05-19 23:14:04.884643 -60 -69 -73 -68 -60 
2016-05-19 23:14:05.006661 -65 -59 -74 -74 -59 
2016-05-19 23:14:05.137679 -62 -62 -81 -60 -59 
2016-05-19 23:14:05.306706 -56 -64 -69 -68 -59 
2016-05-19 23:14:05.427717 -62 -59 -72 -83 -57 
2016-05-19 23:14:05.533733 -60 -58 -83 -60 -59 
2016-05-19 23:14:05.642744 -62 -58 -73 -74 -54 
2016-05-19 23:14:05.743761 -69 -67 -78 -61 -62 
2016-05-19 23:14:05.851772 -57 -60 -75 -75 -60 
2016-05-19 23:14:06.063803 -64 -58 -72 -63 -59 
2016-05-19 23:14:06.265825 -60 -59 -70 -65 -60 
2016-05-19 23:14:06.474852 -60 -58 -72 -65 -61 
2016-05-19 23:14:06.596933 -59 -60 -71 -60 -57 
2016-05-19 23:14:06.896908 -59 -58 -77 -71 -58 
2016-05-19 23:14:07.003926 -61 -60 -68 -61 -58 
2016-05-19 23:14:07.195947 -59 -64 -73 -66 -59 
2016-05-19 23:14:07.300961 -62 -66 -80 -70 -59 
2016-05-19 23:14:07.412976 -59 -68 -69 -69 -59 
2016-05-19 23:14:07.514986 -59 -71 -76 -61 -59 
2016-05-19 23:14:07.721016 -60 -62 -76 -65 -59 
2016-05-19 23:14:07.823029 -64 -62 -73 -71 -62 
2016-05-19 23:14:08.040075 -61 -63 -75 -65 -60 
2016-05-19 23:14:08.245082 -59 -65 -77 -72 -59 
2016-05-19 23:14:08.347101 -60 -66 -71 -72 -58 
2016-05-19 23:14:08.544127 -58 -67 -76 -68 -60 
2016-05-19 23:14:08.647140 -62 -68 -85 -71 -59 
2016-05-19 23:14:08.750148 -56 -62 -75 -68 -55 
2016-05-19 23:14:08.859168 -62 -66 -79 -63 -63 
2016-05-19 23:14:09.064195 -58 -64 -83 -72 -59 
2016-05-19 23:14:09.166205 -61 -61 -73 -66 -61 
2016-05-19 23:14:09.267224 -60 -68 -79 -71 -59 
2016-05-19 23:14:09.515258 -61 -66 -73 -66 -59 
561
