2016-05-19 22:51:19.833705 -65 -64 -65 -60 -69 
2016-05-19 22:51:19.940722 -60 -61 -60 -70 -69 
2016-05-19 22:51:20.087747 -65 -59 -64 -62 -68 
2016-05-19 22:51:20.506796 -66 -72 -66 -65 -71 
2016-05-19 22:51:20.627819 -83 -66 -69 -52 -72 
2016-05-19 22:51:20.730826 -74 -62 -65 -54 -65 
2016-05-19 22:51:20.915850 -72 -64 -69 -61 -68 
2016-05-19 22:51:21.021863 -65 -60 -71 -68 -65 
2016-05-19 22:51:21.130877 -60 -62 -78 -64 -67 
2016-05-19 22:51:21.241021 -62 -59 -72 -64 -74 
2016-05-19 22:51:21.561934 -60 -66 -65 -64 -64 
2016-05-19 22:51:21.673077 -68 -61 -65 -66 -65 
2016-05-19 22:51:21.887010 -63 -61 -65 -73 -69 
2016-05-19 22:51:21.990990 -62 -63 -73 -72 -61 
2016-05-19 22:51:22.100004 -60 -68 -74 -79 -68 
2016-05-19 22:51:22.204015 -59 -67 -71 -65 -65 
2016-05-19 22:51:22.340036 -60 -71 -74 -63 -73 
2016-05-19 22:51:22.550064 -62 -65 -67 -64 -72 
2016-05-19 22:51:22.837101 -63 -65 -74 -64 -73 
2016-05-19 22:51:23.000122 -63 -74 -76 -65 -72 
2016-05-19 22:51:23.103139 -63 -68 -71 -63 -72 
2016-05-19 22:51:23.378175 -64 -67 -64 -66 -68 
2016-05-19 22:51:23.589196 -66 -67 -69 -61 -64 
2016-05-19 22:51:23.691212 -60 -67 -75 -65 -63 
2016-05-19 22:51:23.837235 -63 -58 -68 -68 -69 
2016-05-19 22:51:23.943248 -58 -80 -68 -65 -62 
2016-05-19 22:51:24.088268 -63 -54 -66 -61 -59 
2016-05-19 22:51:24.259284 -58 -58 -61 -73 -61 
2016-05-19 22:51:24.437321 -62 -65 -67 -65 -67 
2016-05-19 22:51:24.751358 -64 -61 -75 -63 -69 
2016-05-19 22:51:24.860372 -63 -65 -76 -66 -64 
2016-05-19 22:51:24.969518 -61 -67 -69 -71 -69 
2016-05-19 22:51:25.154407 -64 -63 -70 -66 -72 
2016-05-19 22:51:25.242422 -65 -74 -69 -73 -63 
2016-05-19 22:51:25.346436 -60 -59 -64 -70 -68 
2016-05-19 22:51:25.451449 -63 -54 -70 -67 -73 
2016-05-19 22:51:25.559460 -61 -58 -66 -63 -67 
2016-05-19 22:51:25.662477 -61 -54 -70 -75 -77 
2016-05-19 22:51:25.880506 -62 -60 -71 -64 -62 
2016-05-19 22:51:26.073661 -62 -63 -69 -65 -66 
2016-05-19 22:51:26.328568 -66 -75 -77 -62 -63 
2016-05-19 22:51:26.515588 -64 -76 -68 -62 -63 
2016-05-19 22:51:26.622602 -63 -64 -69 -68 -78 
2016-05-19 22:51:26.813625 -73 -63 -67 -65 -60 
2016-05-19 22:51:26.936636 -66 -61 -66 -70 -70 
2016-05-19 22:51:27.035649 -75 -63 -65 -63 -60 
2016-05-19 22:51:27.138666 -62 -59 -75 -59 -71 
2016-05-19 22:51:27.453708 -67 -61 -65 -61 -72 
2016-05-19 22:51:27.661731 -65 -59 -63 -63 -69 
2016-05-19 22:51:27.762744 -68 -59 -69 -78 -71 
2016-05-19 22:51:27.870758 -59 -69 -73 -62 -65 
2016-05-19 22:51:28.074782 -67 -60 -68 -61 -68 
2016-05-19 22:51:28.177927 -65 -67 -74 -82 -62 
2016-05-19 22:51:28.388830 -64 -64 -65 -65 -69 
2016-05-19 22:51:28.490839 -65 -64 -69 -63 -72 
2016-05-19 22:51:28.693870 -65 -57 -71 -59 -70 
2016-05-19 22:51:28.862888 -61 -59 -63 -61 -72 
2016-05-19 22:51:29.167927 -64 -69 -67 -60 -72 
2016-05-19 22:51:29.270941 -64 -55 -65 -63 -73 
2016-05-19 22:51:29.482097 -59 -56 -70 -61 -75 
2016-05-19 22:51:29.585984 -66 -62 -62 -62 -70 
2016-05-19 22:51:29.751004 -65 -59 -64 -60 -80 
2016-05-19 22:51:29.857022 -66 -54 -68 -62 -73 
2016-05-19 22:51:29.961031 -65 -58 -63 -58 -84 
2016-05-19 22:51:30.171059 -61 -57 -65 -58 -72 
2016-05-19 22:51:30.427099 -64 -64 -66 -57 -69 
2016-05-19 22:51:30.535103 -59 -67 -72 -61 -72 
2016-05-19 22:51:30.640116 -64 -63 -67 -57 -67 
2016-05-19 22:51:30.745131 -63 -62 -73 -60 -72 
2016-05-19 22:51:30.851147 -63 -63 -68 -57 -66 
2016-05-19 22:51:30.955158 -63 -71 -62 -58 -68 
2016-05-19 22:51:31.163188 -68 -58 -68 -62 -69 
2016-05-19 22:51:31.373215 -60 -67 -65 -60 -78 
2016-05-19 22:51:31.565238 -59 -68 -78 -54 -63 
2016-05-19 22:51:31.728262 -60 -66 -78 -59 -64 
2016-05-19 22:51:31.830272 -63 -59 -76 -71 -78 
2016-05-19 22:51:31.943290 -59 -68 -69 -57 -66 
2016-05-19 22:51:32.049308 -75 -57 -67 -64 -67 
2016-05-19 22:51:32.150314 -63 -60 -62 -62 -65 
2016-05-19 22:51:32.251330 -65 -70 -71 -67 -67 
2016-05-19 22:51:32.360342 -64 -82 -74 -64 -59 
2016-05-19 22:51:32.668384 -60 -63 -68 -63 -60 
2016-05-19 22:51:32.778528 -62 -69 -69 -68 -66 
2016-05-19 22:51:33.087440 -61 -65 -70 -65 -61 
2016-05-19 22:51:33.258591 -58 -69 -70 -60 -71 
2016-05-19 22:51:33.360472 -57 -65 -71 -65 -87 
2016-05-19 22:51:33.458616 -54 -69 -66 -64 -68 
2016-05-19 22:51:33.561501 -68 -64 -82 -60 -73 
2016-05-19 22:51:33.669519 -60 -64 -64 -61 -64 
2016-05-19 22:51:33.778659 -65 -66 -69 -67 -68 
2016-05-19 22:51:33.899549 -59 -74 -68 -68 -66 
2016-05-19 22:51:34.108573 -58 -75 -65 -58 -64 
2016-05-19 22:51:34.306727 -58 -66 -71 -56 -69 
2016-05-19 22:51:34.408619 -60 -74 -70 -63 -67 
2016-05-19 22:51:34.618776 -67 -62 -70 -55 -62 
2016-05-19 22:51:34.724665 -65 -67 -67 -58 -64 
2016-05-19 22:51:34.848678 -68 -67 -61 -64 -59 
2016-05-19 22:51:35.172719 -64 -66 -64 -59 -63 
2016-05-19 22:51:35.277733 -60 -68 -58 -87 -59 
2016-05-19 22:51:35.500759 -64 -65 -68 -63 -63 
2016-05-19 22:51:35.709794 -62 -68 -63 -61 -59 
2016-05-19 22:51:35.900811 -65 -60 -66 -54 -57 
2016-05-19 22:51:36.114976 -68 -74 -66 -65 -58 
2016-05-19 22:51:36.222856 -68 -76 -59 -63 -54 
2016-05-19 22:51:36.329875 -61 -59 -62 -69 -59 
2016-05-19 22:51:36.433883 -63 -62 -64 -66 -57 
2016-05-19 22:51:36.561900 -60 -69 -62 -65 -60 
2016-05-19 22:51:36.765924 -59 -70 -66 -63 -58 
2016-05-19 22:51:36.971954 -61 -60 -65 -62 -59 
2016-05-19 22:51:37.079973 -59 -69 -63 -64 -61 
2016-05-19 22:51:37.267002 -64 -70 -62 -54 -62 
2016-05-19 22:51:37.370011 -65 -61 -62 -63 -61 
2016-05-19 22:51:37.610042 -68 -84 -62 -61 -59 
2016-05-19 22:51:37.818066 -65 -73 -63 -62 -60 
2016-05-19 22:51:37.922078 -63 -59 -62 -65 -61 
2016-05-19 22:51:38.028094 -66 -68 -62 -59 -56 
2016-05-19 22:51:38.310137 -64 -63 -62 -65 -59 
2016-05-19 22:51:38.448148 -61 -65 -59 -62 -59 
2016-05-19 22:51:38.554160 -67 -59 -63 -66 -57 
2016-05-19 22:51:38.842198 -63 -68 -62 -63 -61 
2016-05-19 22:51:38.948212 -62 -68 -64 -62 -62 
2016-05-19 22:51:39.114234 -63 -64 -64 -72 -58 
2016-05-19 22:51:39.213247 -75 -63 -63 -64 -55 
2016-05-19 22:51:39.312261 -64 -62 -66 -71 -63 
2016-05-19 22:51:39.419404 -74 -63 -65 -68 -57 
2016-05-19 22:51:39.523417 -64 -61 -65 -75 -63 
2016-05-19 22:51:39.634302 -65 -64 -64 -69 -56 
2016-05-19 22:51:39.742317 -64 -62 -66 -62 -61 
2016-05-19 22:51:39.998349 -71 -65 -64 -75 -63 
2016-05-19 22:51:40.105368 -66 -61 -64 -72 -66 
2016-05-19 22:51:40.313391 -69 -62 -64 -72 -61 
2016-05-19 22:51:40.420409 -67 -62 -67 -74 -58 
2016-05-19 22:51:40.530424 -66 -61 -65 -76 -61 
2016-05-19 22:51:40.638434 -68 -60 -70 -77 -57 
2016-05-19 22:51:40.739576 -65 -61 -64 -75 -63 
2016-05-19 22:51:40.906465 -68 -63 -66 -78 -63 
2016-05-19 22:51:41.054487 -65 -61 -69 -76 -63 
2016-05-19 22:51:41.375535 -69 -59 -64 -72 -59 
2016-05-19 22:51:41.688571 -71 -59 -64 -69 -58 
2016-05-19 22:51:41.898598 -68 -60 -67 -72 -60 
2016-05-19 22:51:42.216636 -67 -60 -68 -71 -61 
2016-05-19 22:51:42.324653 -71 -60 -63 -61 -58 
2016-05-19 22:51:42.525685 -67 -61 -66 -85 -59 
2016-05-19 22:51:42.633694 -66 -58 -69 -59 -59 
2016-05-19 22:51:42.794714 -62 -61 -62 -70 -59 
2016-05-19 22:51:42.899858 -71 -59 -64 -71 -59 
2016-05-19 22:51:43.320788 -69 -60 -63 -66 -61 
2016-05-19 22:51:43.455806 -66 -62 -63 -76 -59 
2016-05-19 22:51:43.559814 -60 -60 -64 -72 -57 
2016-05-19 22:51:43.723966 -65 -60 -64 -75 -62 
2016-05-19 22:51:43.972868 -69 -61 -63 -77 -60 
2016-05-19 22:51:44.149892 -70 -63 -65 -76 -63 
2016-05-19 22:51:44.340921 -62 -60 -64 -74 -58 
2016-05-19 22:51:44.441927 -60 -61 -76 -57 -62 
2016-05-19 22:51:44.548944 -64 -62 -64 -65 -58 
2016-05-19 22:51:44.652958 -63 -56 -65 -66 -59 
2016-05-19 22:51:44.764102 -62 -76 -59 -61 -58 
2016-05-19 22:51:44.862984 -62 -65 -58 -62 -61 
2016-05-19 22:51:45.083014 -62 -68 -56 -61 -59 
2016-05-19 22:51:45.188157 -59 -61 -69 -56 -61 
2016-05-19 22:51:45.300171 -64 -64 -66 -66 -65 
2016-05-19 22:51:45.408057 -58 -64 -60 -58 -63 
2016-05-19 22:51:45.515071 -61 -64 -61 -69 -75 
2016-05-19 22:51:45.709095 -60 -65 -59 -58 -72 
2016-05-19 22:51:45.893119 -58 -65 -57 -66 -62 
2016-05-19 22:51:46.097143 -59 -70 -61 -66 -66 
2016-05-19 22:51:46.241171 -60 -66 -59 -62 -62 
2016-05-19 22:51:46.353180 -64 -67 -62 -61 -61 
2016-05-19 22:51:46.458194 -53 -72 -60 -61 -61 
2016-05-19 22:51:46.595210 -57 -63 -61 -62 -59 
2016-05-19 22:51:46.810239 -56 -82 -61 -71 -58 
2016-05-19 22:51:46.912249 -57 -66 -62 -71 -74 
2016-05-19 22:51:47.019266 -60 -59 -63 -72 -55 
2016-05-19 22:51:47.176292 -63 -65 -60 -62 -73 
2016-05-19 22:51:47.281306 -66 -65 -73 -59 -60 
2016-05-19 22:51:47.450323 -74 -64 -63 -68 -70 
2016-05-19 22:51:47.655350 -62 -68 -60 -61 -69 
2016-05-19 22:51:47.930385 -60 -63 -61 -68 -65 
2016-05-19 22:51:48.138413 -63 -64 -64 -66 -65 
2016-05-19 22:51:48.316566 -57 -57 -64 -66 -67 
2016-05-19 22:51:48.918515 -60 -64 -64 -67 -67 
2016-05-19 22:51:49.024528 -60 -68 -66 -76 -66 
2016-05-19 22:51:49.177546 -63 -69 -63 -63 -72 
2016-05-19 22:51:49.286568 -58 -81 -70 -72 -64 
2016-05-19 22:51:49.387577 -60 -78 -65 -63 -69 
2016-05-19 22:51:49.497580 -60 -65 -75 -70 -66 
2016-05-19 22:51:49.698609 -62 -74 -62 -64 -68 
2016-05-19 22:51:49.806626 -65 -65 -63 -76 -68 
2016-05-19 22:51:49.910636 -75 -70 -62 -64 -71 
2016-05-19 22:51:50.013650 -66 -66 -60 -68 -68 
2016-05-19 22:51:50.119664 -63 -70 -63 -73 -64 
2016-05-19 22:51:50.224678 -79 -68 -65 -76 -60 
2016-05-19 22:51:50.334692 -60 -71 -68 -64 -62 
2016-05-19 22:51:50.442704 -60 -65 -62 -72 -59 
2016-05-19 22:51:50.554721 -60 -65 -64 -67 -58 
2016-05-19 22:51:50.660864 -61 -67 -62 -78 -59 
2016-05-19 22:51:50.868892 -63 -68 -64 -77 -58 
2016-05-19 22:51:51.052915 -62 -72 -61 -80 -58 
2016-05-19 22:51:51.161804 -60 -77 -65 -84 -64 
2016-05-19 22:51:51.266817 -61 -73 -63 -78 -61 
2016-05-19 22:51:51.389830 -61 -76 -67 -66 -61 
2016-05-19 22:51:51.495844 -58 -73 -64 -74 -58 
2016-05-19 22:51:51.604987 -59 -67 -65 -64 -61 
2016-05-19 22:51:51.710872 -60 -69 -67 -89 -57 
2016-05-19 22:51:51.815885 -58 -66 -64 -66 -67 
2016-05-19 22:51:51.952901 -63 -77 -61 -66 -56 
2016-05-19 22:51:52.097919 -59 -72 -60 -76 -60 
2016-05-19 22:51:52.206940 -62 -64 -61 -77 -57 
2016-05-19 22:51:52.393962 -62 -66 -61 -72 -63 
2016-05-19 22:51:52.477970 -64 -61 -65 -65 -61 
2016-05-19 22:51:52.585987 -62 -66 -62 -78 -66 
2016-05-19 22:51:52.753005 -61 -64 -61 -73 -74 
2016-05-19 22:51:52.964036 -60 -66 -62 -80 -69 
2016-05-19 22:51:53.314081 -63 -63 -62 -69 -61 
2016-05-19 22:51:53.447103 -62 -70 -63 -65 -67 
2016-05-19 22:51:53.556113 -66 -69 -61 -74 -60 
2016-05-19 22:51:53.694131 -65 -71 -61 -81 -61 
2016-05-19 22:51:53.797273 -60 -68 -66 -64 -60 
2016-05-19 22:51:53.907163 -61 -64 -62 -81 -59 
2016-05-19 22:51:54.009173 -60 -68 -65 -64 -65 
2016-05-19 22:51:54.120187 -59 -68 -62 -80 -58 
2016-05-19 22:51:54.218197 -61 -70 -65 -83 -60 
2016-05-19 22:51:54.325342 -59 -67 -61 -74 -57 
2016-05-19 22:51:54.529240 -62 -63 -63 -68 -59 
2016-05-19 22:51:54.742271 -58 -65 -61 -67 -57 
2016-05-19 22:51:54.888284 -66 -65 -64 -61 -61 
2016-05-19 22:51:54.993298 -59 -68 -59 -81 -59 
2016-05-19 22:51:55.096314 -59 -65 -64 -61 -65 
2016-05-19 22:51:55.242337 -65 -68 -63 -64 -61 
2016-05-19 22:51:55.373479 -67 -66 -59 -74 -63 
2016-05-19 22:51:55.476363 -63 -66 -63 -68 -60 
2016-05-19 22:51:55.652390 -68 -65 -61 -70 -61 
2016-05-19 22:51:55.993429 -61 -64 -66 -70 -61 
2016-05-19 22:51:56.179456 -59 -63 -61 -64 -63 
2016-05-19 22:51:56.395485 -64 -65 -65 -73 -60 
2016-05-19 22:51:56.501627 -66 -61 -66 -67 -62 
2016-05-19 22:51:56.672524 -70 -71 -66 -70 -61 
2016-05-19 22:51:56.776534 -66 -66 -63 -70 -63 
2016-05-19 22:51:57.021694 -71 -64 -65 -75 -63 
2016-05-19 22:51:57.245724 -65 -59 -67 -69 -58 
2016-05-19 22:51:57.454622 -76 -66 -66 -74 -64 
2016-05-19 22:51:57.672654 -72 -63 -66 -76 -62 
2016-05-19 22:51:57.778697 -67 -65 -63 -68 -62 
2016-05-19 22:51:57.882681 -69 -68 -67 -69 -64 
2016-05-19 22:51:57.983688 -72 -61 -68 -72 -62 
2016-05-19 22:51:58.090705 -77 -67 -65 -65 -63 
2016-05-19 22:51:58.197851 -69 -72 -69 -72 -58 
2016-05-19 22:51:58.402750 -77 -64 -65 -69 -57 
2016-05-19 22:51:58.517766 -63 -65 -70 -68 -62 
2016-05-19 22:51:58.832806 -67 -67 -65 -69 -55 
2016-05-19 22:51:59.024827 -66 -58 -57 -70 -63 
2016-05-19 22:51:59.140842 -61 -69 -65 -72 -59 
2016-05-19 22:51:59.462021 -61 -64 -68 -66 -61 
2016-05-19 22:51:59.658915 -61 -66 -72 -75 -58 
2016-05-19 22:51:59.873943 -63 -65 -65 -67 -59 
2016-05-19 22:52:00.086103 -61 -63 -62 -62 -65 
2016-05-19 22:52:00.365009 -63 -73 -68 -70 -64 
2016-05-19 22:52:00.472024 -66 -74 -68 -58 -67 
2016-05-19 22:52:00.706055 -60 -70 -71 -60 -69 
2016-05-19 22:52:00.828075 -65 -73 -62 -70 -75 
2016-05-19 22:52:00.936084 -59 -59 -71 -59 -60 
2016-05-19 22:52:01.040099 -63 -63 -68 -62 -62 
2016-05-19 22:52:01.142240 -56 -61 -82 -63 -60 
2016-05-19 22:52:01.341137 -56 -70 -69 -67 -66 
2016-05-19 22:52:01.547169 -56 -63 -66 -67 -65 
2016-05-19 22:52:01.756191 -57 -74 -73 -70 -70 
2016-05-19 22:52:01.955210 -66 -70 -64 -67 -66 
2016-05-19 22:52:02.073229 -66 -79 -61 -77 -73 
2016-05-19 22:52:02.287253 -63 -69 -66 -73 -64 
2016-05-19 22:52:02.396267 -61 -63 -65 -60 -65 
2016-05-19 22:52:02.606296 -59 -62 -74 -62 -62 
2016-05-19 22:52:02.709306 -63 -63 -66 -62 -59 
2016-05-19 22:52:02.810322 -61 -59 -70 -71 -61 
2016-05-19 22:52:02.912335 -57 -63 -66 -71 -66 
2016-05-19 22:52:03.013352 -61 -70 -68 -67 -55 
2016-05-19 22:52:03.227376 -64 -69 -72 -64 -59 
2016-05-19 22:52:03.331390 -64 -58 -81 -65 -59 
2016-05-19 22:52:03.433407 -74 -61 -66 -62 -59 
2016-05-19 22:52:03.543421 -60 -67 -69 -62 -58 
2016-05-19 22:52:03.643434 -64 -64 -61 -71 -57 
2016-05-19 22:52:03.844454 -66 -64 -66 -69 -60 
2016-05-19 22:52:04.075488 -62 -63 -65 -69 -64 
2016-05-19 22:52:04.180500 -64 -61 -72 -62 -58 
2016-05-19 22:52:04.290515 -64 -66 -59 -75 -66 
2016-05-19 22:52:04.486678 -65 -65 -70 -67 -61 
2016-05-19 22:52:04.595563 -67 -62 -66 -68 -70 
2016-05-19 22:52:04.991614 -67 -76 -71 -70 -62 
2016-05-19 22:52:05.132632 -66 -61 -70 -69 -65 
2016-05-19 22:52:05.417669 -61 -67 -62 -69 -61 
2016-05-19 22:52:05.635698 -61 -62 -64 -84 -60 
2016-05-19 22:52:05.848731 -62 -66 -68 -75 -61 
2016-05-19 22:52:06.048757 -61 -67 -65 -66 -60 
2016-05-19 22:52:06.262909 -58 -72 -68 -65 -57 
2016-05-19 22:52:06.370794 -65 -70 -72 -71 -56 
2016-05-19 22:52:06.474804 -65 -62 -71 -69 -58 
2016-05-19 22:52:06.589819 -62 -65 -67 -63 -57 
2016-05-19 22:52:06.693841 -66 -65 -74 -73 -59 
2016-05-19 22:52:06.799847 -69 -79 -68 -61 -54 
2016-05-19 22:52:06.900863 -74 -63 -63 -71 -57 
2016-05-19 22:52:07.105890 -70 -64 -66 -63 -58 
2016-05-19 22:52:07.319047 -67 -66 -61 -64 -58 
2016-05-19 22:52:07.417931 -73 -65 -61 -71 -59 
2016-05-19 22:52:07.525946 -69 -65 -72 -62 -57 
2016-05-19 22:52:07.731972 -65 -65 -65 -63 -58 
2016-05-19 22:52:07.839116 -69 -66 -60 -68 -62 
2016-05-19 22:52:07.966002 -65 -63 -63 -64 -63 
2016-05-19 22:52:08.181030 -63 -67 -60 -69 -61 
2016-05-19 22:52:08.387058 -62 -62 -62 -68 -59 
2016-05-19 22:52:08.597085 -64 -64 -61 -70 -58 
2016-05-19 22:52:08.793111 -60 -66 -61 -68 -56 
2016-05-19 22:52:08.898124 -68 -68 -60 -66 -57 
2016-05-19 22:52:09.014144 -60 -66 -61 -71 -60 
2016-05-19 22:52:09.112152 -66 -64 -61 -66 -58 
2016-05-19 22:52:09.315175 -62 -65 -66 -68 -60 
2016-05-19 22:52:09.422193 -66 -67 -60 -65 -58 
2016-05-19 22:52:09.535339 -60 -64 -61 -67 -58 
2016-05-19 22:52:09.737238 -65 -66 -71 -69 -58 
2016-05-19 22:52:09.843247 -65 -67 -61 -75 -56 
2016-05-19 22:52:10.058276 -68 -66 -61 -70 -54 
2016-05-19 22:52:10.162289 -68 -68 -61 -69 -59 
2016-05-19 22:52:10.368328 -68 -66 -67 -68 -57 
2016-05-19 22:52:10.479461 -66 -65 -71 -65 -56 
2016-05-19 22:52:10.587344 -66 -66 -62 -72 -59 
2016-05-19 22:52:10.888384 -62 -65 -71 -67 -57 
2016-05-19 22:52:11.099416 -62 -67 -62 -67 -57 
2016-05-19 22:52:11.208425 -60 -67 -61 -68 -56 
2016-05-19 22:52:11.423585 -65 -67 -63 -70 -58 
2016-05-19 22:52:11.599607 -62 -63 -61 -70 -58 
2016-05-19 22:52:11.801504 -71 -65 -63 -68 -58 
2016-05-19 22:52:11.931520 -65 -63 -75 -64 -58 
2016-05-19 22:52:12.036534 -64 -68 -61 -68 -59 
2016-05-19 22:52:12.155546 -76 -61 -62 -69 -58 
2016-05-19 22:52:12.363577 -71 -66 -65 -72 -56 
2016-05-19 22:52:12.531599 -68 -68 -63 -62 -58 
2016-05-19 22:52:12.635609 -82 -62 -68 -75 -55 
2016-05-19 22:52:12.892647 -68 -67 -62 -63 -56 
2016-05-19 22:52:13.092672 -75 -64 -60 -69 -56 
2016-05-19 22:52:13.379715 -65 -72 -66 -71 -57 
2016-05-19 22:52:13.591867 -62 -69 -71 -66 -58 
2016-05-19 22:52:13.816767 -64 -75 -68 -79 -58 
2016-05-19 22:52:14.028794 -60 -72 -67 -68 -66 
2016-05-19 22:52:14.214823 -61 -72 -66 -70 -67 
2016-05-19 22:52:14.422846 -65 -67 -69 -77 -62 
2016-05-19 22:52:14.626873 -57 -68 -65 -69 -60 
2016-05-19 22:52:14.778892 -64 -66 -65 -69 -58 
2016-05-19 22:52:14.942914 -70 -64 -68 -65 -80 
2016-05-19 22:52:15.075928 -64 -67 -65 -72 -56 
2016-05-19 22:52:15.184075 -59 -64 -70 -66 -61 
2016-05-19 22:52:15.286958 -66 -68 -70 -69 -58 
2016-05-19 22:52:15.394977 -59 -65 -67 -84 -66 
2016-05-19 22:52:15.722015 -61 -85 -71 -68 -61 
2016-05-19 22:52:15.977050 -66 -64 -63 -76 -61 
2016-05-19 22:52:16.132070 -62 -65 -64 -64 -58 
2016-05-19 22:52:16.251081 -68 -67 -69 -61 -61 
2016-05-19 22:52:16.457122 -64 -74 -65 -67 -66 
2016-05-19 22:52:16.622133 -63 -66 -66 -70 -63 
2016-05-19 22:52:16.888297 -66 -62 -78 -67 -67 
2016-05-19 22:52:16.989181 -57 -63 -68 -76 -71 
2016-05-19 22:52:17.192338 -64 -64 -74 -70 -64 
2016-05-19 22:52:17.335231 -70 -65 -69 -81 -62 
2016-05-19 22:52:17.642266 -69 -63 -75 -67 -64 
2016-05-19 22:52:17.855299 -65 -64 -66 -77 -60 
2016-05-19 22:52:17.963308 -65 -74 -63 -76 -62 
2016-05-19 22:52:18.142331 -60 -67 -64 -68 -63 
2016-05-19 22:52:18.245350 -56 -65 -73 -85 -73 
2016-05-19 22:52:18.349358 -70 -65 -63 -63 -60 
2016-05-19 22:52:18.550389 -59 -68 -79 -81 -65 
2016-05-19 22:52:18.659399 -55 -67 -80 -72 -60 
2016-05-19 22:52:18.763412 -62 -63 -72 -71 -61 
2016-05-19 22:52:18.961435 -70 -66 -75 -70 -60 
2016-05-19 22:52:19.064582 -68 -60 -73 -72 -62 
2016-05-19 22:52:19.169465 -63 -65 -69 -81 -60 
2016-05-19 22:52:19.281477 -52 -72 -65 -65 -61 
2016-05-19 22:52:19.385498 -79 -67 -74 -72 -58 
2016-05-19 22:52:19.582521 -62 -62 -74 -64 -59 
2016-05-19 22:52:19.685538 -63 -69 -71 -60 -63 
2016-05-19 22:52:19.822551 -55 -63 -79 -65 -61 
2016-05-19 22:52:20.108588 -61 -67 -76 -70 -61 
2016-05-19 22:52:20.236602 -54 -66 -82 -60 -60 
2016-05-19 22:52:20.343619 -68 -71 -64 -79 -65 
2016-05-19 22:52:20.443632 -54 -69 -77 -69 -62 
2016-05-19 22:52:20.719668 -67 -64 -79 -65 -60 
2016-05-19 22:52:20.824817 -53 -66 -69 -84 -66 
2016-05-19 22:52:20.959700 -63 -67 -69 -59 -62 
2016-05-19 22:52:21.173728 -62 -69 -67 -72 -62 
2016-05-19 22:52:21.384886 -64 -66 -80 -62 -62 
2016-05-19 22:52:21.558779 -69 -64 -73 -68 -64 
2016-05-19 22:52:21.661781 -64 -66 -80 -65 -59 
2016-05-19 22:52:21.763799 -71 -67 -73 -60 -62 
2016-05-19 22:52:22.008959 -60 -66 -65 -60 -62 
2016-05-19 22:52:22.110846 -66 -67 -79 -77 -63 
2016-05-19 22:52:22.217856 -68 -68 -66 -60 -63 
2016-05-19 22:52:22.337874 -53 -66 -78 -58 -63 
2016-05-19 22:52:22.546897 -59 -64 -68 -61 -63 
2016-05-19 22:52:22.654914 -66 -71 -65 -67 -56 
2016-05-19 22:52:22.823935 -65 -63 -68 -59 -61 
2016-05-19 22:52:22.865944 -52 -64 -73 -68 -57 
2016-05-19 22:52:22.969955 -69 -65 -68 -60 -61 
2016-05-19 22:52:23.074968 -52 -65 -68 -69 -75 
2016-05-19 22:52:23.177982 -72 -67 -66 -60 -60 
2016-05-19 22:52:23.360006 -63 -65 -68 -77 -59 
2016-05-19 22:52:23.466023 -69 -65 -66 -69 -60 
2016-05-19 22:52:23.575034 -53 -65 -72 -75 -66 
2016-05-19 22:52:23.675047 -70 -65 -68 -70 -59 
2016-05-19 22:52:23.908079 -66 -64 -71 -63 -60 
2016-05-19 22:52:24.013091 -53 -63 -66 -68 -59 
2016-05-19 22:52:24.119105 -68 -64 -71 -75 -66 
2016-05-19 22:52:24.226123 -64 -67 -68 -70 -63 
2016-05-19 22:52:24.418151 -54 -65 -71 -68 -68 
2016-05-19 22:52:24.518165 -66 -64 -66 -69 -71 
2016-05-19 22:52:24.639180 -53 -67 -68 -69 -64 
2016-05-19 22:52:24.747196 -67 -64 -68 -86 -58 
2016-05-19 22:52:24.936224 -67 -64 -65 -66 -65 
2016-05-19 22:52:25.145376 -54 -63 -68 -77 -60 
2016-05-19 22:52:25.253260 -64 -67 -74 -90 -66 
2016-05-19 22:52:25.360274 -65 -63 -64 -66 -60 
2016-05-19 22:52:25.475289 -64 -61 -75 -64 -60 
2016-05-19 22:52:25.577435 -54 -61 -63 -59 -61 
2016-05-19 22:52:25.783330 -59 -61 -70 -63 -65 
2016-05-19 22:52:25.996362 -58 -69 -68 -58 -61 
2016-05-19 22:52:26.103371 -64 -65 -71 -69 -59 
2016-05-19 22:52:26.202381 -59 -65 -66 -65 -63 
2016-05-19 22:52:26.392406 -66 -66 -67 -75 -72 
2016-05-19 22:52:26.602434 -57 -64 -69 -65 -62 
2016-05-19 22:52:26.709450 -77 -63 -79 -63 -68 
2016-05-19 22:52:26.814464 -74 -76 -67 -59 -63 
2016-05-19 22:52:27.162506 -65 -74 -71 -62 -68 
2016-05-19 22:52:27.264523 -61 -72 -67 -79 -71 
2016-05-19 22:52:27.368537 -61 -67 -70 -68 -57 
2016-05-19 22:52:27.479551 -60 -73 -70 -63 -65 
2016-05-19 22:52:27.663575 -60 -87 -65 -66 -58 
2016-05-19 22:52:27.771594 -65 -66 -64 -68 -65 
2016-05-19 22:52:27.977613 -58 -64 -68 -72 -53 
2016-05-19 22:52:28.085630 -64 -72 -62 -64 -59 
2016-05-19 22:52:28.284656 -58 -77 -69 -66 -58 
2016-05-19 22:52:28.398672 -58 -59 -67 -70 -60 
2016-05-19 22:52:28.541695 -63 -71 -71 -71 -68 
2016-05-19 22:52:28.650703 -59 -64 -70 -65 -60 
2016-05-19 22:52:28.822724 -71 -74 -71 -65 -67 
2016-05-19 22:52:28.928741 -65 -71 -69 -66 -59 
2016-05-19 22:52:29.036760 -60 -74 -63 -70 -63 
2016-05-19 22:52:29.139768 -60 -75 -71 -70 -54 
2016-05-19 22:52:29.341799 -61 -73 -65 -77 -62 
2016-05-19 22:52:29.461814 -57 -69 -63 -72 -59 
2016-05-19 22:52:29.560823 -62 -66 -63 -69 -70 
2016-05-19 22:52:29.766855 -60 -67 -62 -68 -62 
2016-05-19 22:52:29.974870 -59 -68 -60 -65 -64 
2016-05-19 22:52:30.179896 -64 -65 -65 -76 -75 
2016-05-19 22:52:30.322952 -61 -63 -75 -66 -78 
2016-05-19 22:52:30.504939 -63 -68 -64 -59 -64 
2016-05-19 22:52:30.919993 -61 -68 -63 -66 -69 
2016-05-19 22:52:31.128021 -64 -69 -63 -57 -63 
2016-05-19 22:52:31.236034 -60 -63 -71 -70 -68 
2016-05-19 22:52:31.339048 -62 -63 -63 -67 -75 
2016-05-19 22:52:31.759103 -62 -65 -64 -63 -60 
2016-05-19 22:52:31.966130 -64 -70 -67 -58 -68 
2016-05-19 22:52:32.075144 -59 -81 -66 -74 -63 
2016-05-19 22:52:32.180158 -61 -57 -60 -57 -66 
2016-05-19 22:52:32.388182 -59 -65 -66 -59 -62 
2016-05-19 22:52:32.598210 -63 -68 -67 -65 -64 
2016-05-19 22:52:32.812244 -62 -58 -62 -69 -67 
2016-05-19 22:52:33.122285 -72 -65 -66 -71 -65 
2016-05-19 22:52:33.416319 -59 -75 -64 -66 -65 
2016-05-19 22:52:33.549337 -60 -68 -61 -67 -62 
2016-05-19 22:52:33.757368 -60 -72 -80 -70 -58 
2016-05-19 22:52:33.864378 -65 -71 -65 -73 -62 
2016-05-19 22:52:34.072409 -60 -69 -63 -65 -64 
2016-05-19 22:52:34.273428 -62 -72 -60 -69 -57 
2016-05-19 22:52:34.575479 -62 -68 -61 -72 -67 
2016-05-19 22:52:34.776504 -63 -64 -63 -65 -68 
2016-05-19 22:52:35.014535 -54 -67 -62 -70 -68 
2016-05-19 22:52:35.121549 -60 -62 -59 -64 -66 
2016-05-19 22:52:35.229564 -67 -71 -60 -62 -66 
2016-05-19 22:52:35.339578 -61 -75 -70 -66 -86 
2016-05-19 22:52:35.444591 -62 -75 -63 -66 -63 
2016-05-19 22:52:35.639617 -60 -69 -64 -70 -62 
2016-05-19 22:52:35.745631 -63 -67 -62 -69 -61 
2016-05-19 22:52:35.946787 -59 -80 -61 -65 -71 
2016-05-19 22:52:36.049671 -58 -75 -62 -70 -58 
2016-05-19 22:52:36.165686 -56 -67 -65 -60 -62 
2016-05-19 22:52:36.270700 -61 -70 -62 -74 -61 
2016-05-19 22:52:36.379713 -58 -72 -60 -69 -63 
2016-05-19 22:52:36.552741 -65 -69 -69 -76 -60 
2016-05-19 22:52:36.802891 -62 -72 -62 -65 -75 
2016-05-19 22:52:36.909776 -62 -72 -65 -71 -63 
2016-05-19 22:52:37.020790 -59 -65 -64 -68 -62 
2016-05-19 22:52:37.215816 -61 -68 -63 -67 -65 
2016-05-19 22:52:37.430845 -57 -69 -64 -65 -80 
2016-05-19 22:52:37.538855 -54 -68 -65 -65 -61 
2016-05-19 22:52:38.187071 -54 -66 -66 -77 -67 
2016-05-19 22:52:38.295957 -55 -72 -64 -65 -64 
2016-05-19 22:52:38.399970 -53 -63 -64 -87 -65 
2016-05-19 22:52:38.505984 -57 -65 -63 -71 -65 
2016-05-19 22:52:38.715140 -56 -66 -62 -71 -68 
2016-05-19 22:52:39.006050 -59 -68 -64 -73 -59 
2016-05-19 22:52:39.221077 -58 -67 -65 -75 -59 
2016-05-19 22:52:39.330092 -55 -70 -63 -84 -65 
2016-05-19 22:52:39.532126 -54 -66 -64 -67 -61 
2016-05-19 22:52:39.744150 -55 -65 -67 -68 -73 
2016-05-19 22:52:39.845167 -60 -67 -64 -71 -63 
2016-05-19 22:52:39.955310 -57 -70 -61 -62 -65 
2016-05-19 22:52:40.160208 -59 -73 -64 -66 -73 
2016-05-19 22:52:40.403246 -57 -68 -64 -70 -63 
2016-05-19 22:52:40.523385 -60 -70 -63 -66 -60 
2016-05-19 22:52:40.726281 -55 -72 -63 -69 -61 
2016-05-19 22:52:40.831295 -57 -70 -64 -76 -60 
2016-05-19 22:52:40.937309 -57 -71 -63 -74 -70 
2016-05-19 22:52:41.151337 -55 -65 -64 -71 -63 
2016-05-19 22:52:41.257351 -58 -66 -63 -66 -65 
2016-05-19 22:52:41.367365 -54 -68 -65 -72 -67 
2016-05-19 22:52:41.530386 -52 -68 -67 -66 -68 
2016-05-19 22:52:41.728418 -58 -68 -70 -70 -69 
2016-05-19 22:52:41.831425 -62 -64 -66 -72 -66 
2016-05-19 22:52:41.976445 -66 -72 -69 -75 -62 
2016-05-19 22:52:42.084455 -59 -73 -72 -70 -65 
2016-05-19 22:52:42.290485 -65 -73 -69 -68 -60 
2016-05-19 22:52:42.391499 -56 -70 -65 -67 -55 
2016-05-19 22:52:42.623534 -59 -68 -77 -70 -61 
2016-05-19 22:52:42.703544 -66 -65 -76 -76 -59 
2016-05-19 22:52:42.808558 -58 -80 -66 -68 -54 
2016-05-19 22:52:43.104589 -64 -67 -65 -70 -59 
2016-05-19 22:52:43.209609 -58 -68 -75 -65 -68 
2016-05-19 22:52:43.315750 -67 -81 -63 -70 -69 
2016-05-19 22:52:43.434631 -61 -81 -67 -69 -60 
2016-05-19 22:52:43.542649 -57 -66 -86 -75 -60 
2016-05-19 22:52:43.649660 -57 -77 -70 -79 -65 
2016-05-19 22:52:43.751677 -53 -63 -70 -67 -65 
2016-05-19 22:52:43.853695 -61 -64 -70 -70 -62 
2016-05-19 22:52:43.955834 -57 -63 -67 -72 -69 
2016-05-19 22:52:44.065718 -73 -71 -67 -66 -60 
2016-05-19 22:52:44.179864 -54 -63 -73 -72 -64 
2016-05-19 22:52:44.387905 -58 -66 -67 -71 -60 
2016-05-19 22:52:44.492766 -51 -75 -76 -74 -51 
2016-05-19 22:52:44.765802 -55 -66 -72 -73 -60 
2016-05-19 22:52:44.876817 -69 -69 -73 -66 -54 
2016-05-19 22:52:45.196858 -57 -70 -68 -72 -58 
2016-05-19 22:52:45.316002 -61 -71 -72 -66 -59 
2016-05-19 22:52:45.624911 -54 -74 -73 -71 -68 
2016-05-19 22:52:45.732928 -62 -79 -74 -66 -64 
2016-05-19 22:52:45.837942 -70 -71 -69 -70 -70 
2016-05-19 22:52:45.949954 -59 -69 -69 -68 -59 
2016-05-19 22:52:46.151982 -62 -71 -73 -67 -52 
2016-05-19 22:52:46.260126 -59 -74 -71 -65 -69 
2016-05-19 22:52:46.368012 -60 -70 -78 -71 -55 
2016-05-19 22:52:46.478025 -59 -74 -68 -71 -74 
2016-05-19 22:52:46.587041 -62 -78 -79 -65 -53 
2016-05-19 22:52:46.695051 -58 -73 -80 -69 -62 
2016-05-19 22:52:46.881078 -62 -75 -78 -64 -57 
2016-05-19 22:52:46.991092 -68 -85 -69 -76 -61 
2016-05-19 22:52:47.101107 -58 -74 -85 -70 -64 
2016-05-19 22:52:47.200117 -66 -75 -70 -77 -63 
2016-05-19 22:52:47.307136 -62 -69 -79 -72 -73 
2016-05-19 22:52:47.412276 -63 -77 -73 -71 -76 
2016-05-19 22:52:47.517162 -56 -70 -69 -68 -77 
2016-05-19 22:52:47.615172 -62 -64 -72 -67 -69 
2016-05-19 22:52:47.716316 -56 -74 -68 -63 -63 
2016-05-19 22:52:47.824205 -63 -67 -68 -69 -61 
2016-05-19 22:52:47.925212 -62 -71 -72 -64 -64 
2016-05-19 22:52:48.028356 -70 -67 -76 -68 -69 
2016-05-19 22:52:48.270257 -59 -67 -68 -66 -68 
2016-05-19 22:52:48.482287 -64 -66 -66 -64 -66 
2016-05-19 22:52:48.796457 -64 -70 -66 -65 -60 
2016-05-19 22:52:48.902342 -63 -68 -68 -67 -59 
2016-05-19 22:52:49.068492 -66 -71 -67 -69 -59 
2016-05-19 22:52:49.176378 -65 -67 -67 -64 -74 
2016-05-19 22:52:49.282392 -59 -69 -80 -62 -58 
2016-05-19 22:52:49.399419 -61 -67 -67 -64 -75 
2016-05-19 22:52:49.612572 -61 -70 -72 -64 -60 
2016-05-19 22:52:49.734463 -62 -69 -71 -72 -65 
2016-05-19 22:52:50.149517 -64 -68 -75 -73 -64 
2016-05-19 22:52:50.253525 -58 -75 -70 -71 -68 
2016-05-19 22:52:50.467555 -62 -67 -73 -75 -60 
2016-05-19 22:52:50.574573 -59 -74 -73 -71 -68 
2016-05-19 22:52:50.681582 -63 -67 -73 -68 -70 
2016-05-19 22:52:50.869611 -57 -74 -74 -70 -63 
2016-05-19 22:52:51.397676 -58 -72 -72 -68 -67 
2016-05-19 22:52:51.609707 -59 -65 -81 -68 -62 
2016-05-19 22:52:51.718721 -61 -74 -76 -72 -56 
2016-05-19 22:52:51.927745 -59 -72 -71 -71 -60 
2016-05-19 22:52:52.178777 -60 -65 -79 -69 -58 
2016-05-19 22:52:52.381805 -58 -66 -77 -65 -68 
2016-05-19 22:52:52.488817 -58 -65 -74 -72 -65 
2016-05-19 22:52:52.694849 -60 -66 -67 -71 -68 
2016-05-19 22:52:52.875866 -61 -68 -70 -65 -62 
2016-05-19 22:52:53.087897 -63 -70 -79 -65 -65 
2016-05-19 22:52:53.190906 -60 -76 -67 -65 -66 
2016-05-19 22:52:53.323926 -63 -65 -69 -69 -65 
2016-05-19 22:52:53.394941 -61 -75 -68 -66 -74 
2016-05-19 22:52:53.597963 -61 -72 -77 -65 -68 
2016-05-19 22:52:53.703977 -63 -68 -76 -65 -71 
2016-05-19 22:52:53.807991 -60 -78 -77 -65 -67 
2016-05-19 22:52:53.912004 -62 -61 -73 -67 -65 
2016-05-19 22:52:54.117161 -60 -72 -74 -73 -66 
2016-05-19 22:52:54.219043 -59 -78 -76 -74 -71 
2016-05-19 22:52:54.377116 -70 -64 -74 -65 -67 
2016-05-19 22:52:54.642092 -61 -70 -80 -72 -65 
2016-05-19 22:52:54.747113 -58 -63 -74 -83 -66 
2016-05-19 22:52:54.848118 -57 -75 -78 -69 -69 
2016-05-19 22:52:54.952132 -59 -62 -71 -77 -63 
2016-05-19 22:52:55.056143 -66 -72 -80 -66 -72 
2016-05-19 22:52:55.218167 -57 -72 -66 -70 -69 
2016-05-19 22:52:55.432196 -60 -66 -71 -74 -62 
2016-05-19 22:52:55.639222 -70 -68 -70 -66 -66 
2016-05-19 22:52:55.792242 -63 -75 -67 -72 -67 
2016-05-19 22:52:56.107284 -74 -70 -74 -69 -67 
2016-05-19 22:52:56.314310 -61 -68 -66 -65 -66 
2016-05-19 22:52:56.420328 -61 -63 -69 -68 -64 
2016-05-19 22:52:56.527338 -61 -65 -74 -65 -65 
2016-05-19 22:52:56.817381 -62 -68 -76 -68 -64 
2016-05-19 22:52:56.927398 -63 -70 -76 -69 -66 
2016-05-19 22:52:57.034404 -60 -66 -74 -67 -66 
2016-05-19 22:52:57.143419 -71 -71 -67 -71 -67 
2016-05-19 22:52:57.245561 -71 -63 -74 -65 -66 
2016-05-19 22:52:57.359451 -67 -69 -67 -77 -61 
2016-05-19 22:52:57.669489 -63 -65 -74 -63 -62 
2016-05-19 22:52:57.854511 -60 -65 -62 -68 -69 
2016-05-19 22:52:57.976524 -59 -68 -65 -78 -65 
2016-05-19 22:52:58.081538 -65 -67 -69 -66 -62 
2016-05-19 22:52:58.291565 -65 -67 -72 -67 -60 
2016-05-19 22:52:58.490599 -66 -64 -75 -75 -67 
2016-05-19 22:52:58.597738 -62 -63 -67 -70 -65 
2016-05-19 22:52:58.815640 -59 -62 -75 -69 -68 
2016-05-19 22:52:58.924651 -60 -64 -67 -67 -71 
2016-05-19 22:52:59.337717 -66 -59 -75 -61 -57 
2016-05-19 22:52:59.644752 -62 -61 -71 -69 -62 
2016-05-19 22:52:59.834778 -65 -61 -81 -64 -66 
2016-05-19 22:53:00.041801 -63 -65 -69 -67 -59 
2016-05-19 22:53:00.189953 -68 -58 -76 -64 -63 
2016-05-19 22:53:00.384849 -61 -66 -74 -69 -57 
2016-05-19 22:53:00.584875 -73 -61 -68 -67 -62 
2016-05-19 22:53:00.712892 -67 -58 -74 -66 -53 
2016-05-19 22:53:01.022948 -65 -64 -71 -71 -63 
2016-05-19 22:53:01.124946 -81 -61 -70 -69 -55 
2016-05-19 22:53:01.230089 -63 -70 -84 -72 -60 
2016-05-19 22:53:01.419984 -80 -64 -72 -66 -62 
2016-05-19 22:53:01.527006 -68 -67 -62 -65 -55 
2016-05-19 22:53:01.629011 -70 -65 -75 -64 -62 
2016-05-19 22:53:01.738026 -69 -61 -63 -63 -55 
2016-05-19 22:53:01.839039 -71 -65 -69 -66 -61 
2016-05-19 22:53:02.028064 -68 -70 -64 -72 -57 
2016-05-19 22:53:02.362104 -65 -68 -67 -68 -60 
2016-05-19 22:53:02.465120 -71 -65 -62 -70 -57 
2016-05-19 22:53:02.659146 -67 -68 -63 -68 -60 
2016-05-19 22:53:02.865173 -67 -64 -66 -64 -62 
2016-05-19 22:53:02.972185 -63 -67 -63 -71 -57 
2016-05-19 22:53:03.075201 -75 -67 -65 -63 -64 
2016-05-19 22:53:03.182346 -63 -67 -65 -63 -55 
2016-05-19 22:53:03.288228 -65 -75 -66 -63 -65 
2016-05-19 22:53:03.495255 -64 -68 -64 -69 -67 
2016-05-19 22:53:03.724285 -66 -65 -65 -64 -59 
2016-05-19 22:53:04.065330 -65 -65 -66 -69 -56 
2016-05-19 22:53:04.245354 -66 -65 -72 -68 -62 
2016-05-19 22:53:04.356374 -67 -74 -64 -63 -54 
2016-05-19 22:53:04.545393 -66 -66 -73 -71 -54 
2016-05-19 22:53:04.671415 -63 -65 -69 -69 -59 
2016-05-19 22:53:04.779424 -63 -68 -77 -63 -60 
2016-05-19 22:53:04.990581 -73 -65 -75 -67 -57 
2016-05-19 22:53:05.280488 -72 -67 -69 -67 -54 
2016-05-19 22:53:05.414508 -69 -63 -71 -63 -72 
2016-05-19 22:53:05.609532 -66 -65 -68 -63 -71 
2016-05-19 22:53:05.717543 -73 -78 -70 -76 -61 
2016-05-19 22:53:05.839561 -70 -64 -68 -63 -80 
2016-05-19 22:53:06.048589 -77 -65 -70 -70 -61 
2016-05-19 22:53:06.156607 -64 -63 -75 -74 -54 
2016-05-19 22:53:06.260616 -83 -62 -72 -63 -65 
2016-05-19 22:53:06.367627 -66 -65 -64 -64 -56 
2016-05-19 22:53:06.527648 -71 -64 -68 -83 -57 
2016-05-19 22:53:06.678801 -63 -63 -68 -66 -54 
2016-05-19 22:53:06.884698 -72 -65 -64 -71 -58 
2016-05-19 22:53:07.005714 -74 -64 -75 -64 -54 
2016-05-19 22:53:07.167733 -64 -66 -68 -65 -52 
2016-05-19 22:53:07.416772 -69 -60 -74 -69 -56 
2016-05-19 22:53:07.604792 -66 -67 -78 -70 -63 
2016-05-19 22:53:07.746816 -66 -62 -64 -66 -60 
2016-05-19 22:53:07.850824 -77 -65 -73 -65 -55 
2016-05-19 22:53:08.058852 -71 -65 -73 -64 -57 
2016-05-19 22:53:08.165865 -65 -64 -70 -66 -68 
2016-05-19 22:53:08.272876 -75 -66 -62 -64 -53 
2016-05-19 22:53:08.376899 -62 -63 -73 -64 -54 
2016-05-19 22:53:08.479909 -68 -64 -74 -65 -53 
2016-05-19 22:53:08.637925 -71 -64 -86 -76 -52 
2016-05-19 22:53:08.889960 -68 -64 -74 -66 -62 
2016-05-19 22:53:09.050981 -65 -65 -69 -66 -54 
2016-05-19 22:53:09.231134 -65 -65 -65 -66 -63 
2016-05-19 22:53:09.381024 -61 -68 -67 -70 -67 
2016-05-19 22:53:09.545049 -68 -63 -68 -66 -59 
2016-05-19 22:53:09.652066 -60 -69 -62 -67 -58 
2016-05-19 22:53:09.858083 -75 -59 -66 -65 -63 
2016-05-19 22:53:09.968098 -62 -62 -64 -69 -79 
2016-05-19 22:53:10.280141 -72 -65 -66 -66 -62 
2016-05-19 22:53:10.397162 -63 -71 -67 -63 -58 
2016-05-19 22:53:10.606184 -66 -67 -72 -68 -60 
2016-05-19 22:53:10.907228 -74 -68 -73 -71 -63 
2016-05-19 22:53:11.297279 -66 -70 -73 -70 -65 
2016-05-19 22:53:11.504302 -63 -63 -77 -63 -62 
2016-05-19 22:53:11.610315 -62 -63 -67 -77 -54 
2016-05-19 22:53:11.747340 -64 -71 -71 -69 -56 
2016-05-19 22:53:11.959483 -67 -66 -70 -68 -59 
2016-05-19 22:53:12.063496 -65 -67 -70 -67 -55 
2016-05-19 22:53:12.165380 -66 -66 -66 -66 -66 
2016-05-19 22:53:12.271523 -73 -65 -72 -67 -57 
2016-05-19 22:53:12.375409 -68 -65 -72 -68 -77 
2016-05-19 22:53:12.479550 -67 -66 -69 -74 -52 
2016-05-19 22:53:12.581434 -69 -72 -74 -64 -58 
2016-05-19 22:53:12.690449 -65 -72 -71 -63 -66 
2016-05-19 22:53:12.795462 -76 -68 -79 -66 -64 
2016-05-19 22:53:12.897480 -62 -83 -73 -71 -63 
2016-05-19 22:53:13.002493 -70 -72 -76 -78 -61 
2016-05-19 22:53:13.110505 -63 -67 -74 -83 -59 
2016-05-19 22:53:13.242525 -72 -68 -73 -68 -67 
2016-05-19 22:53:13.426545 -66 -70 -73 -69 -70 
2016-05-19 22:53:13.557566 -62 -75 -71 -80 -62 
2016-05-19 22:53:13.668574 -87 -72 -72 -79 -75 
2016-05-19 22:53:13.769590 -67 -70 -70 -77 -63 
2016-05-19 22:53:13.870603 -68 -71 -76 -78 -63 
2016-05-19 22:53:13.978614 -65 -69 -72 -67 -62 
2016-05-19 22:53:14.191774 -64 -70 -78 -66 -57 
2016-05-19 22:53:14.325662 -63 -78 -74 -67 -65 
2016-05-19 22:53:14.464681 -74 -75 -72 -68 -62 
2016-05-19 22:53:14.585697 -74 -65 -78 -61 -77 
2016-05-19 22:53:14.782726 -63 -63 -73 -68 -72 
2016-05-19 22:53:14.964748 -70 -65 -72 -67 -64 
2016-05-19 22:53:15.168770 -69 -65 -71 -61 -62 
2016-05-19 22:53:15.344795 -68 -65 -73 -67 -63 
2016-05-19 22:53:15.484815 -66 -65 -70 -81 -61 
2016-05-19 22:53:15.592832 -66 -69 -72 -61 -60 
2016-05-19 22:53:15.655838 -71 -68 -73 -68 -59 
2016-05-19 22:53:15.865863 -68 -69 -71 -71 -57 
2016-05-19 22:53:16.062892 -63 -68 -74 -71 -58 
2016-05-19 22:53:16.280917 -64 -67 -70 -68 -59 
2016-05-19 22:53:16.565956 -62 -74 -74 -70 -57 
2016-05-19 22:53:16.672973 -64 -67 -75 -64 -59 
2016-05-19 22:53:16.754980 -62 -71 -81 -63 -63 
2016-05-19 22:53:16.968137 -63 -78 -76 -71 -62 
2016-05-19 22:53:17.178040 -65 -72 -74 -66 -64 
2016-05-19 22:53:17.394061 -65 -71 -71 -69 -62 
2016-05-19 22:53:17.540083 -67 -69 -78 -76 -63 
2016-05-19 22:53:17.747113 -64 -69 -72 -74 -60 
2016-05-19 22:53:17.853127 -74 -69 -71 -66 -59 
2016-05-19 22:53:18.173169 -67 -68 -77 -73 -64 
2016-05-19 22:53:18.387202 -64 -67 -73 -72 -60 
2016-05-19 22:53:18.495208 -63 -71 -74 -70 -60 
2016-05-19 22:53:18.601221 -62 -64 -74 -65 -63 
2016-05-19 22:53:18.755241 -64 -65 -71 -72 -60 
2016-05-19 22:53:19.070282 -65 -77 -71 -72 -59 
2016-05-19 22:53:19.283314 -67 -71 -74 -69 -62 
2016-05-19 22:53:19.426336 -63 -70 -78 -71 -64 
2016-05-19 22:53:19.530349 -63 -66 -74 -67 -60 
2016-05-19 22:53:19.694368 -62 -66 -79 -65 -61 
2016-05-19 22:53:19.899395 -64 -68 -75 -69 -61 
2016-05-19 22:53:20.001411 -64 -65 -75 -70 -59 
2016-05-19 22:53:20.106425 -62 -70 -74 -67 -60 
2016-05-19 22:53:20.212438 -68 -72 -73 -73 -62 
2016-05-19 22:53:20.367459 -64 -71 -75 -66 -61 
2016-05-19 22:53:20.571486 -72 -80 -78 -74 -61 
2016-05-19 22:53:20.684497 -62 -81 -75 -69 -61 
2016-05-19 22:53:21.089550 -74 -73 -68 -67 -61 
2016-05-19 22:53:21.268587 -68 -73 -70 -74 -59 
2016-05-19 22:53:21.375591 -64 -75 -69 -67 -62 
2016-05-19 22:53:21.565616 -66 -74 -69 -72 -60 
2016-05-19 22:53:21.670630 -72 -74 -79 -71 -58 
2016-05-19 22:53:21.774639 -63 -70 -76 -70 -62 
2016-05-19 22:53:21.882657 -64 -75 -75 -75 -62 
2016-05-19 22:53:22.102685 -71 -75 -71 -68 -61 
2016-05-19 22:53:22.333721 -72 -71 -71 -73 -62 
2016-05-19 22:53:22.442730 -71 -70 -70 -71 -61 
2016-05-19 22:53:22.567747 -72 -71 -70 -71 -63 
2016-05-19 22:53:22.852783 -69 -68 -74 -71 -63 
2016-05-19 22:53:22.972799 -65 -69 -77 -68 -60 
2016-05-19 22:53:23.066812 -68 -70 -69 -71 -59 
2016-05-19 22:53:23.170825 -66 -76 -73 -70 -62 
2016-05-19 22:53:23.290842 -75 -72 -71 -76 -61 
2016-05-19 22:53:23.614880 -73 -70 -71 -73 -63 
2016-05-19 22:53:23.717903 -67 -77 -73 -75 -62 
2016-05-19 22:53:23.819907 -63 -70 -76 -73 -63 
2016-05-19 22:53:24.027938 -66 -70 -71 -73 -64 
2016-05-19 22:53:24.134948 -72 -82 -71 -75 -64 
2016-05-19 22:53:24.354977 -65 -76 -70 -70 -66 
2016-05-19 22:53:24.553136 -61 -73 -69 -70 -60 
2016-05-19 22:53:24.671021 -70 -77 -69 -69 -66 
2016-05-19 22:53:24.831042 -66 -76 -74 -72 -69 
2016-05-19 22:53:24.974065 -70 -75 -71 -73 -62 
2016-05-19 22:53:25.079079 -66 -77 -70 -73 -66 
2016-05-19 22:53:25.184092 -66 -74 -70 -72 -61 
2016-05-19 22:53:25.354115 -65 -72 -69 -70 -61 
2016-05-19 22:53:25.464150 -65 -70 -72 -75 -65 
2016-05-19 22:53:25.569268 -73 -72 -70 -71 -62 
2016-05-19 22:53:25.728160 -70 -71 -69 -74 -59 
2016-05-19 22:53:25.833175 -65 -71 -71 -77 -70 
2016-05-19 22:53:25.998195 -76 -71 -69 -70 -61 
2016-05-19 22:53:26.100204 -66 -87 -69 -66 -63 
2016-05-19 22:53:26.206222 -60 -65 -75 -66 -69 
2016-05-19 22:53:26.330235 -63 -75 -69 -66 -67 
2016-05-19 22:53:26.434256 -71 -66 -70 -67 -63 
2016-05-19 22:53:26.573270 -66 -72 -73 -71 -56 
2016-05-19 22:53:26.751293 -63 -73 -68 -72 -56 
2016-05-19 22:53:26.856306 -67 -74 -71 -63 -60 
2016-05-19 22:53:27.054337 -66 -74 -76 -64 -62 
2016-05-19 22:53:27.154349 -61 -68 -73 -68 -62 
2016-05-19 22:53:27.361503 -55 -79 -73 -67 -58 
2016-05-19 22:53:27.465518 -53 -74 -76 -64 -50 
2016-05-19 22:53:27.777557 -65 -65 -75 -80 -55 
2016-05-19 22:53:27.884445 -57 -70 -74 -59 -55 
2016-05-19 22:53:28.088467 -52 -69 -75 -54 -53 
2016-05-19 22:53:28.195479 -58 -70 -75 -53 -52 
2016-05-19 22:53:28.300492 -51 -69 -70 -65 -52 
2016-05-19 22:53:28.622538 -56 -78 -82 -64 -54 
2016-05-19 22:53:28.837568 -54 -72 -70 -74 -59 
2016-05-19 22:53:28.946580 -54 -64 -72 -63 -57 
2016-05-19 22:53:29.045589 -54 -69 -85 -80 -68 
2016-05-19 22:53:29.157607 -55 -65 -73 -65 -54 
2016-05-19 22:53:29.295622 -57 -70 -76 -66 -70 
2016-05-19 22:53:29.397639 -62 -77 -79 -62 -65 
2016-05-19 22:53:29.504660 -59 -69 -73 -74 -51 
2016-05-19 22:53:29.609664 -59 -74 -80 -65 -55 
2016-05-19 22:53:29.811685 -59 -70 -75 -72 -57 
2016-05-19 22:53:29.915696 -65 -74 -71 -67 -57 
2016-05-19 22:53:30.019717 -58 -71 -75 -63 -57 
2016-05-19 22:53:30.184738 -62 -73 -78 -71 -59 
2016-05-19 22:53:30.295746 -72 -76 -71 -71 -70 
2016-05-19 22:53:30.433895 -58 -78 -67 -75 -58 
2016-05-19 22:53:30.539785 -62 -68 -67 -72 -58 
2016-05-19 22:53:30.643794 -69 -82 -74 -67 -57 
2016-05-19 22:53:30.751809 -60 -70 -69 -67 -53 
2016-05-19 22:53:30.857953 -60 -75 -78 -62 -66 
2016-05-19 22:53:30.963836 -59 -67 -69 -69 -54 
2016-05-19 22:53:31.171863 -60 -69 -70 -67 -61 
2016-05-19 22:53:31.370018 -65 -70 -71 -69 -62 
2016-05-19 22:53:31.471902 -61 -69 -69 -64 -52 
2016-05-19 22:53:31.579920 -60 -68 -71 -74 -62 
2016-05-19 22:53:31.792944 -63 -68 -81 -69 -61 
2016-05-19 22:53:32.000969 -67 -74 -82 -67 -66 
2016-05-19 22:53:32.117054 -59 -70 -70 -68 -57 
2016-05-19 22:53:32.425031 -64 -74 -68 -79 -52 
2016-05-19 22:53:32.541039 -61 -68 -72 -69 -57 
2016-05-19 22:53:32.743068 -69 -70 -72 -71 -55 
2016-05-19 22:53:32.922220 -62 -73 -66 -68 -54 
2016-05-19 22:53:33.030110 -66 -75 -74 -77 -59 
2016-05-19 22:53:33.169124 -62 -67 -72 -71 -58 
2016-05-19 22:53:33.270140 -61 -78 -72 -85 -59 
2016-05-19 22:53:33.542173 -62 -74 -67 -67 -58 
2016-05-19 22:53:33.855217 -69 -72 -74 -71 -55 
2016-05-19 22:53:33.962356 -62 -72 -76 -64 -52 
2016-05-19 22:53:34.063241 -64 -72 -66 -66 -59 
2016-05-19 22:53:34.170383 -63 -73 -79 -64 -52 
2016-05-19 22:53:34.271265 -74 -71 -73 -66 -58 
2016-05-19 22:53:34.430301 -63 -73 -74 -68 -57 
2016-05-19 22:53:34.639325 -64 -73 -78 -65 -58 
2016-05-19 22:53:34.851349 -65 -74 -75 -64 -58 
2016-05-19 22:53:35.006368 -61 -71 -75 -73 -55 
2016-05-19 22:53:35.104384 -81 -71 -67 -64 -59 
2016-05-19 22:53:35.212398 -64 -71 -80 -74 -54 
2016-05-19 22:53:35.271409 -75 -75 -76 -66 -58 
2016-05-19 22:53:35.477437 -69 -70 -79 -72 -59 
2016-05-19 22:53:35.584446 -68 -76 -75 -67 -63 
2016-05-19 22:53:35.997502 -63 -69 -70 -69 -54 
2016-05-19 22:53:36.165527 -66 -65 -75 -64 -53 
2016-05-19 22:53:36.320547 -62 -71 -73 -69 -54 
2016-05-19 22:53:36.678590 -58 -72 -81 -67 -54 
2016-05-19 22:53:36.881613 -60 -73 -75 -65 -57 
2016-05-19 22:53:37.005637 -66 -68 -76 -61 -61 
2016-05-19 22:53:37.108646 -59 -71 -74 -69 -53 
2016-05-19 22:53:37.214659 -70 -74 -71 -63 -61 
2016-05-19 22:53:37.469693 -60 -67 -80 -67 -57 
2016-05-19 22:53:37.568706 -61 -74 -74 -74 -59 
2016-05-19 22:53:37.759731 -63 -73 -70 -68 -59 
2016-05-19 22:53:38.009763 -67 -77 -66 -75 -59 
2016-05-19 22:53:38.181782 -60 -73 -72 -72 -57 
2016-05-19 22:53:38.286796 -61 -69 -67 -76 -54 
2016-05-19 22:53:38.398814 -62 -69 -86 -68 -53 
2016-05-19 22:53:38.502828 -68 -72 -74 -71 -55 
2016-05-19 22:53:38.610972 -62 -75 -80 -66 -52 
2016-05-19 22:53:38.804867 -61 -73 -82 -65 -55 
2016-05-19 22:53:38.931014 -63 -71 -69 -69 -56 
2016-05-19 22:53:39.143912 -60 -69 -71 -64 -59 
2016-05-19 22:53:39.344938 -69 -70 -74 -67 -65 
2016-05-19 22:53:39.477988 -61 -70 -69 -70 -53 
2016-05-19 22:53:39.688976 -60 -69 -68 -68 -53 
2016-05-19 22:53:39.790986 -65 -73 -69 -68 -58 
2016-05-19 22:53:39.892002 -85 -63 -70 -68 -53 
2016-05-19 22:53:39.993015 -62 -71 -70 -81 -57 
2016-05-19 22:53:40.095032 -65 -68 -67 -66 -70 
2016-05-19 22:53:40.246045 -66 -76 -81 -69 -62 
2016-05-19 22:53:40.356060 -62 -62 -70 -65 -62 
2016-05-19 22:53:40.509083 -77 -77 -69 -69 -55 
2016-05-19 22:53:40.618097 -64 -67 -70 -79 -59 
2016-05-19 22:53:40.724111 -69 -74 -77 -72 -59 
2016-05-19 22:53:40.938139 -70 -67 -70 -63 -58 
2016-05-19 22:53:41.040156 -65 -72 -85 -75 -57 
2016-05-19 22:53:41.146163 -71 -68 -82 -62 -55 
2016-05-19 22:53:41.331319 -64 -65 -83 -75 -55 
2016-05-19 22:53:41.437209 -66 -68 -78 -72 -68 
2016-05-19 22:53:41.720245 -65 -66 -76 -63 -54 
2016-05-19 22:53:41.826252 -66 -72 -72 -66 -62 
2016-05-19 22:53:41.935272 -56 -73 -81 -69 -63 
2016-05-19 22:53:42.060289 -61 -69 -73 -64 -55 
2016-05-19 22:53:42.188302 -71 -72 -75 -60 -60 
2016-05-19 22:53:42.604356 -68 -69 -74 -72 -52 
2016-05-19 22:53:42.768378 -71 -69 -73 -68 -57 
2016-05-19 22:53:42.875520 -70 -73 -71 -63 -51 
2016-05-19 22:53:43.296444 -64 -75 -73 -66 -58 
2016-05-19 22:53:43.405464 -67 -73 -81 -66 -50 
2016-05-19 22:53:43.512475 -62 -77 -73 -68 -55 
2016-05-19 22:53:43.618488 -71 -66 -74 -74 -57 
2016-05-19 22:53:43.826513 -64 -73 -69 -68 -54 
2016-05-19 22:53:44.072548 -60 -84 -76 -73 -56 
2016-05-19 22:53:44.236567 -63 -68 -72 -70 -65 
2016-05-19 22:53:44.450601 -67 -73 -72 -67 -61 
2016-05-19 22:53:44.656622 -63 -66 -74 -66 -58 
2016-05-19 22:53:44.758663 -69 -67 -68 -70 -56 
2016-05-19 22:53:44.968665 -66 -82 -75 -67 -56 
2016-05-19 22:53:45.081677 -62 -67 -73 -71 -59 
2016-05-19 22:53:45.289707 -60 -72 -74 -68 -59 
2016-05-19 22:53:45.391718 -67 -78 -74 -77 -63 
2016-05-19 22:53:45.496732 -60 -65 -77 -68 -68 
2016-05-19 22:53:45.703761 -61 -72 -73 -74 -67 
2016-05-19 22:53:45.916786 -59 -77 -69 -66 -65 
2016-05-19 22:53:46.078810 -60 -70 -69 -80 -65 
2016-05-19 22:53:46.385854 -60 -62 -73 -69 -69 
2016-05-19 22:53:46.596006 -62 -65 -69 -75 -63 
2016-05-19 22:53:46.752899 -60 -74 -70 -68 -65 
2016-05-19 22:53:46.856910 -60 -74 -68 -66 -66 
2016-05-19 22:53:46.964926 -63 -70 -74 -66 -72 
2016-05-19 22:53:47.073941 -66 -66 -68 -77 -64 
2016-05-19 22:53:47.178954 -62 -74 -71 -70 -59 
2016-05-19 22:53:47.285972 -60 -65 -69 -72 -64 
2016-05-19 22:53:47.550002 -62 -65 -71 -70 -64 
2016-05-19 22:53:47.750028 -59 -67 -69 -68 -61 
2016-05-19 22:53:47.886049 -64 -69 -76 -78 -58 
2016-05-19 22:53:47.995060 -60 -74 -69 -68 -54 
2016-05-19 22:53:48.166086 -63 -74 -68 -69 -62 
2016-05-19 22:53:48.272094 -62 -67 -76 -76 -52 
2016-05-19 22:53:48.452249 -64 -70 -77 -83 -59 
2016-05-19 22:53:48.553134 -65 -74 -73 -74 -63 
2016-05-19 22:53:48.737156 -65 -80 -72 -74 -58 
2016-05-19 22:53:48.843171 -61 -68 -78 -75 -60 
2016-05-19 22:53:48.948314 -61 -74 -74 -88 -61 
2016-05-19 22:53:49.216223 -67 -71 -75 -79 -70 
2016-05-19 22:53:49.322231 -59 -69 -75 -68 -52 
2016-05-19 22:53:49.566270 -60 -77 -75 -70 -62 
2016-05-19 22:53:49.671283 -68 -80 -81 -74 -60 
2016-05-19 22:53:49.818300 -73 -71 -73 -81 -65 
2016-05-19 22:53:49.919312 -87 -69 -79 -76 -56 
2016-05-19 22:53:50.025326 -64 -78 -72 -70 -60 
2016-05-19 22:53:50.202345 -74 -82 -77 -85 -60 
2016-05-19 22:53:50.372501 -64 -70 -86 -71 -61 
2016-05-19 22:53:50.584399 -62 -72 -86 -77 -58 
2016-05-19 22:53:50.750420 -66 -76 -73 -74 -57 
2016-05-19 22:53:50.901448 -64 -69 -75 -75 -62 
2016-05-19 22:53:51.110468 -60 -75 -71 -78 -59 
2016-05-19 22:53:51.318495 -59 -74 -76 -73 -58 
2016-05-19 22:53:51.423508 -61 -73 -76 -67 -63 
2016-05-19 22:53:51.530522 -78 -73 -84 -73 -59 
2016-05-19 22:53:51.637539 -64 -71 -74 -69 -62 
2016-05-19 22:53:51.746553 -73 -72 -74 -74 -55 
2016-05-19 22:53:51.867564 -61 -78 -74 -68 -61 
2016-05-19 22:53:52.071597 -70 -72 -76 -75 -61 
2016-05-19 22:53:52.176611 -67 -71 -75 -74 -64 
2016-05-19 22:53:52.279620 -65 -69 -75 -71 -61 
2016-05-19 22:53:52.386638 -70 -71 -75 -81 -64 
2016-05-19 22:53:52.494648 -69 -77 -70 -67 -55 
2016-05-19 22:53:52.685673 -67 -77 -71 -72 -62 
2016-05-19 22:53:52.789687 -76 -73 -71 -81 -59 
2016-05-19 22:53:52.996843 -71 -78 -69 -75 -60 
2016-05-19 22:53:53.100856 -63 -75 -75 -84 -64 
2016-05-19 22:53:53.200741 -72 -72 -71 -78 -58 
2016-05-19 22:53:53.309755 -63 -68 -77 -75 -64 
2016-05-19 22:53:53.408768 -72 -74 -70 -81 -65 
2016-05-19 22:53:53.513782 -64 -71 -77 -70 -64 
2016-05-19 22:53:53.654799 -77 -78 -70 -81 -59 
2016-05-19 22:53:53.924963 -74 -78 -82 -74 -59 
2016-05-19 22:53:54.187867 -69 -78 -69 -75 -61 
2016-05-19 22:53:54.297881 -68 -80 -79 -79 -69 
2016-05-19 22:53:54.397901 -64 -74 -72 -83 -64 
2016-05-19 22:53:54.506924 -64 -81 -83 -83 -63 
2016-05-19 22:53:54.610932 -60 -79 -71 -71 -66 
2016-05-19 22:53:54.713947 -66 -74 -76 -76 -63 
2016-05-19 22:53:54.814970 -61 -77 -68 -70 -65 
2016-05-19 22:53:54.925112 -66 -73 -78 -75 -58 
2016-05-19 22:53:55.217022 -63 -78 -73 -73 -68 
2016-05-19 22:53:55.325155 -67 -71 -70 -74 -65 
2016-05-19 22:53:55.491047 -64 -69 -80 -73 -75 
2016-05-19 22:53:55.601061 -59 -65 -71 -77 -67 
2016-05-19 22:53:55.810089 -66 -73 -70 -78 -60 
2016-05-19 22:53:56.003111 -57 -68 -88 -68 -69 
2016-05-19 22:53:56.105126 -63 -71 -70 -66 -58 
2016-05-19 22:53:56.216141 -63 -65 -73 -70 -82 
2016-05-19 22:53:56.388164 -56 -69 -71 -62 -62 
2016-05-19 22:53:56.490178 -57 -77 -80 -74 -67 
2016-05-19 22:53:56.858223 -62 -73 -74 -67 -72 
2016-05-19 22:53:57.074256 -65 -73 -77 -68 -61 
2016-05-19 22:53:57.182272 -58 -68 -69 -67 -68 
2016-05-19 22:53:57.378291 -59 -66 -81 -66 -75 
2016-05-19 22:53:57.486308 -55 -69 -72 -68 -61 
2016-05-19 22:53:57.620325 -63 -68 -73 -68 -60 
2016-05-19 22:53:57.795348 -59 -87 -79 -68 -65 
2016-05-19 22:53:57.899361 -69 -68 -86 -74 -68 
2016-05-19 22:53:58.004375 -58 -76 -83 -69 -65 
2016-05-19 22:53:58.150395 -58 -69 -65 -69 -69 
2016-05-19 22:53:58.327423 -58 -71 -66 -78 -58 
2016-05-19 22:53:58.435431 -57 -72 -65 -66 -60 
2016-05-19 22:53:58.539446 -56 -86 -75 -74 -60 
2016-05-19 22:53:58.644458 -69 -65 -75 -66 -63 
2016-05-19 22:53:58.747477 -56 -66 -68 -75 -60 
2016-05-19 22:53:58.957630 -59 -67 -69 -76 -64 
2016-05-19 22:53:59.150525 -59 -81 -68 -76 -57 
2016-05-19 22:53:59.254538 -57 -74 -68 -74 -57 
2016-05-19 22:53:59.415560 -61 -65 -68 -66 -59 
2016-05-19 22:53:59.518570 -51 -65 -69 -71 -57 
2016-05-19 22:53:59.624587 -61 -63 -75 -68 -52 
2016-05-19 22:54:00.005766 -53 -68 -71 -75 -56 
2016-05-19 22:54:00.218662 -53 -66 -69 -75 -69 
2016-05-19 22:54:00.330680 -52 -80 -74 -77 -59 
2016-05-19 22:54:00.455695 -61 -66 -75 -69 -75 
2016-05-19 22:54:00.644720 -57 -65 -74 -66 -68 
2016-05-19 22:54:00.853878 -58 -67 -73 -68 -64 
2016-05-19 22:54:01.036772 -60 -73 -91 -70 -66 
2016-05-19 22:54:01.144786 -58 -68 -73 -75 -61 
2016-05-19 22:54:01.305807 -61 -67 -76 -81 -62 
2016-05-19 22:54:01.413952 -58 -72 -78 -74 -65 
2016-05-19 22:54:01.692862 -62 -66 -70 -82 -58 
2016-05-19 22:54:02.007903 -59 -70 -68 -85 -58 
2016-05-19 22:54:02.116912 -59 -68 -71 -68 -56 
2016-05-19 22:54:02.224926 -57 -66 -69 -71 -63 
2016-05-19 22:54:02.335943 -60 -72 -68 -89 -57 
2016-05-19 22:54:02.444955 -60 -66 -67 -70 -62 
2016-05-19 22:54:02.551968 -54 -68 -65 -74 -56 
2016-05-19 22:54:02.654983 -62 -69 -66 -81 -58 
2016-05-19 22:54:02.832009 -54 -64 -71 -69 -61 
2016-05-19 22:54:03.343077 -54 -64 -70 -74 -60 
2016-05-19 22:54:03.410081 -60 -66 -63 -65 -63 
2016-05-19 22:54:03.514091 -62 -70 -73 -84 -57 
2016-05-19 22:54:03.618114 -57 -61 -66 -63 -63 
2016-05-19 22:54:03.727133 -61 -69 -75 -74 -57 
2016-05-19 22:54:03.887151 -61 -60 -78 -88 -64 
2016-05-19 22:54:03.991157 -59 -73 -82 -83 -60 
2016-05-19 22:54:04.128179 -58 -69 -69 -73 -61 
2016-05-19 22:54:04.334333 -66 -69 -73 -76 -66 
2016-05-19 22:54:04.435216 -56 -72 -75 -76 -60 
2016-05-19 22:54:04.715252 -67 -69 -68 -78 -56 
2016-05-19 22:54:04.924276 -66 -68 -71 -76 -63 
2016-05-19 22:54:05.063301 -64 -66 -75 -75 -61 
2016-05-19 22:54:05.268329 -68 -67 -67 -72 -57 
2016-05-19 22:54:05.451348 -61 -70 -67 -71 -59 
2016-05-19 22:54:05.662505 -66 -70 -70 -71 -56 
2016-05-19 22:54:05.867403 -60 -71 -73 -71 -53 
2016-05-19 22:54:06.082430 -66 -71 -72 -69 -54 
2016-05-19 22:54:06.185444 -57 -69 -76 -75 -56 
2016-05-19 22:54:06.596498 -57 -75 -79 -69 -53 
2016-05-19 22:54:06.720514 -59 -77 -74 -77 -61 
2016-05-19 22:54:06.820527 -70 -78 -74 -74 -51 
2016-05-19 22:54:06.923545 -59 -73 -72 -65 -54 
2016-05-19 22:54:07.095563 -64 -71 -75 -76 -53 
2016-05-19 22:54:07.202576 -61 -71 -75 -78 -62 
2016-05-19 22:54:07.388606 -77 -77 -73 -74 -69 
2016-05-19 22:54:07.497616 -74 -70 -74 -76 -65 
2016-05-19 22:54:07.755649 -73 -70 -77 -70 -62 
2016-05-19 22:54:07.862793 -65 -71 -77 -87 -64 
2016-05-19 22:54:07.965676 -66 -73 -75 -82 -56 
2016-05-19 22:54:08.068701 -62 -73 -74 -74 -61 
2016-05-19 22:54:08.279714 -62 -72 -77 -72 -63 
2016-05-19 22:54:08.479740 -65 -68 -83 -72 -63 
2016-05-19 22:54:08.582887 -76 -68 -75 -69 -56 
2016-05-19 22:54:08.684767 -63 -63 -83 -75 -59 
2016-05-19 22:54:08.801786 -69 -67 -77 -74 -74 
2016-05-19 22:54:08.941804 -68 -71 -79 -74 -63 
2016-05-19 22:54:09.114823 -71 -72 -84 -73 -66 
2016-05-19 22:54:09.315853 -66 -70 -83 -69 -58 
2016-05-19 22:54:09.959067 -70 -70 -82 -75 -61 
2016-05-19 22:54:10.229969 -62 -71 -83 -75 -63 
2016-05-19 22:54:10.370990 -66 -73 -73 -68 -59 
2016-05-19 22:54:10.579024 -66 -74 -76 -67 -67 
2016-05-19 22:54:10.892059 -74 -68 -75 -66 -65 
2016-05-19 22:54:10.997085 -65 -74 -80 -67 -63 
2016-05-19 22:54:11.101087 -74 -70 -76 -68 -70 
2016-05-19 22:54:11.314118 -61 -74 -79 -67 -64 
2016-05-19 22:54:11.418127 -83 -71 -74 -70 -60 
2016-05-19 22:54:11.595149 -64 -68 -83 -69 -67 
2016-05-19 22:54:11.696164 -70 -72 -78 -75 -77 
2016-05-19 22:54:11.886188 -63 -70 -83 -72 -73 
2016-05-19 22:54:12.003202 -65 -66 -81 -77 -66 
2016-05-19 22:54:12.106210 -76 -74 -78 -71 -82 
2016-05-19 22:54:12.214227 -67 -65 -86 -72 -68 
2016-05-19 22:54:12.339244 -62 -72 -77 -74 -60 
2016-05-19 22:54:12.779301 -68 -68 -83 -73 -61 
2016-05-19 22:54:12.952320 -65 -71 -79 -77 -66 
2016-05-19 22:54:13.159476 -67 -68 -82 -77 -67 
2016-05-19 22:54:13.261361 -65 -70 -82 -78 -61 
2016-05-19 22:54:13.369378 -66 -69 -83 -78 -60 
2016-05-19 22:54:13.684439 -66 -76 -80 -71 -61 
2016-05-19 22:54:13.785426 -60 -80 -81 -69 -60 
2016-05-19 22:54:13.886446 -73 -71 -77 -72 -63 
2016-05-19 22:54:13.989459 -62 -80 -79 -71 -69 
2016-05-19 22:54:14.140473 -78 -84 -83 -74 -60 
2016-05-19 22:54:14.247620 -87 -85 -83 -68 -75 
2016-05-19 22:54:14.461518 -63 -69 -83 -69 -63 
2016-05-19 22:54:14.775689 -68 -75 -79 -72 -64 
2016-05-19 22:54:14.991735 -70 -73 -79 -72 -66 
2016-05-19 22:54:15.199743 -79 -70 -80 -70 -61 
2016-05-19 22:54:15.348634 -65 -65 -81 -68 -70 
2016-05-19 22:54:15.455777 -77 -86 -81 -70 -61 
2016-05-19 22:54:15.673676 -66 -74 -80 -72 -70 
2016-05-19 22:54:15.780694 -76 -66 -82 -79 -68 
2016-05-19 22:54:15.981732 -73 -75 -80 -71 -75 
2016-05-19 22:54:16.245748 -71 -76 -76 -71 -64 
2016-05-19 22:54:16.402771 -61 -65 -74 -68 -62 
2016-05-19 22:54:16.762817 -68 -76 -73 -72 -61 
2016-05-19 22:54:16.818825 -67 -66 -81 -69 -65 
2016-05-19 22:54:16.974853 -78 -80 -83 -71 -67 
2016-05-19 22:54:17.184877 -70 -75 -85 -71 -63 
2016-05-19 22:54:17.393900 -74 -76 -80 -72 -58 
2016-05-19 22:54:17.700938 -64 -75 -84 -70 -68 
2016-05-19 22:54:17.810953 -74 -83 -75 -69 -58 
2016-05-19 22:54:18.025982 -69 -78 -89 -71 -67 
2016-05-19 22:54:18.271012 -60 -80 -74 -71 -57 
2016-05-19 22:54:18.435040 -65 -79 -83 -68 -71 
2016-05-19 22:54:18.543074 -72 -68 -72 -70 -58 
2016-05-19 22:54:18.675072 -72 -77 -74 -70 -64 
2016-05-19 22:54:18.963106 -68 -70 -79 -70 -66 
2016-05-19 22:54:19.069120 -61 -72 -72 -68 -57 
2016-05-19 22:54:19.281144 -70 -68 -71 -70 -67 
2016-05-19 22:54:19.385193 -74 -66 -80 -72 -75 
2016-05-19 22:54:19.495178 -69 -71 -78 -69 -58 
2016-05-19 22:54:19.636191 -71 -75 -83 -68 -64 
2016-05-19 22:54:19.744337 -68 -70 -81 -73 -73 
2016-05-19 22:54:19.852222 -75 -75 -79 -69 -63 
2016-05-19 22:54:19.960369 -69 -73 -74 -72 -73 
2016-05-19 22:54:20.069252 -74 -66 -89 -68 -57 
2016-05-19 22:54:20.388292 -61 -71 -75 -74 -70 
2016-05-19 22:54:20.604320 -74 -73 -73 -70 -73 
2016-05-19 22:54:20.796343 -68 -69 -75 -68 -58 
2016-05-19 22:54:20.956376 -62 -78 -74 -73 -63 
2016-05-19 22:54:21.164394 -63 -76 -72 -72 -67 
2016-05-19 22:54:21.317424 -60 -76 -83 -76 -67 
2016-05-19 22:54:21.425432 -68 -65 -75 -74 -69 
2016-05-19 22:54:21.835484 -67 -68 -80 -75 -71 
2016-05-19 22:54:21.946493 -60 -74 -88 -67 -68 
2016-05-19 22:54:22.153522 -67 -70 -83 -70 -70 
2016-05-19 22:54:22.358549 -59 -74 -84 -72 -69 
2016-05-19 22:54:22.467566 -68 -66 -85 -72 -58 
2016-05-19 22:54:22.669604 -69 -73 -79 -72 -69 
2016-05-19 22:54:22.816739 -69 -74 -85 -68 -62 
2016-05-19 22:54:22.918623 -71 -66 -73 -73 -58 
2016-05-19 22:54:23.239665 -61 -70 -77 -69 -58 
2016-05-19 22:54:23.379684 -67 -66 -80 -73 -58 
2016-05-19 22:54:23.482710 -68 -74 -73 -67 -68 
2016-05-19 22:54:23.559720 -65 -66 -80 -74 -58 
2016-05-19 22:54:23.669721 -68 -74 -79 -67 -66 
2016-05-19 22:54:23.837743 -61 -75 -76 -72 -67 
2016-05-19 22:54:24.089775 -72 -71 -78 -69 -68 
2016-05-19 22:54:24.190792 -66 -73 -78 -75 -70 
2016-05-19 22:54:24.300808 -71 -74 -86 -68 -67 
2016-05-19 22:54:24.613852 -60 -67 -83 -71 -66 
2016-05-19 22:54:24.721863 -71 -74 -80 -69 -58 
2016-05-19 22:54:24.825008 -59 -64 -72 -76 -67 
2016-05-19 22:54:24.925897 -71 -75 -80 -68 -58 
2016-05-19 22:54:25.029905 -69 -65 -73 -73 -70 
2016-05-19 22:54:25.134919 -71 -77 -81 -71 -58 
2016-05-19 22:54:25.321969 -68 -66 -85 -70 -58 
2016-05-19 22:54:25.425087 -59 -74 -82 -76 -65 
2016-05-19 22:54:25.533966 -66 -73 -87 -69 -73 
2016-05-19 22:54:25.639979 -59 -74 -80 -75 -65 
2016-05-19 22:54:25.851033 -64 -74 -84 -70 -65 
2016-05-19 22:54:26.052029 -68 -74 -74 -72 -59 
2016-05-19 22:54:26.267066 -63 -77 -76 -73 -63 
2016-05-19 22:54:26.462082 -64 -74 -78 -77 -59 
2016-05-19 22:54:26.794128 -69 -80 -80 -69 -63 
2016-05-19 22:54:26.905271 -60 -65 -76 -69 -69 
2016-05-19 22:54:27.046176 -70 -75 -74 -69 -63 
2016-05-19 22:54:27.242183 -72 -75 -81 -69 -63 
2016-05-19 22:54:27.560228 -60 -67 -84 -72 -61 
2016-05-19 22:54:27.878270 -66 -70 -73 -71 -67 
2016-05-19 22:54:27.982319 -59 -71 -71 -76 -65 
2016-05-19 22:54:28.085297 -67 -64 -81 -69 -70 
2016-05-19 22:54:28.189310 -60 -73 -81 -74 -64 
2016-05-19 22:54:28.298325 -68 -65 -78 -69 -70 
2016-05-19 22:54:28.517357 -60 -68 -73 -70 -72 
2016-05-19 22:54:28.726384 -60 -69 -72 -70 -61 
2016-05-19 22:54:28.830394 -59 -72 -83 -74 -70 
2016-05-19 22:54:28.932405 -70 -65 -89 -69 -58 
2016-05-19 22:54:29.151439 -69 -74 -72 -69 -61 
2016-05-19 22:54:29.358463 -59 -77 -73 -70 -61 
2016-05-19 22:54:29.492478 -65 -65 -80 -73 -70 
2016-05-19 22:54:29.701511 -71 -72 -86 -74 -71 
2016-05-19 22:54:29.867527 -59 -73 -86 -67 -64 
2016-05-19 22:54:30.081685 -60 -65 -78 -67 -63 
2016-05-19 22:54:30.188571 -67 -73 -73 -73 -64 
2016-05-19 22:54:30.298586 -71 -66 -84 -71 -70 
2016-05-19 22:54:30.400598 -67 -75 -79 -72 -64 
2016-05-19 22:54:30.502610 -59 -65 -86 -70 -58 
2016-05-19 22:54:30.576626 -71 -72 -74 -74 -64 
2016-05-19 22:54:30.733643 -63 -82 -74 -68 -69 
2016-05-19 22:54:31.157695 -63 -70 -73 -70 -63 
2016-05-19 22:54:31.395729 -60 -78 -73 -70 -64 
2016-05-19 22:54:31.581757 -65 -68 -74 -71 -58 
2016-05-19 22:54:31.791784 -69 -73 -73 -71 -64 
2016-05-19 22:54:31.994807 -63 -76 -86 -70 -63 
2016-05-19 22:54:32.134844 -70 -77 -78 -75 -61 
2016-05-19 22:54:32.286849 -69 -85 -84 -70 -64 
2016-05-19 22:54:32.494874 -72 -76 -86 -69 -62 
2016-05-19 22:54:32.596890 -63 -80 -75 -78 -59 
2016-05-19 22:54:32.839919 -75 -76 -75 -70 -62 
2016-05-19 22:54:33.058952 -76 -74 -84 -77 -61 
2016-05-19 22:54:33.178096 -65 -69 -77 -77 -59 
2016-05-19 22:54:33.368994 -72 -76 -81 -71 -64 
2016-05-19 22:54:33.510006 -80 -70 -82 -71 -62 
2016-05-19 22:54:33.672031 -69 -72 -74 -68 -61 
2016-05-19 22:54:33.779041 -69 -70 -77 -78 -65 
2016-05-19 22:54:33.880058 -82 -76 -74 -67 -60 
2016-05-19 22:54:33.987102 -70 -70 -83 -77 -66 
2016-05-19 22:54:34.090221 -82 -71 -79 -69 -62 
2016-05-19 22:54:34.194224 -70 -71 -85 -77 -66 
2016-05-19 22:54:34.302114 -80 -71 -73 -68 -59 
2016-05-19 22:54:34.405123 -65 -70 -81 -76 -62 
2016-05-19 22:54:34.507140 -78 -72 -75 -67 -60 
2016-05-19 22:54:34.753165 -69 -86 -79 -70 -66 
2016-05-19 22:54:35.059208 -71 -72 -75 -71 -63 
2016-05-19 22:54:35.214228 -71 -83 -81 -72 -64 
2016-05-19 22:54:35.357252 -81 -72 -74 -73 -61 
2016-05-19 22:54:35.567278 -73 -77 -81 -71 -61 
2016-05-19 22:54:35.774302 -74 -71 -81 -70 -64 
2016-05-19 22:54:35.877318 -70 -79 -81 -76 -61 
2016-05-19 22:54:36.239363 -78 -72 -77 -69 -64 
2016-05-19 22:54:36.538540 -73 -72 -80 -69 -62 
2016-05-19 22:54:36.751430 -71 -70 -83 -72 -63 
2016-05-19 22:54:36.858441 -69 -81 -75 -76 -66 
2016-05-19 22:54:36.964457 -67 -71 -84 -68 -58 
2016-05-19 22:54:37.118476 -65 -84 -73 -70 -65 
2016-05-19 22:54:37.281498 -66 -90 -86 -73 -64 
2016-05-19 22:54:37.384512 -62 -70 -83 -71 -59 
2016-05-19 22:54:37.488523 -67 -83 -71 -76 -64 
2016-05-19 22:54:37.697558 -67 -69 -74 -74 -61 
2016-05-19 22:54:37.801565 -63 -69 -84 -69 -59 
2016-05-19 22:54:37.904580 -65 -72 -75 -83 -62 
2016-05-19 22:54:38.122616 -63 -71 -73 -75 -62 
2016-05-19 22:54:38.216621 -63 -71 -80 -68 -58 
2016-05-19 22:54:38.551665 -65 -69 -80 -73 -58 
2016-05-19 22:54:38.658807 -69 -80 -82 -69 -64 
2016-05-19 22:54:38.764692 -67 -70 -78 -71 -64 
2016-05-19 22:54:38.874835 -71 -71 -74 -67 -59 
2016-05-19 22:54:38.980747 -66 -71 -81 -71 -65 
2016-05-19 22:54:39.177751 -66 -72 -79 -70 -58 
2016-05-19 22:54:39.282889 -64 -70 -81 -69 -64 
2016-05-19 22:54:39.367783 -68 -72 -73 -75 -58 
2016-05-19 22:54:39.477804 -72 -70 -83 -68 -63 
2016-05-19 22:54:39.577812 -65 -74 -71 -76 -59 
2016-05-19 22:54:39.783824 -63 -71 -79 -71 -65 
2016-05-19 22:54:39.944846 -64 -70 -76 -71 -63 
2016-05-19 22:54:40.046860 -67 -71 -80 -76 -59 
2016-05-19 22:54:40.153871 -68 -72 -81 -71 -67 
2016-05-19 22:54:40.341904 -66 -79 -71 -75 -63 
2016-05-19 22:54:40.548964 -64 -75 -72 -71 -62 
2016-05-19 22:54:40.756955 -67 -70 -74 -71 -65 
2016-05-19 22:54:40.967985 -65 -69 -79 -73 -67 
2016-05-19 22:54:41.154002 -66 -72 -83 -72 -59 
2016-05-19 22:54:41.354028 -61 -72 -78 -71 -65 
2016-05-19 22:54:41.565058 -62 -78 -75 -71 -61 
2016-05-19 22:54:41.724115 -68 -81 -76 -75 -64 
2016-05-19 22:54:41.913107 -67 -73 -80 -70 -60 
2016-05-19 22:54:42.016117 -67 -72 -75 -76 -65 
2016-05-19 22:54:42.150148 -68 -76 -79 -78 -59 
2016-05-19 22:54:42.360163 -63 -79 -76 -78 -62 
2016-05-19 22:54:42.498184 -70 -84 -79 -75 -66 
2016-05-19 22:54:42.603322 -62 -69 -72 -80 -60 
2016-05-19 22:54:42.820222 -67 -69 -79 -73 -60 
2016-05-19 22:54:42.943241 -64 -75 -78 -67 -64 
2016-05-19 22:54:43.197272 -70 -75 -80 -76 -63 
2016-05-19 22:54:43.299413 -69 -73 -82 -66 -69 
2016-05-19 22:54:43.406299 -72 -83 -73 -76 -59 
2016-05-19 22:54:43.579463 -63 -75 -74 -68 -67 
2016-05-19 22:54:43.786348 -65 -77 -74 -74 -66 
2016-05-19 22:54:43.976374 -65 -71 -83 -72 -63 
2016-05-19 22:54:44.097389 -69 -75 -83 -71 -67 
2016-05-19 22:54:44.405437 -65 -71 -83 -71 -63 
2016-05-19 22:54:44.513456 -69 -70 -84 -74 -59 
2016-05-19 22:54:44.934495 -68 -74 -83 -72 -62 
2016-05-19 22:54:45.186530 -65 -74 -85 -74 -62 
2016-05-19 22:54:45.351558 -66 -77 -76 -76 -57 
2016-05-19 22:54:45.554576 -66 -78 -83 -72 -67 
2016-05-19 22:54:45.859748 -62 -74 -80 -73 -65 
2016-05-19 22:54:45.960632 -63 -69 -75 -80 -59 
2016-05-19 22:54:46.173663 -68 -70 -79 -69 -64 
2016-05-19 22:54:46.275801 -62 -79 -76 -72 -69 
2016-05-19 22:54:46.491703 -60 -76 -79 -70 -61 
2016-05-19 22:54:46.593719 -68 -68 -79 -71 -64 
2016-05-19 22:54:46.701729 -61 -76 -79 -69 -60 
2016-05-19 22:54:46.803875 -69 -69 -81 -76 -68 
2016-05-19 22:54:46.906755 -64 -71 -81 -69 -60 
2016-05-19 22:54:47.014767 -71 -70 -78 -70 -64 
2016-05-19 22:54:47.123912 -68 -74 -81 -77 -60 
2016-05-19 22:54:47.324807 -62 -72 -76 -72 -63 
2016-05-19 22:54:47.427953 -65 -68 -75 -67 -67 
2016-05-19 22:54:47.535838 -66 -76 -78 -71 -59 
2016-05-19 22:54:47.642852 -70 -69 -75 -77 -66 
2016-05-19 22:54:47.776869 -64 -75 -75 -69 -63 
2016-05-19 22:54:47.881882 -65 -71 -85 -77 -59 
2016-05-19 22:54:48.090910 -68 -71 -82 -75 -60 
2016-05-19 22:54:48.188926 -71 -69 -79 -70 -69 
2016-05-19 22:54:48.400951 -68 -73 -77 -73 -65 
2016-05-19 22:54:48.523971 -67 -69 -81 -71 -59 
2016-05-19 22:54:48.628109 -68 -75 -78 -76 -71 
2016-05-19 22:54:48.798004 -66 -77 -81 -69 -61 
2016-05-19 22:54:49.205053 -77 -70 -79 -74 -63 
2016-05-19 22:54:49.310067 -60 -78 -80 -69 -59 
2016-05-19 22:54:49.418084 -73 -69 -81 -71 -68 
2016-05-19 22:54:49.524226 -65 -72 -81 -68 -65 
2016-05-19 22:54:49.627119 -69 -70 -81 -78 -66 
2016-05-19 22:54:49.737126 -65 -73 -83 -72 -58 
2016-05-19 22:54:49.842139 -71 -88 -81 -79 -63 
2016-05-19 22:54:49.929156 -62 -72 -84 -71 -59 
2016-05-19 22:54:50.120199 -63 -69 -78 -70 -61 
2016-05-19 22:54:50.270192 -61 -83 -74 -78 -72 
2016-05-19 22:54:50.482223 -60 -78 -77 -73 -60 
2016-05-19 22:54:50.589240 -73 -70 -83 -67 -70 
1314
