2016-05-19 22:53:08.637925 -69 -64 -86 -76 -52 
2016-05-19 22:53:08.889960 -68 -64 -74 -66 -62 
2016-05-19 22:53:09.050981 -65 -65 -69 -66 -54 
2016-05-19 22:53:09.231134 -65 -65 -65 -66 -63 
2016-05-19 22:53:09.381024 -61 -68 -67 -70 -67 
2016-05-19 22:53:09.545049 -68 -63 -68 -66 -59 
2016-05-19 22:53:09.652066 -60 -69 -62 -67 -58 
2016-05-19 22:53:09.858083 -75 -59 -66 -65 -63 
2016-05-19 22:53:09.968098 -62 -62 -64 -69 -79 
2016-05-19 22:53:10.280141 -72 -65 -66 -66 -62 
2016-05-19 22:53:10.397162 -63 -71 -67 -63 -58 
2016-05-19 22:53:10.606184 -66 -67 -72 -68 -60 
2016-05-19 22:53:10.907228 -74 -68 -73 -71 -63 
2016-05-19 22:53:11.297279 -66 -70 -73 -70 -65 
2016-05-19 22:53:11.504302 -63 -63 -77 -63 -62 
2016-05-19 22:53:11.610315 -62 -63 -67 -77 -54 
2016-05-19 22:53:11.747340 -64 -71 -71 -69 -56 
2016-05-19 22:53:11.959483 -67 -66 -70 -68 -59 
2016-05-19 22:53:12.063496 -65 -67 -70 -67 -55 
2016-05-19 22:53:12.165380 -66 -66 -66 -66 -66 
2016-05-19 22:53:12.271523 -73 -65 -72 -67 -57 
2016-05-19 22:53:12.375409 -68 -65 -72 -68 -77 
2016-05-19 22:53:12.479550 -67 -66 -69 -74 -52 
2016-05-19 22:53:12.581434 -69 -72 -74 -64 -58 
2016-05-19 22:53:12.690449 -65 -72 -71 -63 -66 
2016-05-19 22:53:12.795462 -76 -68 -79 -66 -64 
2016-05-19 22:53:12.897480 -62 -83 -73 -71 -63 
2016-05-19 22:53:13.002493 -70 -72 -76 -78 -61 
2016-05-19 22:53:13.110505 -63 -67 -74 -83 -59 
2016-05-19 22:53:13.242525 -72 -68 -73 -68 -67 
2016-05-19 22:53:13.426545 -66 -70 -73 -69 -70 
2016-05-19 22:53:13.557566 -62 -75 -71 -80 -62 
2016-05-19 22:53:13.668574 -87 -72 -72 -79 -75 
2016-05-19 22:53:13.769590 -67 -70 -70 -77 -63 
2016-05-19 22:53:13.870603 -68 -71 -76 -78 -63 
2016-05-19 22:53:13.978614 -65 -69 -72 -67 -62 
2016-05-19 22:53:14.191774 -64 -70 -78 -66 -57 
2016-05-19 22:53:14.325662 -63 -78 -74 -67 -65 
2016-05-19 22:53:14.464681 -74 -75 -72 -68 -62 
2016-05-19 22:53:14.585697 -74 -65 -78 -61 -77 
2016-05-19 22:53:14.782726 -63 -63 -73 -68 -72 
2016-05-19 22:53:14.964748 -70 -65 -72 -67 -64 
2016-05-19 22:53:15.168770 -69 -65 -71 -61 -62 
2016-05-19 22:53:15.344795 -68 -65 -73 -67 -63 
2016-05-19 22:53:15.484815 -66 -65 -70 -81 -61 
2016-05-19 22:53:15.592832 -66 -69 -72 -61 -60 
2016-05-19 22:53:15.655838 -71 -68 -73 -68 -59 
2016-05-19 22:53:15.865863 -68 -69 -71 -71 -57 
2016-05-19 22:53:16.062892 -63 -68 -74 -71 -58 
2016-05-19 22:53:16.280917 -64 -67 -70 -68 -59 
2016-05-19 22:53:16.565956 -62 -74 -74 -70 -57 
2016-05-19 22:53:16.672973 -64 -67 -75 -64 -59 
2016-05-19 22:53:16.754980 -62 -71 -81 -63 -63 
2016-05-19 22:53:16.968137 -63 -78 -76 -71 -62 
2016-05-19 22:53:17.178040 -65 -72 -74 -66 -64 
2016-05-19 22:53:17.394061 -65 -71 -71 -69 -62 
2016-05-19 22:53:17.540083 -67 -69 -78 -76 -63 
2016-05-19 22:53:17.747113 -64 -69 -72 -74 -60 
2016-05-19 22:53:17.853127 -74 -69 -71 -66 -59 
2016-05-19 22:53:18.173169 -67 -68 -77 -73 -64 
2016-05-19 22:53:18.387202 -64 -67 -73 -72 -60 
2016-05-19 22:53:18.495208 -63 -71 -74 -70 -60 
2016-05-19 22:53:18.601221 -62 -64 -74 -65 -63 
2016-05-19 22:53:18.755241 -64 -65 -71 -72 -60 
2016-05-19 22:53:19.070282 -65 -77 -71 -72 -59 
2016-05-19 22:53:19.283314 -67 -71 -74 -69 -62 
2016-05-19 22:53:19.426336 -63 -70 -78 -71 -64 
2016-05-19 22:53:19.530349 -63 -66 -74 -67 -60 
2016-05-19 22:53:19.694368 -62 -66 -79 -65 -61 
2016-05-19 22:53:19.899395 -64 -68 -75 -69 -61 
2016-05-19 22:53:20.001411 -64 -65 -75 -70 -59 
2016-05-19 22:53:20.106425 -62 -70 -74 -67 -60 
2016-05-19 22:53:20.212438 -68 -72 -73 -73 -62 
2016-05-19 22:53:20.367459 -64 -71 -75 -66 -61 
2016-05-19 22:53:20.571486 -72 -80 -78 -74 -61 
2016-05-19 22:53:20.684497 -62 -81 -75 -69 -61 
2016-05-19 22:53:21.089550 -74 -73 -68 -67 -61 
2016-05-19 22:53:21.268587 -68 -73 -70 -74 -59 
2016-05-19 22:53:21.375591 -64 -75 -69 -67 -62 
2016-05-19 22:53:21.565616 -66 -74 -69 -72 -60 
2016-05-19 22:53:21.670630 -72 -74 -79 -71 -58 
2016-05-19 22:53:21.774639 -63 -70 -76 -70 -62 
2016-05-19 22:53:21.882657 -64 -75 -75 -75 -62 
2016-05-19 22:53:22.102685 -71 -75 -71 -68 -61 
2016-05-19 22:53:22.333721 -72 -71 -71 -73 -62 
2016-05-19 22:53:22.442730 -71 -70 -70 -71 -61 
2016-05-19 22:53:22.567747 -72 -71 -70 -71 -63 
2016-05-19 22:53:22.852783 -69 -68 -74 -71 -63 
2016-05-19 22:53:22.972799 -65 -69 -77 -68 -60 
2016-05-19 22:53:23.066812 -68 -70 -69 -71 -59 
2016-05-19 22:53:23.170825 -66 -76 -73 -70 -62 
2016-05-19 22:53:23.290842 -75 -72 -71 -76 -61 
2016-05-19 22:53:23.614880 -73 -70 -71 -73 -63 
2016-05-19 22:53:23.717903 -67 -77 -73 -75 -62 
2016-05-19 22:53:23.819907 -63 -70 -76 -73 -63 
2016-05-19 22:53:24.027938 -66 -70 -71 -73 -64 
2016-05-19 22:53:24.134948 -72 -82 -71 -75 -64 
2016-05-19 22:53:24.354977 -65 -76 -70 -70 -66 
2016-05-19 22:53:24.553136 -61 -73 -69 -70 -60 
2016-05-19 22:53:24.671021 -70 -77 -69 -69 -66 
2016-05-19 22:53:24.831042 -66 -76 -74 -72 -69 
2016-05-19 22:53:24.974065 -70 -75 -71 -73 -62 
2016-05-19 22:53:25.079079 -66 -77 -70 -73 -66 
2016-05-19 22:53:25.184092 -66 -74 -70 -72 -61 
2016-05-19 22:53:25.354115 -65 -72 -69 -70 -61 
2016-05-19 22:53:25.464150 -65 -70 -72 -75 -65 
2016-05-19 22:53:25.569268 -73 -72 -70 -71 -62 
2016-05-19 22:53:25.728160 -70 -71 -69 -74 -59 
2016-05-19 22:53:25.833175 -65 -71 -71 -77 -70 
2016-05-19 22:53:25.998195 -76 -71 -69 -70 -61 
2016-05-19 22:53:26.100204 -66 -87 -69 -66 -63 
2016-05-19 22:53:26.206222 -60 -65 -75 -66 -69 
2016-05-19 22:53:26.330235 -63 -75 -69 -66 -67 
2016-05-19 22:53:26.434256 -71 -66 -70 -67 -63 
2016-05-19 22:53:26.573270 -66 -72 -73 -71 -56 
2016-05-19 22:53:26.751293 -63 -73 -68 -72 -56 
2016-05-19 22:53:26.856306 -67 -74 -71 -63 -60 
2016-05-19 22:53:27.054337 -66 -74 -76 -64 -62 
2016-05-19 22:53:27.154349 -61 -68 -73 -68 -62 
2016-05-19 22:53:27.361503 -55 -79 -73 -67 -58 
2016-05-19 22:53:27.465518 -53 -74 -76 -64 -50 
2016-05-19 22:53:27.777557 -65 -65 -75 -80 -55 
2016-05-19 22:53:27.884445 -57 -70 -74 -59 -55 
2016-05-19 22:53:28.088467 -52 -69 -75 -54 -53 
2016-05-19 22:53:28.195479 -58 -70 -75 -53 -52 
2016-05-19 22:53:28.300492 -51 -69 -70 -65 -52 
2016-05-19 22:53:28.622538 -56 -78 -82 -64 -54 
2016-05-19 22:53:28.837568 -54 -72 -70 -74 -59 
2016-05-19 22:53:28.946580 -54 -64 -72 -63 -57 
2016-05-19 22:53:29.045589 -54 -69 -85 -80 -68 
2016-05-19 22:53:29.157607 -55 -65 -73 -65 -54 
2016-05-19 22:53:29.295622 -57 -70 -76 -66 -70 
2016-05-19 22:53:29.397639 -62 -77 -79 -62 -65 
2016-05-19 22:53:29.504660 -59 -69 -73 -74 -51 
2016-05-19 22:53:29.609664 -59 -74 -80 -65 -55 
2016-05-19 22:53:29.811685 -59 -70 -75 -72 -57 
2016-05-19 22:53:29.915696 -65 -74 -71 -67 -57 
2016-05-19 22:53:30.019717 -58 -71 -75 -63 -57 
2016-05-19 22:53:30.184738 -62 -73 -78 -71 -59 
2016-05-19 22:53:30.295746 -72 -76 -71 -71 -70 
2016-05-19 22:53:30.433895 -58 -78 -67 -75 -58 
2016-05-19 22:53:30.539785 -62 -68 -67 -72 -58 
2016-05-19 22:53:30.643794 -69 -82 -74 -67 -57 
2016-05-19 22:53:30.751809 -60 -70 -69 -67 -53 
2016-05-19 22:53:30.857953 -60 -75 -78 -62 -66 
2016-05-19 22:53:30.963836 -59 -67 -69 -69 -54 
2016-05-19 22:53:31.171863 -60 -69 -70 -67 -61 
2016-05-19 22:53:31.370018 -65 -70 -71 -69 -62 
2016-05-19 22:53:31.471902 -61 -69 -69 -64 -52 
2016-05-19 22:53:31.579920 -60 -68 -71 -74 -62 
2016-05-19 22:53:31.792944 -63 -68 -81 -69 -61 
2016-05-19 22:53:32.000969 -67 -74 -82 -67 -66 
2016-05-19 22:53:32.117054 -59 -70 -70 -68 -57 
2016-05-19 22:53:32.425031 -64 -74 -68 -79 -52 
2016-05-19 22:53:32.541039 -61 -68 -72 -69 -57 
2016-05-19 22:53:32.743068 -69 -70 -72 -71 -55 
2016-05-19 22:53:32.922220 -62 -73 -66 -68 -54 
2016-05-19 22:53:33.030110 -66 -75 -74 -77 -59 
2016-05-19 22:53:33.169124 -62 -67 -72 -71 -58 
2016-05-19 22:53:33.270140 -61 -78 -72 -85 -59 
2016-05-19 22:53:33.542173 -62 -74 -67 -67 -58 
2016-05-19 22:53:33.855217 -69 -72 -74 -71 -55 
2016-05-19 22:53:33.962356 -62 -72 -76 -64 -52 
2016-05-19 22:53:34.063241 -64 -72 -66 -66 -59 
2016-05-19 22:53:34.170383 -63 -73 -79 -64 -52 
2016-05-19 22:53:34.271265 -74 -71 -73 -66 -58 
2016-05-19 22:53:34.430301 -63 -73 -74 -68 -57 
2016-05-19 22:53:34.639325 -64 -73 -78 -65 -58 
2016-05-19 22:53:34.851349 -65 -74 -75 -64 -58 
2016-05-19 22:53:35.006368 -61 -71 -75 -73 -55 
2016-05-19 22:53:35.104384 -81 -71 -67 -64 -59 
2016-05-19 22:53:35.212398 -64 -71 -80 -74 -54 
2016-05-19 22:53:35.271409 -75 -75 -76 -66 -58 
2016-05-19 22:53:35.477437 -69 -70 -79 -72 -59 
2016-05-19 22:53:35.584446 -68 -76 -75 -67 -63 
2016-05-19 22:53:35.997502 -63 -69 -70 -69 -54 
2016-05-19 22:53:36.165527 -66 -65 -75 -64 -53 
2016-05-19 22:53:36.320547 -62 -71 -73 -69 -54 
2016-05-19 22:53:36.678590 -58 -72 -81 -67 -54 
2016-05-19 22:53:36.881613 -60 -73 -75 -65 -57 
2016-05-19 22:53:37.005637 -66 -68 -76 -61 -61 
2016-05-19 22:53:37.108646 -59 -71 -74 -69 -53 
2016-05-19 22:53:37.214659 -70 -74 -71 -63 -61 
2016-05-19 22:53:37.469693 -60 -67 -80 -67 -57 
2016-05-19 22:53:37.568706 -61 -74 -74 -74 -59 
2016-05-19 22:53:37.759731 -63 -73 -70 -68 -59 
2016-05-19 22:53:38.009763 -67 -77 -66 -75 -59 
2016-05-19 22:53:38.181782 -60 -73 -72 -72 -57 
2016-05-19 22:53:38.286796 -61 -69 -67 -76 -54 
2016-05-19 22:53:38.398814 -62 -69 -86 -68 -53 
2016-05-19 22:53:38.502828 -68 -72 -74 -71 -55 
2016-05-19 22:53:38.610972 -62 -75 -80 -66 -52 
2016-05-19 22:53:38.804867 -61 -73 -82 -65 -55 
2016-05-19 22:53:38.931014 -63 -71 -69 -69 -56 
2016-05-19 22:53:39.143912 -60 -69 -71 -64 -59 
2016-05-19 22:53:39.344938 -69 -70 -74 -67 -65 
2016-05-19 22:53:39.477988 -61 -70 -69 -70 -53 
2016-05-19 22:53:39.688976 -60 -69 -68 -68 -53 
2016-05-19 22:53:39.790986 -65 -73 -69 -68 -58 
2016-05-19 22:53:39.892002 -85 -63 -70 -68 -53 
2016-05-19 22:53:39.993015 -62 -71 -70 -81 -57 
2016-05-19 22:53:40.095032 -65 -68 -67 -66 -70 
2016-05-19 22:53:40.246045 -66 -76 -81 -69 -62 
2016-05-19 22:53:40.356060 -62 -62 -70 -65 -62 
2016-05-19 22:53:40.509083 -77 -77 -69 -69 -55 
2016-05-19 22:53:40.618097 -64 -67 -70 -79 -59 
2016-05-19 22:53:40.724111 -69 -74 -77 -72 -59 
2016-05-19 22:53:40.938139 -70 -67 -70 -63 -58 
2016-05-19 22:53:41.040156 -65 -72 -85 -75 -57 
2016-05-19 22:53:41.146163 -71 -68 -82 -62 -55 
2016-05-19 22:53:41.331319 -64 -65 -83 -75 -55 
2016-05-19 22:53:41.437209 -66 -68 -78 -72 -68 
2016-05-19 22:53:41.720245 -65 -66 -76 -63 -54 
2016-05-19 22:53:41.826252 -66 -72 -72 -66 -62 
2016-05-19 22:53:41.935272 -56 -73 -81 -69 -63 
2016-05-19 22:53:42.060289 -61 -69 -73 -64 -55 
2016-05-19 22:53:42.188302 -71 -72 -75 -60 -60 
2016-05-19 22:53:42.604356 -68 -69 -74 -72 -52 
2016-05-19 22:53:42.768378 -71 -69 -73 -68 -57 
2016-05-19 22:53:42.875520 -70 -73 -71 -63 -51 
2016-05-19 22:53:43.296444 -64 -75 -73 -66 -58 
2016-05-19 22:53:43.405464 -67 -73 -81 -66 -50 
2016-05-19 22:53:43.512475 -62 -77 -73 -68 -55 
2016-05-19 22:53:43.618488 -71 -66 -74 -74 -57 
2016-05-19 22:53:43.826513 -64 -73 -69 -68 -54 
2016-05-19 22:53:44.072548 -60 -84 -76 -73 -56 
2016-05-19 22:53:44.236567 -63 -68 -72 -70 -65 
2016-05-19 22:53:44.450601 -67 -73 -72 -67 -61 
2016-05-19 22:53:44.656622 -63 -66 -74 -66 -58 
2016-05-19 22:53:44.758663 -69 -67 -68 -70 -56 
2016-05-19 22:53:44.968665 -66 -82 -75 -67 -56 
2016-05-19 22:53:45.081677 -62 -67 -73 -71 -59 
2016-05-19 22:53:45.289707 -60 -72 -74 -68 -59 
2016-05-19 22:53:45.391718 -67 -78 -74 -77 -63 
2016-05-19 22:53:45.496732 -60 -65 -77 -68 -68 
2016-05-19 22:53:45.703761 -61 -72 -73 -74 -67 
2016-05-19 22:53:45.916786 -59 -77 -69 -66 -65 
2016-05-19 22:53:46.078810 -60 -70 -69 -80 -65 
2016-05-19 22:53:46.385854 -60 -62 -73 -69 -69 
2016-05-19 22:53:46.596006 -62 -65 -69 -75 -63 
2016-05-19 22:53:46.752899 -60 -74 -70 -68 -65 
2016-05-19 22:53:46.856910 -60 -74 -68 -66 -66 
2016-05-19 22:53:46.964926 -63 -70 -74 -66 -72 
2016-05-19 22:53:47.073941 -66 -66 -68 -77 -64 
2016-05-19 22:53:47.178954 -62 -74 -71 -70 -59 
2016-05-19 22:53:47.285972 -60 -65 -69 -72 -64 
2016-05-19 22:53:47.550002 -62 -65 -71 -70 -64 
2016-05-19 22:53:47.750028 -59 -67 -69 -68 -61 
2016-05-19 22:53:47.886049 -64 -69 -76 -78 -58 
2016-05-19 22:53:47.995060 -60 -74 -69 -68 -54 
2016-05-19 22:53:48.166086 -63 -74 -68 -69 -62 
2016-05-19 22:53:48.272094 -62 -67 -76 -76 -52 
2016-05-19 22:53:48.452249 -64 -70 -77 -83 -59 
2016-05-19 22:53:48.553134 -65 -74 -73 -74 -63 
2016-05-19 22:53:48.737156 -65 -80 -72 -74 -58 
2016-05-19 22:53:48.843171 -61 -68 -78 -75 -60 
2016-05-19 22:53:48.948314 -61 -74 -74 -88 -61 
2016-05-19 22:53:49.216223 -67 -71 -75 -79 -70 
2016-05-19 22:53:49.322231 -59 -69 -75 -68 -52 
2016-05-19 22:53:49.566270 -60 -77 -75 -70 -62 
2016-05-19 22:53:49.671283 -68 -80 -81 -74 -60 
2016-05-19 22:53:49.818300 -73 -71 -73 -81 -65 
2016-05-19 22:53:49.919312 -87 -69 -79 -76 -56 
2016-05-19 22:53:50.025326 -64 -78 -72 -70 -60 
2016-05-19 22:53:50.202345 -74 -82 -77 -85 -60 
2016-05-19 22:53:50.372501 -64 -70 -86 -71 -61 
2016-05-19 22:53:50.584399 -62 -72 -86 -77 -58 
2016-05-19 22:53:50.750420 -66 -76 -73 -74 -57 
2016-05-19 22:53:50.901448 -64 -69 -75 -75 -62 
2016-05-19 22:53:51.110468 -60 -75 -71 -78 -59 
2016-05-19 22:53:51.318495 -59 -74 -76 -73 -58 
2016-05-19 22:53:51.423508 -61 -73 -76 -67 -63 
2016-05-19 22:53:51.530522 -78 -73 -84 -73 -59 
2016-05-19 22:53:51.637539 -64 -71 -74 -69 -62 
2016-05-19 22:53:51.746553 -73 -72 -74 -74 -55 
2016-05-19 22:53:51.867564 -61 -78 -74 -68 -61 
2016-05-19 22:53:52.071597 -70 -72 -76 -75 -61 
2016-05-19 22:53:52.176611 -67 -71 -75 -74 -64 
2016-05-19 22:53:52.279620 -65 -69 -75 -71 -61 
2016-05-19 22:53:52.386638 -70 -71 -75 -81 -64 
2016-05-19 22:53:52.494648 -69 -77 -70 -67 -55 
2016-05-19 22:53:52.685673 -67 -77 -71 -72 -62 
2016-05-19 22:53:52.789687 -76 -73 -71 -81 -59 
2016-05-19 22:53:52.996843 -71 -78 -69 -75 -60 
2016-05-19 22:53:53.100856 -63 -75 -75 -84 -64 
2016-05-19 22:53:53.200741 -72 -72 -71 -78 -58 
2016-05-19 22:53:53.309755 -63 -68 -77 -75 -64 
2016-05-19 22:53:53.408768 -72 -74 -70 -81 -65 
2016-05-19 22:53:53.513782 -64 -71 -77 -70 -64 
2016-05-19 22:53:53.654799 -77 -78 -70 -81 -59 
2016-05-19 22:53:53.924963 -74 -78 -82 -74 -59 
2016-05-19 22:53:54.187867 -69 -78 -69 -75 -61 
2016-05-19 22:53:54.297881 -68 -80 -79 -79 -69 
2016-05-19 22:53:54.397901 -64 -74 -72 -83 -64 
2016-05-19 22:53:54.506924 -64 -81 -83 -83 -63 
2016-05-19 22:53:54.610932 -60 -79 -71 -71 -66 
2016-05-19 22:53:54.713947 -66 -74 -76 -76 -63 
2016-05-19 22:53:54.814970 -61 -77 -68 -70 -65 
2016-05-19 22:53:54.925112 -66 -73 -78 -75 -58 
2016-05-19 22:53:55.217022 -63 -78 -73 -73 -68 
2016-05-19 22:53:55.325155 -67 -71 -70 -74 -65 
2016-05-19 22:53:55.491047 -64 -69 -80 -73 -75 
2016-05-19 22:53:55.601061 -59 -65 -71 -77 -67 
2016-05-19 22:53:55.810089 -66 -73 -70 -78 -60 
2016-05-19 22:53:56.003111 -57 -68 -88 -68 -69 
2016-05-19 22:53:56.105126 -63 -71 -70 -66 -58 
2016-05-19 22:53:56.216141 -63 -65 -73 -70 -82 
2016-05-19 22:53:56.388164 -56 -69 -71 -62 -62 
2016-05-19 22:53:56.490178 -57 -77 -80 -74 -67 
2016-05-19 22:53:56.858223 -62 -73 -74 -67 -72 
2016-05-19 22:53:57.074256 -65 -73 -77 -68 -61 
2016-05-19 22:53:57.182272 -58 -68 -69 -67 -68 
2016-05-19 22:53:57.378291 -59 -66 -81 -66 -75 
2016-05-19 22:53:57.486308 -55 -69 -72 -68 -61 
2016-05-19 22:53:57.620325 -63 -68 -73 -68 -60 
2016-05-19 22:53:57.795348 -59 -87 -79 -68 -65 
2016-05-19 22:53:57.899361 -69 -68 -86 -74 -68 
2016-05-19 22:53:58.004375 -58 -76 -83 -69 -65 
2016-05-19 22:53:58.150395 -58 -69 -65 -69 -69 
2016-05-19 22:53:58.327423 -58 -71 -66 -78 -58 
2016-05-19 22:53:58.435431 -57 -72 -65 -66 -60 
2016-05-19 22:53:58.539446 -56 -86 -75 -74 -60 
2016-05-19 22:53:58.644458 -69 -65 -75 -66 -63 
2016-05-19 22:53:58.747477 -56 -66 -68 -75 -60 
2016-05-19 22:53:58.957630 -59 -67 -69 -76 -64 
2016-05-19 22:53:59.150525 -59 -81 -68 -76 -57 
2016-05-19 22:53:59.254538 -57 -74 -68 -74 -57 
2016-05-19 22:53:59.415560 -61 -65 -68 -66 -59 
2016-05-19 22:53:59.518570 -51 -65 -69 -71 -57 
2016-05-19 22:53:59.624587 -61 -63 -75 -68 -52 
2016-05-19 22:54:00.005766 -53 -68 -71 -75 -56 
2016-05-19 22:54:00.218662 -53 -66 -69 -75 -69 
2016-05-19 22:54:00.330680 -52 -80 -74 -77 -59 
2016-05-19 22:54:00.455695 -61 -66 -75 -69 -75 
2016-05-19 22:54:00.644720 -57 -65 -74 -66 -68 
2016-05-19 22:54:00.853878 -58 -67 -73 -68 -64 
2016-05-19 22:54:01.036772 -60 -73 -91 -70 -66 
2016-05-19 22:54:01.144786 -58 -68 -73 -75 -61 
2016-05-19 22:54:01.305807 -61 -67 -76 -81 -62 
2016-05-19 22:54:01.413952 -58 -72 -78 -74 -65 
2016-05-19 22:54:01.692862 -62 -66 -70 -82 -58 
2016-05-19 22:54:02.007903 -59 -70 -68 -85 -58 
2016-05-19 22:54:02.116912 -59 -68 -71 -68 -56 
2016-05-19 22:54:02.224926 -57 -66 -69 -71 -63 
2016-05-19 22:54:02.335943 -60 -72 -68 -89 -57 
2016-05-19 22:54:02.444955 -60 -66 -67 -70 -62 
2016-05-19 22:54:02.551968 -54 -68 -65 -74 -56 
2016-05-19 22:54:02.654983 -62 -69 -66 -81 -58 
2016-05-19 22:54:02.832009 -54 -64 -71 -69 -61 
2016-05-19 22:54:03.343077 -54 -64 -70 -74 -60 
2016-05-19 22:54:03.410081 -60 -66 -63 -65 -63 
2016-05-19 22:54:03.514091 -62 -70 -73 -84 -57 
2016-05-19 22:54:03.618114 -57 -61 -66 -63 -63 
2016-05-19 22:54:03.727133 -61 -69 -75 -74 -57 
2016-05-19 22:54:03.887151 -61 -60 -78 -88 -64 
2016-05-19 22:54:03.991157 -59 -73 -82 -83 -60 
2016-05-19 22:54:04.128179 -58 -69 -69 -73 -61 
2016-05-19 22:54:04.334333 -66 -69 -73 -76 -66 
2016-05-19 22:54:04.435216 -56 -72 -75 -76 -60 
2016-05-19 22:54:04.715252 -67 -69 -68 -78 -56 
2016-05-19 22:54:04.924276 -66 -68 -71 -76 -63 
2016-05-19 22:54:05.063301 -64 -66 -75 -75 -61 
2016-05-19 22:54:05.268329 -68 -67 -67 -72 -57 
2016-05-19 22:54:05.451348 -61 -70 -67 -71 -59 
2016-05-19 22:54:05.662505 -66 -70 -70 -71 -56 
2016-05-19 22:54:05.867403 -60 -71 -73 -71 -53 
2016-05-19 22:54:06.082430 -66 -71 -72 -69 -54 
2016-05-19 22:54:06.185444 -57 -69 -76 -75 -56 
2016-05-19 22:54:06.596498 -57 -75 -79 -69 -53 
2016-05-19 22:54:06.720514 -59 -77 -74 -77 -61 
2016-05-19 22:54:06.820527 -70 -78 -74 -74 -51 
2016-05-19 22:54:06.923545 -59 -73 -72 -65 -54 
2016-05-19 22:54:07.095563 -64 -71 -75 -76 -53 
2016-05-19 22:54:07.202576 -61 -71 -75 -78 -62 
2016-05-19 22:54:07.388606 -77 -77 -73 -74 -69 
2016-05-19 22:54:07.497616 -74 -70 -74 -76 -65 
2016-05-19 22:54:07.755649 -73 -70 -77 -70 -62 
2016-05-19 22:54:07.862793 -65 -71 -77 -87 -64 
2016-05-19 22:54:07.965676 -66 -73 -75 -82 -56 
2016-05-19 22:54:08.068701 -62 -73 -74 -74 -61 
2016-05-19 22:54:08.279714 -62 -72 -77 -72 -63 
2016-05-19 22:54:08.479740 -65 -68 -83 -72 -63 
2016-05-19 22:54:08.582887 -76 -68 -75 -69 -56 
2016-05-19 22:54:08.684767 -63 -63 -83 -75 -59 
2016-05-19 22:54:08.801786 -69 -67 -77 -74 -74 
2016-05-19 22:54:08.941804 -68 -71 -79 -74 -63 
2016-05-19 22:54:09.114823 -71 -72 -84 -73 -66 
2016-05-19 22:54:09.315853 -66 -70 -83 -69 -58 
2016-05-19 22:54:09.959067 -70 -70 -82 -75 -61 
2016-05-19 22:54:10.229969 -62 -71 -83 -75 -63 
2016-05-19 22:54:10.370990 -66 -73 -73 -68 -59 
2016-05-19 22:54:10.579024 -66 -74 -76 -67 -67 
2016-05-19 22:54:10.892059 -74 -68 -75 -66 -65 
2016-05-19 22:54:10.997085 -65 -74 -80 -67 -63 
2016-05-19 22:54:11.101087 -74 -70 -76 -68 -70 
2016-05-19 22:54:11.314118 -61 -74 -79 -67 -64 
2016-05-19 22:54:11.418127 -83 -71 -74 -70 -60 
2016-05-19 22:54:11.595149 -64 -68 -83 -69 -67 
2016-05-19 22:54:11.696164 -70 -72 -78 -75 -77 
2016-05-19 22:54:11.886188 -63 -70 -83 -72 -73 
2016-05-19 22:54:12.003202 -65 -66 -81 -77 -66 
2016-05-19 22:54:12.106210 -76 -74 -78 -71 -82 
2016-05-19 22:54:12.214227 -67 -65 -86 -72 -68 
2016-05-19 22:54:12.339244 -62 -72 -77 -74 -60 
2016-05-19 22:54:12.779301 -68 -68 -83 -73 -61 
2016-05-19 22:54:12.952320 -65 -71 -79 -77 -66 
2016-05-19 22:54:13.159476 -67 -68 -82 -77 -67 
2016-05-19 22:54:13.261361 -65 -70 -82 -78 -61 
2016-05-19 22:54:13.369378 -66 -69 -83 -78 -60 
2016-05-19 22:54:13.684439 -66 -76 -80 -71 -61 
2016-05-19 22:54:13.785426 -60 -80 -81 -69 -60 
2016-05-19 22:54:13.886446 -73 -71 -77 -72 -63 
2016-05-19 22:54:13.989459 -62 -80 -79 -71 -69 
2016-05-19 22:54:14.140473 -78 -84 -83 -74 -60 
2016-05-19 22:54:14.247620 -87 -85 -83 -68 -75 
2016-05-19 22:54:14.461518 -63 -69 -83 -69 -63 
2016-05-19 22:54:14.775689 -68 -75 -79 -72 -64 
2016-05-19 22:54:14.991735 -70 -73 -79 -72 -66 
2016-05-19 22:54:15.199743 -79 -70 -80 -70 -61 
2016-05-19 22:54:15.348634 -65 -65 -81 -68 -70 
2016-05-19 22:54:15.455777 -77 -86 -81 -70 -61 
2016-05-19 22:54:15.673676 -66 -74 -80 -72 -70 
2016-05-19 22:54:15.780694 -76 -66 -82 -79 -68 
2016-05-19 22:54:15.981732 -73 -75 -80 -71 -75 
2016-05-19 22:54:16.245748 -71 -76 -76 -71 -64 
2016-05-19 22:54:16.402771 -61 -65 -74 -68 -62 
2016-05-19 22:54:16.762817 -68 -76 -73 -72 -61 
2016-05-19 22:54:16.818825 -67 -66 -81 -69 -65 
2016-05-19 22:54:16.974853 -78 -80 -83 -71 -67 
2016-05-19 22:54:17.184877 -70 -75 -85 -71 -63 
2016-05-19 22:54:17.393900 -74 -76 -80 -72 -58 
2016-05-19 22:54:17.700938 -64 -75 -84 -70 -68 
2016-05-19 22:54:17.810953 -74 -83 -75 -69 -58 
2016-05-19 22:54:18.025982 -69 -78 -89 -71 -67 
2016-05-19 22:54:18.271012 -60 -80 -74 -71 -57 
2016-05-19 22:54:18.435040 -65 -79 -83 -68 -71 
2016-05-19 22:54:18.543074 -72 -68 -72 -70 -58 
2016-05-19 22:54:18.675072 -72 -77 -74 -70 -64 
2016-05-19 22:54:18.963106 -68 -70 -79 -70 -66 
2016-05-19 22:54:19.069120 -61 -72 -72 -68 -57 
2016-05-19 22:54:19.281144 -70 -68 -71 -70 -67 
2016-05-19 22:54:19.385193 -74 -66 -80 -72 -75 
2016-05-19 22:54:19.495178 -69 -71 -78 -69 -58 
2016-05-19 22:54:19.636191 -71 -75 -83 -68 -64 
2016-05-19 22:54:19.744337 -68 -70 -81 -73 -73 
2016-05-19 22:54:19.852222 -75 -75 -79 -69 -63 
2016-05-19 22:54:19.960369 -69 -73 -74 -72 -73 
2016-05-19 22:54:20.069252 -74 -66 -89 -68 -57 
2016-05-19 22:54:20.388292 -61 -71 -75 -74 -70 
2016-05-19 22:54:20.604320 -74 -73 -73 -70 -73 
2016-05-19 22:54:20.796343 -68 -69 -75 -68 -58 
2016-05-19 22:54:20.956376 -62 -78 -74 -73 -63 
2016-05-19 22:54:21.164394 -63 -76 -72 -72 -67 
2016-05-19 22:54:21.317424 -60 -76 -83 -76 -67 
2016-05-19 22:54:21.425432 -68 -65 -75 -74 -69 
2016-05-19 22:54:21.835484 -67 -68 -80 -75 -71 
2016-05-19 22:54:21.946493 -60 -74 -88 -67 -68 
2016-05-19 22:54:22.153522 -67 -70 -83 -70 -70 
2016-05-19 22:54:22.358549 -59 -74 -84 -72 -69 
2016-05-19 22:54:22.467566 -68 -66 -85 -72 -58 
2016-05-19 22:54:22.669604 -69 -73 -79 -72 -69 
2016-05-19 22:54:22.816739 -69 -74 -85 -68 -62 
2016-05-19 22:54:22.918623 -71 -66 -73 -73 -58 
2016-05-19 22:54:23.239665 -61 -70 -77 -69 -58 
2016-05-19 22:54:23.379684 -67 -66 -80 -73 -58 
2016-05-19 22:54:23.482710 -68 -74 -73 -67 -68 
2016-05-19 22:54:23.559720 -65 -66 -80 -74 -58 
2016-05-19 22:54:23.669721 -68 -74 -79 -67 -66 
2016-05-19 22:54:23.837743 -61 -75 -76 -72 -67 
2016-05-19 22:54:24.089775 -72 -71 -78 -69 -68 
2016-05-19 22:54:24.190792 -66 -73 -78 -75 -70 
2016-05-19 22:54:24.300808 -71 -74 -86 -68 -67 
2016-05-19 22:54:24.613852 -60 -67 -83 -71 -66 
2016-05-19 22:54:24.721863 -71 -74 -80 -69 -58 
2016-05-19 22:54:24.825008 -59 -64 -72 -76 -67 
2016-05-19 22:54:24.925897 -71 -75 -80 -68 -58 
2016-05-19 22:54:25.029905 -69 -65 -73 -73 -70 
2016-05-19 22:54:25.134919 -71 -77 -81 -71 -58 
2016-05-19 22:54:25.321969 -68 -66 -85 -70 -58 
2016-05-19 22:54:25.425087 -59 -74 -82 -76 -65 
2016-05-19 22:54:25.533966 -66 -73 -87 -69 -73 
2016-05-19 22:54:25.639979 -59 -74 -80 -75 -65 
2016-05-19 22:54:25.851033 -64 -74 -84 -70 -65 
2016-05-19 22:54:26.052029 -68 -74 -74 -72 -59 
2016-05-19 22:54:26.267066 -63 -77 -76 -73 -63 
2016-05-19 22:54:26.462082 -64 -74 -78 -77 -59 
2016-05-19 22:54:26.794128 -69 -80 -80 -69 -63 
2016-05-19 22:54:26.905271 -60 -65 -76 -69 -69 
2016-05-19 22:54:27.046176 -70 -75 -74 -69 -63 
2016-05-19 22:54:27.242183 -72 -75 -81 -69 -63 
2016-05-19 22:54:27.560228 -60 -67 -84 -72 -61 
2016-05-19 22:54:27.878270 -66 -70 -73 -71 -67 
2016-05-19 22:54:27.982319 -59 -71 -71 -76 -65 
2016-05-19 22:54:28.085297 -67 -64 -81 -69 -70 
2016-05-19 22:54:28.189310 -60 -73 -81 -74 -64 
2016-05-19 22:54:28.298325 -68 -65 -78 -69 -70 
2016-05-19 22:54:28.517357 -60 -68 -73 -70 -72 
2016-05-19 22:54:28.726384 -60 -69 -72 -70 -61 
2016-05-19 22:54:28.830394 -59 -72 -83 -74 -70 
2016-05-19 22:54:28.932405 -70 -65 -89 -69 -58 
2016-05-19 22:54:29.151439 -69 -74 -72 -69 -61 
2016-05-19 22:54:29.358463 -59 -77 -73 -70 -61 
2016-05-19 22:54:29.492478 -65 -65 -80 -73 -70 
2016-05-19 22:54:29.701511 -71 -72 -86 -74 -71 
2016-05-19 22:54:29.867527 -59 -73 -86 -67 -64 
2016-05-19 22:54:30.081685 -60 -65 -78 -67 -63 
2016-05-19 22:54:30.188571 -67 -73 -73 -73 -64 
2016-05-19 22:54:30.298586 -71 -66 -84 -71 -70 
2016-05-19 22:54:30.400598 -67 -75 -79 -72 -64 
2016-05-19 22:54:30.502610 -59 -65 -86 -70 -58 
2016-05-19 22:54:30.576626 -71 -72 -74 -74 -64 
2016-05-19 22:54:30.733643 -63 -82 -74 -68 -69 
2016-05-19 22:54:31.157695 -63 -70 -73 -70 -63 
2016-05-19 22:54:31.395729 -60 -78 -73 -70 -64 
2016-05-19 22:54:31.581757 -65 -68 -74 -71 -58 
2016-05-19 22:54:31.791784 -69 -73 -73 -71 -64 
2016-05-19 22:54:31.994807 -63 -76 -86 -70 -63 
2016-05-19 22:54:32.134844 -70 -77 -78 -75 -61 
2016-05-19 22:54:32.286849 -69 -85 -84 -70 -64 
2016-05-19 22:54:32.494874 -72 -76 -86 -69 -62 
2016-05-19 22:54:32.596890 -63 -80 -75 -78 -59 
2016-05-19 22:54:32.839919 -75 -76 -75 -70 -62 
2016-05-19 22:54:33.058952 -76 -74 -84 -77 -61 
2016-05-19 22:54:33.178096 -65 -69 -77 -77 -59 
2016-05-19 22:54:33.368994 -72 -76 -81 -71 -64 
2016-05-19 22:54:33.510006 -80 -70 -82 -71 -62 
2016-05-19 22:54:33.672031 -69 -72 -74 -68 -61 
2016-05-19 22:54:33.779041 -69 -70 -77 -78 -65 
2016-05-19 22:54:33.880058 -82 -76 -74 -67 -60 
2016-05-19 22:54:33.987102 -70 -70 -83 -77 -66 
2016-05-19 22:54:34.090221 -82 -71 -79 -69 -62 
2016-05-19 22:54:34.194224 -70 -71 -85 -77 -66 
2016-05-19 22:54:34.302114 -80 -71 -73 -68 -59 
2016-05-19 22:54:34.405123 -65 -70 -81 -76 -62 
2016-05-19 22:54:34.507140 -78 -72 -75 -67 -60 
2016-05-19 22:54:34.753165 -69 -86 -79 -70 -66 
2016-05-19 22:54:35.059208 -71 -72 -75 -71 -63 
2016-05-19 22:54:35.214228 -71 -83 -81 -72 -64 
2016-05-19 22:54:35.357252 -81 -72 -74 -73 -61 
2016-05-19 22:54:35.567278 -73 -77 -81 -71 -61 
2016-05-19 22:54:35.774302 -74 -71 -81 -70 -64 
2016-05-19 22:54:35.877318 -70 -79 -81 -76 -61 
2016-05-19 22:54:36.239363 -78 -72 -77 -69 -64 
2016-05-19 22:54:36.538540 -73 -72 -80 -69 -62 
2016-05-19 22:54:36.751430 -71 -70 -83 -72 -63 
2016-05-19 22:54:36.858441 -69 -81 -75 -76 -66 
2016-05-19 22:54:36.964457 -67 -71 -84 -68 -58 
2016-05-19 22:54:37.118476 -65 -84 -73 -70 -65 
2016-05-19 22:54:37.281498 -66 -90 -86 -73 -64 
2016-05-19 22:54:37.384512 -62 -70 -83 -71 -59 
2016-05-19 22:54:37.488523 -67 -83 -71 -76 -64 
2016-05-19 22:54:37.697558 -67 -69 -74 -74 -61 
2016-05-19 22:54:37.801565 -63 -69 -84 -69 -59 
2016-05-19 22:54:37.904580 -65 -72 -75 -83 -62 
2016-05-19 22:54:38.122616 -63 -71 -73 -75 -62 
2016-05-19 22:54:38.216621 -63 -71 -80 -68 -58 
2016-05-19 22:54:38.551665 -65 -69 -80 -73 -58 
2016-05-19 22:54:38.658807 -69 -80 -82 -69 -64 
2016-05-19 22:54:38.764692 -67 -70 -78 -71 -64 
2016-05-19 22:54:38.874835 -71 -71 -74 -67 -59 
2016-05-19 22:54:38.980747 -66 -71 -81 -71 -65 
2016-05-19 22:54:39.177751 -66 -72 -79 -70 -58 
2016-05-19 22:54:39.282889 -64 -70 -81 -69 -64 
2016-05-19 22:54:39.367783 -68 -72 -73 -75 -58 
2016-05-19 22:54:39.477804 -72 -70 -83 -68 -63 
2016-05-19 22:54:39.577812 -65 -74 -71 -76 -59 
2016-05-19 22:54:39.783824 -63 -71 -79 -71 -65 
2016-05-19 22:54:39.944846 -64 -70 -76 -71 -63 
2016-05-19 22:54:40.046860 -67 -71 -80 -76 -59 
2016-05-19 22:54:40.153871 -68 -72 -81 -71 -67 
2016-05-19 22:54:40.341904 -66 -79 -71 -75 -63 
2016-05-19 22:54:40.548964 -64 -75 -72 -71 -62 
2016-05-19 22:54:40.756955 -67 -70 -74 -71 -65 
2016-05-19 22:54:40.967985 -65 -69 -79 -73 -67 
2016-05-19 22:54:41.154002 -66 -72 -83 -72 -59 
2016-05-19 22:54:41.354028 -61 -72 -78 -71 -65 
2016-05-19 22:54:41.565058 -62 -78 -75 -71 -61 
2016-05-19 22:54:41.724115 -68 -81 -76 -75 -64 
2016-05-19 22:54:41.913107 -67 -73 -80 -70 -60 
2016-05-19 22:54:42.016117 -67 -72 -75 -76 -65 
2016-05-19 22:54:42.150148 -68 -76 -79 -78 -59 
2016-05-19 22:54:42.360163 -63 -79 -76 -78 -62 
2016-05-19 22:54:42.498184 -70 -84 -79 -75 -66 
2016-05-19 22:54:42.603322 -62 -69 -72 -80 -60 
2016-05-19 22:54:42.820222 -67 -69 -79 -73 -60 
2016-05-19 22:54:42.943241 -64 -75 -78 -67 -64 
2016-05-19 22:54:43.197272 -70 -75 -80 -76 -63 
2016-05-19 22:54:43.299413 -69 -73 -82 -66 -69 
2016-05-19 22:54:43.406299 -72 -83 -73 -76 -59 
2016-05-19 22:54:43.579463 -63 -75 -74 -68 -67 
2016-05-19 22:54:43.786348 -65 -77 -74 -74 -66 
2016-05-19 22:54:43.976374 -65 -71 -83 -72 -63 
2016-05-19 22:54:44.097389 -69 -75 -83 -71 -67 
2016-05-19 22:54:44.405437 -65 -71 -83 -71 -63 
2016-05-19 22:54:44.513456 -69 -70 -84 -74 -59 
2016-05-19 22:54:44.934495 -68 -74 -83 -72 -62 
2016-05-19 22:54:45.186530 -65 -74 -85 -74 -62 
2016-05-19 22:54:45.351558 -66 -77 -76 -76 -57 
2016-05-19 22:54:45.554576 -66 -78 -83 -72 -67 
2016-05-19 22:54:45.859748 -62 -74 -80 -73 -65 
2016-05-19 22:54:45.960632 -63 -69 -75 -80 -59 
2016-05-19 22:54:46.173663 -68 -70 -79 -69 -64 
2016-05-19 22:54:46.275801 -62 -79 -76 -72 -69 
2016-05-19 22:54:46.491703 -60 -76 -79 -70 -61 
2016-05-19 22:54:46.593719 -68 -68 -79 -71 -64 
2016-05-19 22:54:46.701729 -61 -76 -79 -69 -60 
2016-05-19 22:54:46.803875 -69 -69 -81 -76 -68 
2016-05-19 22:54:46.906755 -64 -71 -81 -69 -60 
2016-05-19 22:54:47.014767 -71 -70 -78 -70 -64 
2016-05-19 22:54:47.123912 -68 -74 -81 -77 -60 
2016-05-19 22:54:47.324807 -62 -72 -76 -72 -63 
2016-05-19 22:54:47.427953 -65 -68 -75 -67 -67 
2016-05-19 22:54:47.535838 -66 -76 -78 -71 -59 
2016-05-19 22:54:47.642852 -70 -69 -75 -77 -66 
2016-05-19 22:54:47.776869 -64 -75 -75 -69 -63 
2016-05-19 22:54:47.881882 -65 -71 -85 -77 -59 
2016-05-19 22:54:48.090910 -68 -71 -82 -75 -60 
2016-05-19 22:54:48.188926 -71 -69 -79 -70 -69 
2016-05-19 22:54:48.400951 -68 -73 -77 -73 -65 
2016-05-19 22:54:48.523971 -67 -69 -81 -71 -59 
2016-05-19 22:54:48.628109 -68 -75 -78 -76 -71 
2016-05-19 22:54:48.798004 -66 -77 -81 -69 -61 
2016-05-19 22:54:49.205053 -77 -70 -79 -74 -63 
2016-05-19 22:54:49.310067 -60 -78 -80 -69 -59 
2016-05-19 22:54:49.418084 -73 -69 -81 -71 -68 
2016-05-19 22:54:49.524226 -65 -72 -81 -68 -65 
2016-05-19 22:54:49.627119 -69 -70 -81 -78 -66 
2016-05-19 22:54:49.737126 -65 -73 -83 -72 -58 
2016-05-19 22:54:49.842139 -71 -88 -81 -79 -63 
2016-05-19 22:54:49.929156 -62 -72 -84 -71 -59 
2016-05-19 22:54:50.120199 -63 -69 -78 -70 -61 
2016-05-19 22:54:50.270192 -61 -83 -74 -78 -72 
2016-05-19 22:54:50.482223 -60 -78 -77 -73 -60 
2016-05-19 22:54:50.589240 -73 -70 -83 -67 -70 
634
