2016-05-19 22:00:01.256637 -75 -82 -85 -86 -76 
2016-05-19 22:00:01.679697 -74 -86 -90 -78 -74 
2016-05-19 22:00:02.308910 -76 -86 -87 -79 -75 
2016-05-19 22:00:02.520799 -81 -80 -90 -83 -76 
2016-05-19 22:00:03.369917 -75 -80 -94 -84 -78 
2016-05-19 22:00:03.766965 -73 -84 -86 -86 -76 
2016-05-19 22:00:03.867978 -69 -82 -85 -85 -78 
2016-05-19 22:00:04.203026 -69 -83 -86 -85 -80 
2016-05-19 22:00:04.393046 -69 -80 -87 -87 -84 
2016-05-19 22:00:04.601071 -71 -83 -85 -86 -78 
2016-05-19 22:00:05.361170 -72 -82 -83 -84 -80 
2016-05-19 22:00:05.666210 -72 -85 -89 -84 -81 
2016-05-19 22:00:06.212284 -71 -83 -87 -83 -80 
2016-05-19 22:00:06.320301 -71 -85 -84 -84 -78 
2016-05-19 22:00:06.427312 -71 -80 -90 -86 -78 
2016-05-19 22:00:06.530329 -72 -83 -85 -84 -75 
2016-05-19 22:00:06.743353 -72 -82 -87 -85 -79 
2016-05-19 22:00:07.066393 -69 -83 -87 -82 -75 
2016-05-19 22:00:07.246416 -67 -84 -84 -84 -76 
2016-05-19 22:00:07.449446 -71 -81 -87 -85 -79 
2016-05-19 22:00:07.643471 -65 -88 -84 -83 -74 
2016-05-19 22:00:07.900510 -70 -82 -88 -86 -75 
2016-05-19 22:00:08.852629 -70 -82 -84 -86 -77 
2016-05-19 22:00:09.061785 -69 -84 -86 -81 -79 
2016-05-19 22:00:09.167670 -66 -87 -84 -87 -83 
2016-05-19 22:00:09.317691 -68 -80 -88 -86 -78 
2016-05-19 22:00:09.529718 -68 -86 -87 -85 -83 
2016-05-19 22:00:09.637860 -68 -83 -84 -81 -81 
2016-05-19 22:00:09.912768 -68 -80 -88 -86 -77 
2016-05-19 22:00:10.020786 -65 -81 -86 -89 -74 
2016-05-19 22:00:10.339824 -71 -80 -85 -82 -76 
2016-05-19 22:00:10.651861 -67 -82 -88 -83 -78 
2016-05-19 22:00:10.754886 -68 -80 -86 -82 -80 
2016-05-19 22:00:10.913899 -66 -83 -90 -89 -76 
2016-05-19 22:00:11.105927 -71 -83 -89 -84 -79 
2016-05-19 22:00:11.288954 -67 -81 -87 -82 -77 
2016-05-19 22:00:11.487973 -70 -83 -89 -82 -78 
2016-05-19 22:00:11.616987 -66 -86 -89 -85 -82 
2016-05-19 22:00:11.726133 -76 -80 -88 -86 -75 
2016-05-19 22:00:12.330083 -73 -83 -90 -84 -77 
2016-05-19 22:00:12.789149 -64 -85 -92 -83 -75 
2016-05-19 22:00:13.002169 -67 -82 -90 -81 -75 
2016-05-19 22:00:13.102181 -68 -85 -85 -80 -73 
2016-05-19 22:00:13.400223 -71 -81 -81 -84 -78 
2016-05-19 22:00:14.241338 -74 -83 -84 -80 -73 
2016-05-19 22:00:14.787402 -81 -85 -90 -80 -74 
2016-05-19 22:00:14.998434 -79 -82 -91 -86 -74 
2016-05-19 22:00:15.635515 -79 -89 -89 -82 -75 
2016-05-19 22:00:15.958559 -80 -91 -86 -83 -79 
2016-05-19 22:00:16.995692 -79 -86 -87 -81 -70 
2016-05-19 22:00:17.316739 -77 -80 -87 -83 -72 
2016-05-19 22:00:17.519761 -78 -85 -84 -79 -74 
2016-05-19 22:00:17.939816 -81 -88 -84 -83 -70 
2016-05-19 22:00:18.427885 -83 -90 -86 -85 -70 
2016-05-19 22:00:19.092972 -78 -86 -82 -81 -72 
2016-05-19 22:00:19.468020 -78 -84 -91 -79 -69 
2016-05-19 22:00:19.605041 -78 -82 -80 -81 -70 
2016-05-19 22:00:19.986090 -78 -85 -82 -81 -70 
2016-05-19 22:00:20.240124 -79 -84 -85 -84 -75 
2016-05-19 22:00:20.410146 -80 -89 -84 -80 -71 
2016-05-19 22:00:21.071362 -80 -85 -83 -82 -74 
2016-05-19 22:00:21.183380 -84 -81 -82 -80 -68 
2016-05-19 22:00:21.389267 -79 -88 -82 -80 -71 
2016-05-19 22:00:21.595294 -80 -83 -83 -80 -73 
2016-05-19 22:00:21.813319 -80 -87 -83 -79 -74 
2016-05-19 22:00:22.019356 -84 -85 -83 -80 -72 
2016-05-19 22:00:22.336390 -83 -87 -85 -82 -73 
2016-05-19 22:00:22.541417 -76 -83 -85 -80 -77 
2016-05-19 22:00:22.641430 -89 -88 -83 -81 -71 
2016-05-19 22:00:22.748441 -84 -84 -89 -82 -76 
2016-05-19 22:00:22.868457 -80 -86 -86 -80 -70 
2016-05-19 22:00:23.448532 -80 -84 -87 -80 -71 
2016-05-19 22:00:23.753573 -81 -86 -87 -80 -70 
2016-05-19 22:00:24.333649 -82 -84 -82 -80 -69 
2016-05-19 22:00:24.418660 -81 -87 -86 -83 -67 
2016-05-19 22:00:24.657698 -82 -89 -90 -80 -71 
2016-05-19 22:00:24.869722 -81 -86 -82 -81 -71 
2016-05-19 22:00:24.974736 -83 -83 -81 -85 -69 
2016-05-19 22:00:25.143887 -79 -89 -81 -80 -67 
2016-05-19 22:00:25.387793 -79 -82 -81 -82 -68 
2016-05-19 22:00:25.556812 -81 -85 -81 -82 -67 
2016-05-19 22:00:26.079880 -81 -83 -81 -82 -69 
2016-05-19 22:00:26.290906 -77 -84 -82 -82 -69 
2016-05-19 22:00:26.496062 -80 -90 -83 -82 -69 
2016-05-19 22:00:26.706961 -85 -85 -86 -78 -71 
2016-05-19 22:00:28.579204 -82 -81 -88 -83 -77 
2016-05-19 22:00:28.709225 -76 -86 -88 -88 -69 
2016-05-19 22:00:28.849239 -77 -80 -89 -86 -71 
2016-05-19 22:00:29.532330 -79 -83 -89 -84 -72 
2016-05-19 22:00:32.055660 -83 -85 -87 -82 -80 
2016-05-19 22:00:33.724883 -81 -84 -92 -82 -78 
2016-05-19 22:00:34.569126 -82 -84 -92 -84 -77 
2016-05-19 22:00:35.091064 -82 -85 -90 -80 -77 
2016-05-19 22:00:38.950557 -84 -86 -89 -83 -79 
2016-05-19 22:00:40.727793 -80 -85 -89 -87 -81 
2016-05-19 22:00:41.138847 -83 -85 -92 -87 -84 
2016-05-19 22:00:41.876943 -83 -84 -92 -88 -83 
2016-05-19 22:00:42.162980 -83 -87 -92 -82 -83 
2016-05-19 22:00:45.157371 -82 -85 -91 -85 -80 
2016-05-19 22:00:45.362526 -81 -84 -92 -84 -83 
2016-05-19 22:00:46.202509 -81 -84 -89 -87 -81 
2016-05-19 22:00:46.412535 -79 -86 -91 -82 -78 
2016-05-19 22:00:47.257645 -81 -83 -88 -83 -80 
2016-05-19 22:00:47.465677 -85 -85 -88 -84 -80 
2016-05-19 22:00:47.766709 -82 -86 -87 -81 -82 
2016-05-19 22:00:47.982740 -84 -85 -88 -82 -84 
2016-05-19 22:00:48.606819 -82 -84 -88 -85 -80 
2016-05-19 22:00:48.822850 -82 -83 -87 -84 -79 
2016-05-19 22:00:49.355923 -79 -85 -88 -84 -80 
2016-05-19 22:00:49.566944 -78 -86 -87 -81 -83 
2016-05-19 22:00:49.776976 -75 -85 -89 -85 -81 
2016-05-19 22:00:50.196032 -78 -85 -90 -84 -78 
2016-05-19 22:00:50.614083 -83 -83 -89 -83 -82 
2016-05-19 22:00:51.197157 -85 -86 -88 -84 -83 
2016-05-19 22:00:51.661224 -84 -87 -87 -85 -81 
2016-05-19 22:00:52.511336 -86 -85 -89 -84 -81 
2016-05-19 22:00:52.835503 -76 -88 -90 -81 -79 
2016-05-19 22:00:53.046404 -83 -88 -89 -81 -79 
2016-05-19 22:00:53.246431 -79 -88 -88 -85 -77 
2016-05-19 22:00:53.432452 -78 -90 -90 -85 -81 
2016-05-19 22:00:53.638479 -79 -88 -91 -85 -82 
2016-05-19 22:00:54.188551 -84 -83 -91 -87 -79 
2016-05-19 22:00:54.504592 -77 -84 -89 -85 -82 
2016-05-19 22:00:55.317695 -78 -85 -89 -85 -79 
2016-05-19 22:00:55.951784 -75 -85 -89 -84 -79 
2016-05-19 22:00:56.159809 -78 -87 -89 -85 -83 
2016-05-19 22:00:56.705879 -79 -85 -89 -87 -83 
2016-05-19 22:00:57.761017 -78 -85 -90 -84 -80 
2016-05-19 22:00:59.019192 -81 -85 -87 -85 -78 
2016-05-19 22:00:59.438234 -79 -84 -88 -84 -81 
2016-05-19 22:01:00.183331 -79 -84 -89 -80 -81 
2016-05-19 22:01:00.489382 -80 -90 -89 -78 -78 
2016-05-19 22:01:00.908558 -88 -86 -88 -89 -80 
2016-05-19 22:01:01.422499 -80 -86 -89 -82 -80 
2016-05-19 22:01:01.525509 -80 -81 -91 -78 -80 
2016-05-19 22:01:01.735543 -89 -92 -91 -87 -79 
2016-05-19 22:01:02.162595 -82 -83 -90 -78 -77 
2016-05-19 22:01:02.374634 -76 -84 -89 -88 -79 
2016-05-19 22:01:02.683660 -83 -83 -88 -83 -78 
2016-05-19 22:01:03.098715 -87 -83 -88 -78 -84 
2016-05-19 22:01:03.308867 -88 -82 -89 -90 -78 
2016-05-19 22:01:03.883817 -80 -83 -90 -81 -79 
2016-05-19 22:01:04.020836 -80 -86 -90 -87 -83 
2016-05-19 22:01:04.228991 -79 -83 -90 -80 -83 
2016-05-19 22:01:04.438896 -78 -83 -90 -84 -79 
2016-05-19 22:01:05.320005 -86 -84 -90 -85 -79 
2016-05-19 22:01:05.527032 -86 -87 -90 -85 -78 
2016-05-19 22:01:05.738060 -84 -86 -90 -86 -78 
2016-05-19 22:01:08.257389 -83 -84 -91 -83 -80 
2016-05-19 22:01:08.470416 -77 -82 -89 -85 -76 
2016-05-19 22:01:08.677446 -78 -84 -91 -85 -77 
2016-05-19 22:01:09.823594 -82 -84 -90 -84 -77 
2016-05-19 22:01:11.704839 -84 -84 -91 -85 -80 
2016-05-19 22:01:13.175032 -82 -83 -91 -84 -80 
2016-05-19 22:01:13.483079 -91 -82 -91 -84 -79 
2016-05-19 22:01:13.810125 -79 -83 -91 -86 -78 
2016-05-19 22:01:14.224168 -90 -82 -91 -85 -79 
2016-05-19 22:01:14.952263 -86 -82 -91 -86 -78 
2016-05-19 22:01:15.369320 -91 -83 -90 -86 -78 
2016-05-19 22:01:15.761368 -79 -83 -90 -86 -79 
2016-05-19 22:01:16.418455 -79 -85 -91 -85 -78 
2016-05-19 22:01:16.650485 -79 -86 -91 -84 -79 
2016-05-19 22:01:18.428725 -82 -83 -91 -83 -80 
2016-05-19 22:01:18.824778 -86 -83 -91 -86 -79 
2016-05-19 22:01:20.228957 -86 -84 -92 -85 -79 
2016-05-19 22:01:21.071187 -82 -86 -91 -85 -80 
2016-05-19 22:01:21.279218 -86 -85 -90 -87 -79 
2016-05-19 22:01:21.539123 -86 -86 -92 -85 -79 
2016-05-19 22:01:22.111322 -83 -84 -93 -86 -79 
2016-05-19 22:01:22.321225 -79 -85 -91 -84 -83 
2016-05-19 22:01:22.952307 -82 -84 -92 -86 -79 
2016-05-19 22:01:23.377363 -79 -84 -90 -86 -79 
2016-05-19 22:01:23.588390 -79 -84 -91 -87 -79 
2016-05-19 22:01:24.008445 -84 -85 -91 -86 -78 
2016-05-19 22:01:24.215473 -88 -84 -91 -84 -78 
2016-05-19 22:01:24.421500 -79 -88 -91 -86 -79 
2016-05-19 22:01:24.843554 -83 -84 -93 -86 -81 
2016-05-19 22:01:25.471761 -83 -84 -92 -86 -79 
2016-05-19 22:01:25.798679 -89 -86 -90 -85 -80 
2016-05-19 22:01:26.743804 -82 -83 -90 -85 -78 
2016-05-19 22:01:26.951954 -79 -83 -91 -85 -79 
2016-05-19 22:01:27.216865 -85 -86 -93 -84 -78 
2016-05-19 22:01:27.576923 -77 -86 -90 -84 -77 
2016-05-19 22:01:27.782939 -80 -83 -92 -84 -78 
2016-05-19 22:01:27.989966 -79 -83 -92 -86 -78 
2016-05-19 22:01:28.201993 -86 -83 -91 -85 -80 
2016-05-19 22:01:28.513034 -82 -83 -90 -86 -82 
2016-05-19 22:01:29.677186 -77 -84 -90 -84 -80 
2016-05-19 22:01:29.885213 -77 -83 -89 -85 -76 
2016-05-19 22:01:30.156249 -79 -83 -88 -84 -77 
2016-05-19 22:01:30.365277 -85 -82 -88 -83 -76 
2016-05-19 22:01:30.658314 -86 -90 -90 -84 -77 
2016-05-19 22:01:30.850339 -87 -81 -89 -87 -79 
2016-05-19 22:01:31.379409 -85 -84 -89 -84 -77 
2016-05-19 22:01:31.681449 -84 -85 -93 -85 -78 
2016-05-19 22:01:31.896477 -84 -82 -88 -84 -78 
2016-05-19 22:01:32.524560 -86 -87 -89 -86 -77 
2016-05-19 22:01:34.207777 -85 -83 -88 -84 -76 
2016-05-19 22:01:34.420806 -80 -83 -90 -87 -76 
2016-05-19 22:01:35.245913 -85 -85 -92 -85 -76 
2016-05-19 22:01:35.562955 -78 -83 -90 -85 -78 
2016-05-19 22:01:36.309058 -82 -84 -90 -84 -76 
2016-05-19 22:01:36.941135 -80 -83 -89 -84 -77 
2016-05-19 22:01:37.361192 -78 -84 -90 -85 -77 
2016-05-19 22:01:41.859777 -81 -84 -92 -85 -79 
2016-05-19 22:01:42.489862 -79 -83 -90 -84 -77 
2016-05-19 22:01:42.699888 -85 -84 -91 -85 -78 
2016-05-19 22:01:42.904914 -84 -84 -89 -84 -77 
2016-05-19 22:01:43.117943 -80 -83 -91 -85 -78 
2016-05-19 22:01:44.166079 -80 -83 -89 -85 -79 
2016-05-19 22:01:44.678146 -83 -84 -89 -84 -79 
2016-05-19 22:01:45.306229 -83 -85 -89 -83 -78 
2016-05-19 22:01:46.477381 -80 -83 -90 -84 -79 
2016-05-19 22:01:47.063458 -82 -83 -90 -86 -81 
2016-05-19 22:01:48.250614 -90 -83 -90 -86 -80 
2016-05-19 22:01:48.461640 -83 -82 -90 -81 -79 
2016-05-19 22:01:48.725674 -88 -84 -90 -87 -77 
2016-05-19 22:01:49.302749 -88 -85 -89 -86 -84 
2016-05-19 22:01:49.932831 -82 -84 -88 -86 -78 
2016-05-19 22:01:50.466903 -82 -83 -89 -85 -81 
2016-05-19 22:01:50.732952 -78 -81 -89 -85 -81 
2016-05-19 22:01:51.102985 -88 -88 -90 -85 -77 
2016-05-19 22:01:51.457031 -82 -86 -91 -86 -78 
2016-05-19 22:01:52.062110 -82 -84 -89 -88 -77 
2016-05-19 22:01:52.266137 -86 -86 -89 -85 -77 
2016-05-19 22:01:52.475288 -86 -86 -88 -87 -77 
2016-05-19 22:01:53.410286 -82 -85 -90 -87 -79 
2016-05-19 22:01:53.683450 -85 -85 -90 -89 -80 
2016-05-19 22:01:55.927615 -84 -84 -91 -86 -78 
2016-05-19 22:01:56.161645 -84 -86 -90 -89 -75 
2016-05-19 22:01:56.365677 -85 -83 -88 -88 -80 
2016-05-19 22:01:56.709718 -88 -84 -90 -86 -78 
2016-05-19 22:01:57.188783 -80 -84 -88 -86 -76 
2016-05-19 22:01:57.396807 -81 -85 -89 -89 -82 
2016-05-19 22:01:57.654841 -78 -85 -89 -89 -78 
2016-05-19 22:01:57.821862 -85 -83 -89 -85 -87 
2016-05-19 22:01:58.386939 -83 -84 -90 -89 -80 
2016-05-19 22:01:58.601964 -85 -82 -91 -90 -82 
2016-05-19 22:01:59.010022 -82 -83 -90 -85 -80 
2016-05-19 22:01:59.467078 -80 -83 -89 -85 -76 
2016-05-19 22:01:59.852257 -81 -84 -89 -85 -76 
2016-05-19 22:02:00.105162 -85 -82 -89 -85 -78 
2016-05-19 22:02:00.522215 -85 -86 -90 -89 -81 
2016-05-19 22:02:00.900404 -77 -85 -90 -85 -78 
2016-05-19 22:02:01.564353 -83 -85 -92 -85 -79 
2016-05-19 22:02:02.823517 -79 -84 -91 -88 -80 
2016-05-19 22:02:03.462599 -83 -84 -90 -86 -81 
2016-05-19 22:02:04.091680 -85 -83 -90 -88 -79 
2016-05-19 22:02:05.584875 -82 -83 -91 -87 -79 
2016-05-19 22:02:06.849046 -82 -84 -90 -87 -81 
2016-05-19 22:02:07.480123 -79 -86 -90 -87 -80 
2016-05-19 22:02:08.425247 -85 -85 -91 -88 -82 
2016-05-19 22:02:08.586269 -77 -86 -93 -86 -78 
2016-05-19 22:02:08.951320 -83 -84 -87 -87 -82 
2016-05-19 22:02:09.217350 -82 -87 -89 -87 -82 
2016-05-19 22:02:09.895439 -80 -85 -90 -89 -81 
2016-05-19 22:02:10.627535 -79 -84 -90 -88 -80 
2016-05-19 22:02:10.835562 -78 -83 -91 -86 -78 
2016-05-19 22:02:11.349631 -86 -83 -90 -85 -79 
2016-05-19 22:02:11.604662 -88 -90 -89 -88 -80 
2016-05-19 22:02:12.609794 -80 -85 -89 -88 -77 
2016-05-19 22:02:12.822822 -81 -85 -89 -87 -80 
262
