2016-05-19 21:58:22.628759 -81 -85 -77 -78 -80 
2016-05-19 21:58:22.731775 -76 -89 -87 -85 -86 
2016-05-19 21:58:22.890796 -78 -80 -81 -82 -77 
2016-05-19 21:58:23.017818 -80 -84 -76 -78 -79 
2016-05-19 21:58:23.213836 -89 -77 -78 -84 -80 
2016-05-19 21:58:23.323849 -75 -81 -81 -81 -79 
2016-05-19 21:58:23.530880 -80 -75 -75 -80 -78 
2016-05-19 21:58:23.638899 -83 -77 -75 -77 -76 
2016-05-19 21:58:23.846921 -79 -76 -73 -86 -81 
2016-05-19 21:58:24.054949 -79 -78 -80 -86 -75 
2016-05-19 21:58:24.155962 -79 -74 -74 -86 -72 
2016-05-19 21:58:24.362993 -91 -82 -75 -81 -76 
2016-05-19 21:58:24.510007 -86 -78 -81 -77 -82 
2016-05-19 21:58:24.690031 -85 -76 -81 -81 -77 
2016-05-19 21:58:24.906060 -78 -82 -83 -77 -72 
2016-05-19 21:58:25.119091 -80 -79 -79 -78 -71 
2016-05-19 21:58:25.227101 -77 -83 -80 -80 -86 
2016-05-19 21:58:25.435129 -81 -83 -77 -75 -80 
2016-05-19 21:58:25.722165 -81 -77 -78 -74 -82 
2016-05-19 21:58:25.929196 -79 -79 -79 -76 -74 
2016-05-19 21:58:26.032336 -81 -79 -79 -82 -73 
2016-05-19 21:58:26.177226 -78 -78 -79 -76 -74 
2016-05-19 21:58:26.466264 -89 -83 -76 -81 -74 
2016-05-19 21:58:26.667290 -83 -77 -78 -81 -80 
2016-05-19 21:58:26.882317 -80 -83 -78 -81 -80 
2016-05-19 21:58:27.193364 -84 -83 -78 -77 -76 
2016-05-19 21:58:27.302365 -80 -86 -84 -77 -82 
2016-05-19 21:58:27.410379 -82 -88 -78 -75 -79 
2016-05-19 21:58:27.624536 -83 -82 -74 -82 -82 
2016-05-19 21:58:27.736424 -80 -87 -76 -83 -76 
2016-05-19 21:58:27.941448 -81 -85 -77 -81 -76 
2016-05-19 21:58:28.151476 -73 -89 -76 -78 -79 
2016-05-19 21:58:28.361503 -77 -82 -76 -77 -85 
2016-05-19 21:58:28.568659 -79 -82 -77 -82 -81 
2016-05-19 21:58:28.775558 -79 -78 -82 -82 -75 
2016-05-19 21:58:28.894571 -78 -80 -80 -73 -79 
2016-05-19 21:58:29.096601 -79 -75 -89 -79 -77 
2016-05-19 21:58:29.641670 -81 -84 -86 -75 -74 
2016-05-19 21:58:29.824692 -86 -83 -79 -75 -75 
2016-05-19 21:58:30.042723 -80 -81 -82 -83 -77 
2016-05-19 21:58:30.349760 -79 -75 -79 -76 -75 
2016-05-19 21:58:30.771818 -80 -76 -82 -70 -76 
2016-05-19 21:58:31.092859 -84 -76 -85 -74 -81 
2016-05-19 21:58:31.285885 -77 -74 -88 -78 -81 
2016-05-19 21:58:31.388908 -80 -75 -87 -75 -88 
2016-05-19 21:58:31.508924 -76 -74 -88 -82 -81 
2016-05-19 21:58:31.622929 -83 -84 -87 -80 -76 
2016-05-19 21:58:32.149002 -82 -74 -87 -75 -81 
2016-05-19 21:58:32.258012 -78 -72 -84 -83 -87 
2016-05-19 21:58:32.362026 -77 -74 -85 -77 -76 
2016-05-19 21:58:32.559056 -78 -74 -84 -78 -87 
2016-05-19 21:58:32.977234 -75 -75 -85 -80 -77 
2016-05-19 21:58:33.392168 -77 -74 -81 -78 -76 
2016-05-19 21:58:33.707209 -77 -76 -89 -76 -79 
2016-05-19 21:58:34.228270 -78 -77 -82 -76 -80 
2016-05-19 21:58:34.438297 -79 -75 -84 -81 -81 
2016-05-19 21:58:34.542311 -74 -75 -82 -86 -77 
2016-05-19 21:58:34.690327 -89 -74 -84 -79 -83 
2016-05-19 21:58:34.899360 -81 -74 -84 -75 -74 
2016-05-19 21:58:35.069384 -85 -81 -87 -84 -73 
2016-05-19 21:58:35.279411 -79 -78 -86 -81 -75 
2016-05-19 21:58:35.490431 -81 -80 -84 -86 -84 
2016-05-19 21:58:35.704466 -85 -75 -87 -78 -85 
2016-05-19 21:58:36.226531 -80 -81 -87 -76 -85 
2016-05-19 21:58:36.448560 -76 -78 -82 -75 -82 
2016-05-19 21:58:36.663590 -84 -72 -81 -77 -79 
2016-05-19 21:58:36.782603 -84 -74 -83 -78 -82 
2016-05-19 21:58:37.068641 -79 -80 -86 -75 -83 
2016-05-19 21:58:37.374685 -82 -83 -80 -77 -83 
2016-05-19 21:58:37.482695 -85 -81 -83 -82 -81 
2016-05-19 21:58:37.688721 -78 -90 -85 -82 -79 
2016-05-19 21:58:37.893748 -75 -86 -86 -80 -85 
2016-05-19 21:58:38.007763 -72 -79 -84 -79 -79 
2016-05-19 21:58:38.535837 -75 -83 -80 -83 -84 
2016-05-19 21:58:38.672857 -76 -79 -82 -77 -84 
2016-05-19 21:58:38.950891 -76 -83 -83 -82 -78 
2016-05-19 21:58:39.160918 -80 -83 -83 -83 -76 
2016-05-19 21:58:39.367949 -78 -82 -88 -82 -80 
2016-05-19 21:58:39.571974 -75 -86 -79 -80 -78 
2016-05-19 21:58:39.732995 -76 -88 -81 -78 -80 
2016-05-19 21:58:39.836007 -78 -86 -90 -84 -77 
2016-05-19 21:58:39.938153 -78 -87 -82 -81 -77 
2016-05-19 21:58:40.146181 -80 -89 -83 -82 -77 
2016-05-19 21:58:40.627113 -80 -83 -82 -82 -79 
2016-05-19 21:58:40.846138 -79 -83 -84 -81 -81 
2016-05-19 21:58:41.049168 -81 -86 -85 -83 -76 
2016-05-19 21:58:41.206185 -76 -86 -83 -81 -77 
2016-05-19 21:58:41.592239 -78 -87 -84 -84 -77 
2016-05-19 21:58:41.698383 -85 -89 -85 -84 -76 
2016-05-19 21:58:41.799266 -79 -84 -83 -82 -79 
2016-05-19 21:58:41.982290 -83 -89 -84 -82 -78 
2016-05-19 21:58:42.300336 -75 -85 -84 -81 -83 
2016-05-19 21:58:42.426345 -80 -90 -84 -81 -80 
2016-05-19 21:58:42.706516 -86 -88 -86 -85 -82 
2016-05-19 21:58:42.853403 -81 -86 -83 -83 -80 
2016-05-19 21:58:43.066563 -86 -87 -83 -82 -79 
2016-05-19 21:58:43.754651 -83 -85 -83 -83 -77 
2016-05-19 21:58:43.919543 -82 -86 -83 -81 -78 
2016-05-19 21:58:44.074692 -86 -86 -84 -81 -76 
2016-05-19 21:58:44.131567 -80 -84 -83 -84 -79 
2016-05-19 21:58:44.443611 -81 -85 -84 -84 -76 
2016-05-19 21:58:44.652639 -84 -83 -84 -84 -83 
2016-05-19 21:58:44.826794 -84 -84 -84 -83 -76 
2016-05-19 21:58:45.040694 -82 -83 -83 -83 -76 
2016-05-19 21:58:45.245722 -82 -83 -83 -86 -76 
2016-05-19 21:58:45.660775 -84 -86 -83 -82 -77 
2016-05-19 21:58:45.913803 -79 -85 -84 -82 -77 
2016-05-19 21:58:46.329858 -81 -83 -83 -82 -77 
2016-05-19 21:58:46.504881 -82 -85 -84 -84 -75 
2016-05-19 21:58:47.131092 -82 -85 -84 -82 -80 
2016-05-19 21:58:47.343990 -79 -87 -81 -81 -83 
2016-05-19 21:58:47.449012 -80 -86 -85 -82 -79 
2016-05-19 21:58:47.699166 -77 -84 -82 -80 -80 
2016-05-19 21:58:47.902060 -78 -81 -80 -87 -73 
2016-05-19 21:58:48.107220 -77 -88 -88 -77 -83 
2016-05-19 21:58:48.310116 -79 -81 -83 -77 -82 
2016-05-19 21:58:48.588153 -75 -85 -80 -84 -74 
2016-05-19 21:58:48.942196 -75 -82 -85 -83 -82 
2016-05-19 21:58:49.109228 -74 -80 -83 -81 -77 
2016-05-19 21:58:49.277239 -75 -84 -85 -78 -82 
2016-05-19 21:58:49.468267 -75 -85 -83 -86 -79 
2016-05-19 21:58:49.677292 -81 -81 -81 -80 -77 
2016-05-19 21:58:49.895326 -81 -81 -77 -84 -78 
2016-05-19 21:58:49.994336 -76 -80 -85 -82 -78 
2016-05-19 21:58:50.499532 -75 -83 -81 -79 -77 
2016-05-19 21:58:50.824445 -76 -82 -82 -80 -71 
2016-05-19 21:58:51.031477 -79 -84 -82 -82 -76 
2016-05-19 21:58:51.246505 -74 -85 -82 -81 -79 
2016-05-19 21:58:51.451657 -72 -80 -81 -81 -76 
2016-05-19 21:58:51.567539 -73 -78 -84 -87 -76 
2016-05-19 21:58:51.887580 -74 -77 -83 -80 -82 
2016-05-19 21:58:52.332638 -73 -76 -81 -83 -81 
2016-05-19 21:58:52.622676 -75 -81 -81 -82 -76 
2016-05-19 21:58:52.827839 -75 -79 -82 -78 -75 
2016-05-19 21:58:53.065738 -73 -77 -86 -81 -75 
2016-05-19 21:58:53.247758 -77 -77 -84 -81 -73 
2016-05-19 21:58:53.377776 -74 -76 -84 -84 -82 
2016-05-19 21:58:53.588806 -72 -77 -83 -82 -83 
2016-05-19 21:58:53.797830 -73 -78 -83 -82 -75 
2016-05-19 21:58:54.000859 -74 -77 -89 -84 -83 
2016-05-19 21:58:54.301903 -74 -78 -83 -82 -76 
2016-05-19 21:58:54.418921 -77 -79 -85 -81 -75 
2016-05-19 21:58:54.633942 -75 -78 -87 -83 -82 
2016-05-19 21:58:54.849971 -74 -78 -84 -80 -81 
2016-05-19 21:58:55.062003 -73 -79 -85 -80 -81 
2016-05-19 21:58:55.264025 -75 -78 -82 -80 -81 
2016-05-19 21:58:55.471051 -75 -78 -81 -81 -78 
2016-05-19 21:58:55.681078 -74 -81 -81 -80 -78 
2016-05-19 21:58:55.895107 -74 -79 -80 -80 -80 
2016-05-19 21:58:55.993117 -77 -82 -87 -79 -81 
2016-05-19 21:58:56.110135 -76 -78 -88 -81 -80 
2016-05-19 21:58:56.323160 -75 -80 -89 -79 -80 
2016-05-19 21:58:56.484315 -78 -80 -81 -78 -81 
2016-05-19 21:58:56.689207 -74 -77 -88 -79 -78 
2016-05-19 21:58:56.898228 -77 -77 -86 -80 -76 
2016-05-19 21:58:57.006245 -71 -76 -83 -79 -76 
2016-05-19 21:58:57.580448 -73 -80 -88 -78 -78 
2016-05-19 21:58:57.749342 -75 -80 -82 -78 -79 
2016-05-19 21:58:57.899366 -72 -81 -76 -77 -79 
2016-05-19 21:58:58.086386 -75 -78 -89 -80 -81 
2016-05-19 21:58:58.212531 -81 -77 -88 -78 -81 
2016-05-19 21:58:58.360421 -72 -81 -86 -82 -80 
2016-05-19 21:58:58.463432 -74 -76 -86 -78 -82 
2016-05-19 21:58:58.570449 -72 -81 -83 -80 -80 
2016-05-19 21:58:58.711467 -75 -77 -87 -82 -81 
2016-05-19 21:58:59.022512 -75 -79 -87 -82 -75 
2016-05-19 21:58:59.190531 -72 -79 -86 -76 -83 
2016-05-19 21:58:59.343547 -73 -76 -87 -82 -79 
2016-05-19 21:58:59.785608 -75 -77 -85 -80 -78 
2016-05-19 21:58:59.928624 -72 -75 -87 -78 -82 
2016-05-19 21:59:00.057647 -75 -76 -87 -80 -80 
2016-05-19 21:59:00.240667 -72 -81 -86 -81 -74 
2016-05-19 21:59:00.372813 -72 -76 -86 -81 -78 
2016-05-19 21:59:00.566710 -74 -77 -87 -81 -76 
2016-05-19 21:59:00.807745 -74 -77 -86 -80 -78 
2016-05-19 21:59:00.912759 -72 -81 -86 -80 -81 
2016-05-19 21:59:01.017798 -77 -79 -86 -82 -79 
2016-05-19 21:59:01.362818 -72 -80 -86 -80 -78 
2016-05-19 21:59:01.471828 -81 -81 -85 -79 -84 
2016-05-19 21:59:01.676983 -71 -79 -84 -80 -79 
2016-05-19 21:59:01.817877 -73 -86 -85 -82 -83 
2016-05-19 21:59:02.176920 -76 -83 -86 -80 -84 
2016-05-19 21:59:02.311938 -74 -78 -84 -81 -76 
2016-05-19 21:59:02.525966 -76 -81 -83 -83 -81 
2016-05-19 21:59:02.709119 -76 -84 -78 -86 -75 
2016-05-19 21:59:02.814001 -80 -83 -82 -85 -84 
2016-05-19 21:59:02.978028 -75 -85 -80 -84 -73 
2016-05-19 21:59:03.077166 -74 -80 -78 -81 -80 
2016-05-19 21:59:03.393096 -76 -73 -76 -80 -79 
2016-05-19 21:59:03.496099 -76 -73 -78 -83 -82 
2016-05-19 21:59:03.694122 -79 -81 -76 -82 -77 
2016-05-19 21:59:03.916154 -76 -82 -74 -79 -76 
2016-05-19 21:59:04.020168 -71 -80 -84 -79 -75 
2016-05-19 21:59:04.292203 -75 -82 -79 -77 -82 
2016-05-19 21:59:04.400218 -85 -80 -79 -81 -76 
2016-05-19 21:59:04.621376 -75 -81 -79 -80 -78 
2016-05-19 21:59:04.723278 -78 -79 -80 -85 -75 
2016-05-19 21:59:05.036294 -73 -82 -84 -79 -75 
2016-05-19 21:59:05.142308 -77 -80 -75 -75 -86 
2016-05-19 21:59:05.277454 -72 -78 -86 -86 -84 
2016-05-19 21:59:05.477353 -79 -84 -81 -85 -82 
2016-05-19 21:59:05.658379 -76 -85 -80 -88 -77 
2016-05-19 21:59:05.800393 -69 -83 -80 -81 -79 
2016-05-19 21:59:05.900406 -72 -81 -83 -87 -87 
2016-05-19 21:59:06.293587 -72 -84 -80 -83 -80 
2016-05-19 21:59:06.427476 -73 -82 -81 -81 -81 
2016-05-19 21:59:06.641503 -74 -85 -80 -81 -84 
2016-05-19 21:59:06.843533 -73 -77 -79 -83 -78 
2016-05-19 21:59:07.047556 -71 -80 -83 -82 -77 
2016-05-19 21:59:07.231580 -74 -81 -77 -80 -83 
2016-05-19 21:59:07.338598 -77 -87 -80 -85 -77 
2016-05-19 21:59:07.445737 -71 -77 -91 -78 -80 
2016-05-19 21:59:07.551622 -76 -81 -79 -81 -75 
2016-05-19 21:59:07.868667 -74 -77 -91 -83 -82 
2016-05-19 21:59:08.009679 -77 -74 -85 -87 -82 
2016-05-19 21:59:08.176703 -75 -81 -82 -88 -76 
2016-05-19 21:59:08.387738 -74 -78 -78 -84 -84 
2016-05-19 21:59:08.606760 -75 -80 -79 -93 -83 
2016-05-19 21:59:08.806786 -77 -77 -82 -85 -81 
2016-05-19 21:59:09.013818 -74 -76 -91 -84 -83 
2016-05-19 21:59:09.191837 -76 -76 -86 -83 -81 
2016-05-19 21:59:09.321854 -73 -78 -88 -84 -80 
2016-05-19 21:59:09.531881 -76 -82 -86 -83 -79 
2016-05-19 21:59:09.672899 -77 -87 -89 -84 -83 
2016-05-19 21:59:09.779911 -77 -81 -80 -90 -76 
2016-05-19 21:59:10.102084 -76 -83 -79 -83 -84 
2016-05-19 21:59:10.210969 -74 -78 -85 -84 -84 
2016-05-19 21:59:10.375991 -76 -79 -86 -84 -75 
2016-05-19 21:59:10.789050 -75 -83 -87 -82 -75 
2016-05-19 21:59:11.423128 -74 -79 -86 -83 -79 
2016-05-19 21:59:11.588150 -81 -81 -91 -81 -76 
2016-05-19 21:59:11.731169 -74 -76 -81 -79 -79 
2016-05-19 21:59:11.941195 -75 -76 -79 -79 -80 
2016-05-19 21:59:12.043209 -73 -76 -84 -82 -80 
2016-05-19 21:59:12.362250 -74 -77 -80 -80 -80 
2016-05-19 21:59:12.567277 -75 -80 -87 -81 -83 
2016-05-19 21:59:12.747301 -71 -77 -77 -84 -80 
2016-05-19 21:59:12.854444 -76 -78 -80 -79 -83 
2016-05-19 21:59:12.960326 -73 -78 -78 -84 -80 
2016-05-19 21:59:13.157354 -74 -77 -80 -84 -84 
2016-05-19 21:59:13.465400 -76 -79 -86 -82 -82 
2016-05-19 21:59:13.782573 -73 -80 -85 -83 -79 
2016-05-19 21:59:13.986470 -77 -79 -78 -85 -79 
2016-05-19 21:59:14.085495 -71 -79 -82 -83 -86 
2016-05-19 21:59:14.262636 -74 -77 -84 -82 -85 
2016-05-19 21:59:14.466533 -76 -79 -78 -82 -81 
2016-05-19 21:59:14.679566 -74 -77 -80 -81 -85 
2016-05-19 21:59:14.782569 -79 -77 -84 -87 -75 
2016-05-19 21:59:15.200622 -74 -75 -81 -86 -77 
2016-05-19 21:59:15.516663 -76 -76 -83 -89 -78 
2016-05-19 21:59:15.866709 -72 -80 -89 -83 -78 
2016-05-19 21:59:16.505792 -74 -82 -85 -81 -81 
2016-05-19 21:59:16.606934 -86 -80 -88 -91 -81 
2016-05-19 21:59:16.782829 -77 -85 -87 -84 -75 
2016-05-19 21:59:16.883841 -76 -80 -87 -84 -72 
2016-05-19 21:59:16.985854 -74 -81 -84 -80 -84 
2016-05-19 21:59:17.086869 -71 -85 -87 -78 -74 
2016-05-19 21:59:17.398916 -80 -85 -88 -70 -82 
2016-05-19 21:59:17.615937 -76 -81 -87 -79 -80 
2016-05-19 21:59:17.970983 -78 -89 -81 -82 -72 
2016-05-19 21:59:18.241019 -78 -83 -86 -85 -73 
2016-05-19 21:59:18.386045 -75 -82 -88 -81 -74 
2016-05-19 21:59:18.518062 -75 -88 -87 -83 -78 
2016-05-19 21:59:18.627076 -68 -81 -91 -84 -77 
2016-05-19 21:59:18.886110 -73 -86 -85 -83 -80 
2016-05-19 21:59:19.430184 -72 -80 -89 -84 -76 
2016-05-19 21:59:19.724220 -74 -85 -87 -87 -73 
2016-05-19 21:59:19.826233 -70 -83 -86 -83 -81 
2016-05-19 21:59:20.036260 -85 -86 -90 -85 -78 
2016-05-19 21:59:20.252289 -71 -89 -84 -78 -80 
2016-05-19 21:59:20.456316 -69 -84 -84 -83 -85 
2016-05-19 21:59:20.638338 -75 -87 -82 -81 -81 
2016-05-19 21:59:20.906374 -69 -87 -82 -83 -83 
2016-05-19 21:59:21.010390 -76 -83 -84 -83 -80 
2016-05-19 21:59:21.422442 -72 -86 -83 -78 -76 
2016-05-19 21:59:21.660475 -67 -84 -82 -77 -77 
2016-05-19 21:59:21.837496 -68 -85 -83 -75 -75 
2016-05-19 21:59:21.944509 -78 -83 -81 -82 -87 
2016-05-19 21:59:22.258551 -74 -86 -84 -77 -74 
2016-05-19 21:59:22.674604 -74 -84 -89 -84 -84 
2016-05-19 21:59:22.871756 -71 -83 -86 -80 -87 
2016-05-19 21:59:23.079787 -77 -86 -86 -78 -81 
2016-05-19 21:59:23.563721 -76 -85 -89 -84 -78 
2016-05-19 21:59:23.697738 -79 -83 -87 -87 -81 
2016-05-19 21:59:23.875764 -73 -82 -87 -89 -83 
2016-05-19 21:59:23.979776 -74 -86 -88 -76 -88 
2016-05-19 21:59:24.188827 -74 -89 -87 -81 -85 
2016-05-19 21:59:24.393829 -68 -86 -81 -77 -81 
2016-05-19 21:59:24.872018 -69 -91 -83 -79 -86 
2016-05-19 21:59:25.025914 -72 -89 -88 -83 -77 
2016-05-19 21:59:25.229939 -75 -89 -79 -80 -82 
2016-05-19 21:59:25.656129 -73 -87 -82 -78 -82 
2016-05-19 21:59:25.917029 -79 -90 -82 -80 -77 
2016-05-19 21:59:26.073049 -71 -86 -80 -77 -79 
2016-05-19 21:59:26.292077 -71 -87 -87 -79 -87 
2016-05-19 21:59:26.442096 -70 -83 -81 -80 -83 
2016-05-19 21:59:26.649131 -70 -84 -80 -83 -79 
2016-05-19 21:59:27.028166 -75 -89 -84 -81 -82 
2016-05-19 21:59:27.485226 -71 -83 -82 -79 -78 
2016-05-19 21:59:27.697254 -76 -84 -84 -75 -73 
2016-05-19 21:59:27.907281 -72 -81 -84 -77 -81 
2016-05-19 21:59:28.113308 -81 -88 -87 -76 -83 
2016-05-19 21:59:28.318335 -72 -86 -84 -77 -82 
2016-05-19 21:59:28.750418 -71 -83 -84 -80 -78 
2016-05-19 21:59:29.069433 -76 -85 -82 -81 -81 
2016-05-19 21:59:29.213452 -71 -84 -86 -74 -81 
2016-05-19 21:59:29.593501 -76 -86 -82 -80 -84 
2016-05-19 21:59:29.864665 -76 -84 -83 -84 -80 
2016-05-19 21:59:30.224712 -76 -84 -84 -79 -79 
2016-05-19 21:59:30.959679 -81 -87 -87 -74 -79 
2016-05-19 21:59:31.103698 -79 -84 -81 -83 -83 
2016-05-19 21:59:31.298724 -80 -90 -88 -90 -86 
2016-05-19 21:59:31.463745 -76 -87 -82 -82 -81 
2016-05-19 21:59:31.679774 -77 -81 -83 -79 -88 
2016-05-19 21:59:31.786785 -78 -86 -87 -90 -89 
2016-05-19 21:59:32.056951 -75 -81 -85 -80 -82 
2016-05-19 21:59:32.160966 -86 -82 -90 -83 -91 
2016-05-19 21:59:32.266847 -78 -75 -87 -80 -91 
2016-05-19 21:59:32.878935 -77 -79 -81 -79 -74 
2016-05-19 21:59:32.983945 -89 -88 -80 -84 -86 
2016-05-19 21:59:33.081955 -84 -87 -81 -78 -79 
2016-05-19 21:59:33.187971 -84 -81 -77 -80 -83 
2016-05-19 21:59:33.288993 -86 -82 -80 -78 -82 
2016-05-19 21:59:33.423009 -81 -80 -82 -82 -81 
2016-05-19 21:59:33.988082 -78 -83 -87 -82 -84 
2016-05-19 21:59:34.110098 -78 -82 -90 -87 -80 
2016-05-19 21:59:34.323126 -75 -80 -86 -82 -85 
2016-05-19 21:59:34.637163 -78 -84 -83 -91 -84 
2016-05-19 21:59:34.834193 -83 -83 -88 -83 -87 
2016-05-19 21:59:35.037217 -81 -85 -87 -80 -86 
2016-05-19 21:59:35.259256 -83 -84 -82 -81 -86 
2016-05-19 21:59:35.421275 -80 -83 -84 -88 -81 
2016-05-19 21:59:35.531289 -75 -85 -87 -79 -86 
2016-05-19 21:59:36.162363 -79 -87 -90 -82 -82 
2016-05-19 21:59:36.487406 -80 -87 -91 -75 -83 
2016-05-19 21:59:37.020478 -77 -85 -88 -80 -83 
2016-05-19 21:59:37.246513 -77 -87 -83 -80 -86 
2016-05-19 21:59:37.437530 -77 -88 -81 -76 -78 
2016-05-19 21:59:37.543548 -77 -80 -81 -75 -85 
2016-05-19 21:59:37.685565 -77 -81 -80 -78 -84 
2016-05-19 21:59:37.975604 -79 -84 -81 -82 -80 
2016-05-19 21:59:38.277640 -83 -76 -83 -80 -77 
2016-05-19 21:59:38.384657 -77 -84 -84 -75 -89 
2016-05-19 21:59:38.616693 -74 -75 -86 -79 -85 
2016-05-19 21:59:38.722698 -86 -76 -84 -84 -76 
2016-05-19 21:59:39.043743 -75 -79 -80 -77 -84 
2016-05-19 21:59:39.151761 -75 -80 -83 -77 -81 
2016-05-19 21:59:39.357781 -74 -87 -83 -78 -87 
2016-05-19 21:59:39.642818 -77 -87 -83 -78 -82 
2016-05-19 21:59:39.816848 -81 -85 -82 -81 -83 
2016-05-19 21:59:39.995867 -81 -88 -83 -79 -82 
2016-05-19 21:59:40.139887 -75 -83 -82 -84 -83 
2016-05-19 21:59:40.349919 -76 -88 -84 -77 -80 
2016-05-19 21:59:40.591949 -76 -89 -81 -81 -82 
2016-05-19 21:59:40.774969 -73 -84 -82 -77 -86 
2016-05-19 21:59:40.978127 -75 -84 -83 -79 -83 
2016-05-19 21:59:41.195024 -75 -86 -83 -79 -84 
2016-05-19 21:59:41.406051 -73 -85 -82 -82 -86 
2016-05-19 21:59:41.616079 -75 -92 -82 -86 -86 
2016-05-19 21:59:41.724086 -77 -92 -86 -85 -86 
2016-05-19 21:59:41.971117 -76 -81 -82 -78 -83 
2016-05-19 21:59:42.079132 -73 -87 -83 -81 -81 
2016-05-19 21:59:42.292164 -73 -86 -84 -77 -82 
2016-05-19 21:59:42.927247 -76 -82 -84 -78 -83 
2016-05-19 21:59:43.140270 -76 -81 -84 -79 -83 
2016-05-19 21:59:43.248282 -77 -87 -83 -82 -84 
2016-05-19 21:59:43.441310 -80 -80 -82 -77 -85 
2016-05-19 21:59:43.564326 -76 -81 -87 -75 -86 
2016-05-19 21:59:43.752355 -77 -89 -83 -80 -88 
2016-05-19 21:59:44.403432 -76 -80 -83 -76 -84 
2016-05-19 21:59:44.607466 -76 -80 -80 -77 -80 
2016-05-19 21:59:45.028514 -77 -83 -81 -77 -83 
2016-05-19 21:59:45.546714 -82 -84 -82 -76 -85 
2016-05-19 21:59:45.647602 -82 -90 -86 -83 -83 
2016-05-19 21:59:45.751612 -76 -83 -80 -81 -81 
2016-05-19 21:59:46.156664 -77 -86 -86 -81 -76 
2016-05-19 21:59:46.356691 -86 -85 -85 -87 -81 
2016-05-19 21:59:46.583718 -77 -89 -83 -83 -86 
2016-05-19 21:59:46.682862 -70 -88 -87 -79 -89 
2016-05-19 21:59:46.912767 -71 -83 -88 -81 -78 
2016-05-19 21:59:47.965901 -73 -85 -88 -83 -76 
2016-05-19 21:59:48.384964 -75 -89 -85 -86 -78 
2016-05-19 21:59:48.704002 -72 -91 -87 -80 -84 
2016-05-19 21:59:48.913037 -77 -88 -87 -81 -82 
2016-05-19 21:59:49.437101 -78 -83 -91 -84 -80 
2016-05-19 21:59:49.652128 -77 -86 -92 -80 -82 
2016-05-19 21:59:49.963299 -74 -81 -91 -86 -79 
2016-05-19 21:59:50.596251 -79 -91 -83 -85 -81 
2016-05-19 21:59:51.006306 -78 -89 -85 -83 -80 
2016-05-19 21:59:52.153454 -78 -86 -84 -82 -81 
2016-05-19 21:59:52.469486 -89 -83 -84 -84 -81 
2016-05-19 21:59:52.680516 -73 -82 -86 -82 -80 
2016-05-19 21:59:52.892544 -71 -83 -85 -84 -81 
2016-05-19 21:59:53.298602 -78 -84 -82 -84 -84 
2016-05-19 21:59:53.721653 -75 -86 -83 -86 -86 
2016-05-19 21:59:53.877673 -73 -87 -87 -88 -83 
2016-05-19 21:59:54.041696 -78 -86 -86 -89 -80 
2016-05-19 21:59:54.247721 -77 -84 -84 -85 -84 
2016-05-19 21:59:54.552761 -75 -88 -83 -88 -80 
2016-05-19 21:59:55.181844 -73 -90 -84 -91 -77 
2016-05-19 21:59:56.010952 -73 -88 -85 -89 -78 
2016-05-19 21:59:56.319989 -73 -84 -89 -89 -82 
2016-05-19 21:59:56.443009 -75 -87 -87 -85 -85 
2016-05-19 21:59:56.637033 -74 -84 -85 -86 -86 
2016-05-19 21:59:57.252243 -73 -86 -86 -87 -79 
2016-05-19 21:59:57.351126 -72 -88 -84 -85 -82 
2016-05-19 21:59:57.561154 -73 -89 -84 -84 -82 
2016-05-19 21:59:57.887197 -74 -84 -82 -85 -81 
2016-05-19 21:59:58.305257 -85 -82 -82 -81 -76 
2016-05-19 21:59:58.412403 -78 -88 -87 -84 -84 
2016-05-19 21:59:58.720310 -78 -86 -85 -88 -76 
2016-05-19 21:59:59.350392 -73 -80 -91 -84 -81 
2016-05-19 21:59:59.670435 -77 -83 -92 -79 -78 
2016-05-19 21:59:59.881465 -74 -85 -89 -88 -84 
2016-05-19 22:00:00.195502 -71 -88 -87 -78 -76 
2016-05-19 22:00:00.509552 -73 -84 -87 -77 -76 
2016-05-19 22:00:00.726575 -71 -84 -90 -82 -75 
2016-05-19 22:00:00.834594 -72 -81 -85 -84 -77 
2016-05-19 22:00:01.033687 -72 -85 -90 -88 -83 
2016-05-19 22:00:01.256637 -75 -82 -85 -86 -76 
2016-05-19 22:00:01.679697 -74 -86 -90 -78 -74 
2016-05-19 22:00:02.308910 -76 -86 -87 -79 -75 
2016-05-19 22:00:02.520799 -81 -80 -90 -83 -76 
2016-05-19 22:00:03.369917 -75 -80 -94 -84 -78 
2016-05-19 22:00:03.766965 -73 -84 -86 -86 -76 
2016-05-19 22:00:03.867978 -69 -82 -85 -85 -78 
2016-05-19 22:00:04.203026 -69 -83 -86 -85 -80 
2016-05-19 22:00:04.393046 -69 -80 -87 -87 -84 
2016-05-19 22:00:04.601071 -71 -83 -85 -86 -78 
2016-05-19 22:00:05.361170 -72 -82 -83 -84 -80 
2016-05-19 22:00:05.666210 -72 -85 -89 -84 -81 
2016-05-19 22:00:06.212284 -71 -83 -87 -83 -80 
2016-05-19 22:00:06.320301 -71 -85 -84 -84 -78 
2016-05-19 22:00:06.427312 -71 -80 -90 -86 -78 
2016-05-19 22:00:06.530329 -72 -83 -85 -84 -75 
2016-05-19 22:00:06.743353 -72 -82 -87 -85 -79 
2016-05-19 22:00:07.066393 -69 -83 -87 -82 -75 
2016-05-19 22:00:07.246416 -67 -84 -84 -84 -76 
2016-05-19 22:00:07.449446 -71 -81 -87 -85 -79 
2016-05-19 22:00:07.643471 -65 -88 -84 -83 -74 
2016-05-19 22:00:07.900510 -70 -82 -88 -86 -75 
2016-05-19 22:00:08.852629 -70 -82 -84 -86 -77 
2016-05-19 22:00:09.061785 -69 -84 -86 -81 -79 
2016-05-19 22:00:09.167670 -66 -87 -84 -87 -83 
2016-05-19 22:00:09.317691 -68 -80 -88 -86 -78 
2016-05-19 22:00:09.529718 -68 -86 -87 -85 -83 
2016-05-19 22:00:09.637860 -68 -83 -84 -81 -81 
2016-05-19 22:00:09.912768 -68 -80 -88 -86 -77 
2016-05-19 22:00:10.020786 -65 -81 -86 -89 -74 
2016-05-19 22:00:10.339824 -71 -80 -85 -82 -76 
2016-05-19 22:00:10.651861 -67 -82 -88 -83 -78 
2016-05-19 22:00:10.754886 -68 -80 -86 -82 -80 
2016-05-19 22:00:10.913899 -66 -83 -90 -89 -76 
2016-05-19 22:00:11.105927 -71 -83 -89 -84 -79 
2016-05-19 22:00:11.288954 -67 -81 -87 -82 -77 
2016-05-19 22:00:11.487973 -70 -83 -89 -82 -78 
2016-05-19 22:00:11.616987 -66 -86 -89 -85 -82 
2016-05-19 22:00:11.726133 -76 -80 -88 -86 -75 
2016-05-19 22:00:12.330083 -73 -83 -90 -84 -77 
2016-05-19 22:00:12.789149 -64 -85 -92 -83 -75 
2016-05-19 22:00:13.002169 -67 -82 -90 -81 -75 
2016-05-19 22:00:13.102181 -68 -85 -85 -80 -73 
2016-05-19 22:00:13.400223 -71 -81 -81 -84 -78 
2016-05-19 22:00:14.241338 -74 -83 -84 -80 -73 
2016-05-19 22:00:14.787402 -81 -85 -90 -80 -74 
2016-05-19 22:00:14.998434 -79 -82 -91 -86 -74 
2016-05-19 22:00:15.635515 -79 -89 -89 -82 -75 
2016-05-19 22:00:15.958559 -80 -91 -86 -83 -79 
2016-05-19 22:00:16.995692 -79 -86 -87 -81 -70 
2016-05-19 22:00:17.316739 -77 -80 -87 -83 -72 
2016-05-19 22:00:17.519761 -78 -85 -84 -79 -74 
2016-05-19 22:00:17.939816 -81 -88 -84 -83 -70 
2016-05-19 22:00:18.427885 -83 -90 -86 -85 -70 
2016-05-19 22:00:19.092972 -78 -86 -82 -81 -72 
2016-05-19 22:00:19.468020 -78 -84 -91 -79 -69 
2016-05-19 22:00:19.605041 -78 -82 -80 -81 -70 
2016-05-19 22:00:19.986090 -78 -85 -82 -81 -70 
2016-05-19 22:00:20.240124 -79 -84 -85 -84 -75 
2016-05-19 22:00:20.410146 -80 -89 -84 -80 -71 
2016-05-19 22:00:21.071362 -80 -85 -83 -82 -74 
2016-05-19 22:00:21.183380 -84 -81 -82 -80 -68 
2016-05-19 22:00:21.389267 -79 -88 -82 -80 -71 
2016-05-19 22:00:21.595294 -80 -83 -83 -80 -73 
2016-05-19 22:00:21.813319 -80 -87 -83 -79 -74 
2016-05-19 22:00:22.019356 -84 -85 -83 -80 -72 
2016-05-19 22:00:22.336390 -83 -87 -85 -82 -73 
2016-05-19 22:00:22.541417 -76 -83 -85 -80 -77 
2016-05-19 22:00:22.641430 -89 -88 -83 -81 -71 
2016-05-19 22:00:22.748441 -84 -84 -89 -82 -76 
2016-05-19 22:00:22.868457 -80 -86 -86 -80 -70 
2016-05-19 22:00:23.448532 -80 -84 -87 -80 -71 
2016-05-19 22:00:23.753573 -81 -86 -87 -80 -70 
2016-05-19 22:00:24.333649 -82 -84 -82 -80 -69 
2016-05-19 22:00:24.418660 -81 -87 -86 -83 -67 
2016-05-19 22:00:24.657698 -82 -89 -90 -80 -71 
2016-05-19 22:00:24.869722 -81 -86 -82 -81 -71 
2016-05-19 22:00:24.974736 -83 -83 -81 -85 -69 
2016-05-19 22:00:25.143887 -79 -89 -81 -80 -67 
2016-05-19 22:00:25.387793 -79 -82 -81 -82 -68 
2016-05-19 22:00:25.556812 -81 -85 -81 -82 -67 
2016-05-19 22:00:26.079880 -81 -83 -81 -82 -69 
2016-05-19 22:00:26.290906 -77 -84 -82 -82 -69 
2016-05-19 22:00:26.496062 -80 -90 -83 -82 -69 
2016-05-19 22:00:26.706961 -85 -85 -86 -78 -71 
2016-05-19 22:00:28.579204 -82 -81 -88 -83 -77 
2016-05-19 22:00:28.709225 -76 -86 -88 -88 -69 
2016-05-19 22:00:28.849239 -77 -80 -89 -86 -71 
2016-05-19 22:00:29.532330 -79 -83 -89 -84 -72 
2016-05-19 22:00:32.055660 -83 -85 -87 -82 -80 
2016-05-19 22:00:33.724883 -81 -84 -92 -82 -78 
2016-05-19 22:00:34.569126 -82 -84 -92 -84 -77 
2016-05-19 22:00:35.091064 -82 -85 -90 -80 -77 
2016-05-19 22:00:38.950557 -84 -86 -89 -83 -79 
2016-05-19 22:00:40.727793 -80 -85 -89 -87 -81 
2016-05-19 22:00:41.138847 -83 -85 -92 -87 -84 
2016-05-19 22:00:41.876943 -83 -84 -92 -88 -83 
2016-05-19 22:00:42.162980 -83 -87 -92 -82 -83 
2016-05-19 22:00:45.157371 -82 -85 -91 -85 -80 
2016-05-19 22:00:45.362526 -81 -84 -92 -84 -83 
2016-05-19 22:00:46.202509 -81 -84 -89 -87 -81 
2016-05-19 22:00:46.412535 -79 -86 -91 -82 -78 
2016-05-19 22:00:47.257645 -81 -83 -88 -83 -80 
2016-05-19 22:00:47.465677 -85 -85 -88 -84 -80 
2016-05-19 22:00:47.766709 -82 -86 -87 -81 -82 
2016-05-19 22:00:47.982740 -84 -85 -88 -82 -84 
2016-05-19 22:00:48.606819 -82 -84 -88 -85 -80 
2016-05-19 22:00:48.822850 -82 -83 -87 -84 -79 
2016-05-19 22:00:49.355923 -79 -85 -88 -84 -80 
2016-05-19 22:00:49.566944 -78 -86 -87 -81 -83 
2016-05-19 22:00:49.776976 -75 -85 -89 -85 -81 
2016-05-19 22:00:50.196032 -78 -85 -90 -84 -78 
2016-05-19 22:00:50.614083 -83 -83 -89 -83 -82 
2016-05-19 22:00:51.197157 -85 -86 -88 -84 -83 
2016-05-19 22:00:51.661224 -84 -87 -87 -85 -81 
2016-05-19 22:00:52.511336 -86 -85 -89 -84 -81 
2016-05-19 22:00:52.835503 -76 -88 -90 -81 -79 
2016-05-19 22:00:53.046404 -83 -88 -89 -81 -79 
2016-05-19 22:00:53.246431 -79 -88 -88 -85 -77 
2016-05-19 22:00:53.432452 -78 -90 -90 -85 -81 
2016-05-19 22:00:53.638479 -79 -88 -91 -85 -82 
2016-05-19 22:00:54.188551 -84 -83 -91 -87 -79 
2016-05-19 22:00:54.504592 -77 -84 -89 -85 -82 
2016-05-19 22:00:55.317695 -78 -85 -89 -85 -79 
2016-05-19 22:00:55.951784 -75 -85 -89 -84 -79 
2016-05-19 22:00:56.159809 -78 -87 -89 -85 -83 
2016-05-19 22:00:56.705879 -79 -85 -89 -87 -83 
2016-05-19 22:00:57.761017 -78 -85 -90 -84 -80 
2016-05-19 22:00:59.019192 -81 -85 -87 -85 -78 
2016-05-19 22:00:59.438234 -79 -84 -88 -84 -81 
2016-05-19 22:01:00.183331 -79 -84 -89 -80 -81 
2016-05-19 22:01:00.489382 -80 -90 -89 -78 -78 
2016-05-19 22:01:00.908558 -88 -86 -88 -89 -80 
2016-05-19 22:01:01.422499 -80 -86 -89 -82 -80 
2016-05-19 22:01:01.525509 -80 -81 -91 -78 -80 
2016-05-19 22:01:01.735543 -89 -92 -91 -87 -79 
2016-05-19 22:01:02.162595 -82 -83 -90 -78 -77 
2016-05-19 22:01:02.374634 -76 -84 -89 -88 -79 
2016-05-19 22:01:02.683660 -83 -83 -88 -83 -78 
2016-05-19 22:01:03.098715 -87 -83 -88 -78 -84 
2016-05-19 22:01:03.308867 -88 -82 -89 -90 -78 
2016-05-19 22:01:03.883817 -80 -83 -90 -81 -79 
2016-05-19 22:01:04.020836 -80 -86 -90 -87 -83 
2016-05-19 22:01:04.228991 -79 -83 -90 -80 -83 
2016-05-19 22:01:04.438896 -78 -83 -90 -84 -79 
2016-05-19 22:01:05.320005 -86 -84 -90 -85 -79 
2016-05-19 22:01:05.527032 -86 -87 -90 -85 -78 
2016-05-19 22:01:05.738060 -84 -86 -90 -86 -78 
2016-05-19 22:01:08.257389 -83 -84 -91 -83 -80 
2016-05-19 22:01:08.470416 -77 -82 -89 -85 -76 
2016-05-19 22:01:08.677446 -78 -84 -91 -85 -77 
2016-05-19 22:01:09.823594 -82 -84 -90 -84 -77 
2016-05-19 22:01:11.704839 -84 -84 -91 -85 -80 
2016-05-19 22:01:13.175032 -82 -83 -91 -84 -80 
2016-05-19 22:01:13.483079 -91 -82 -91 -84 -79 
2016-05-19 22:01:13.810125 -79 -83 -91 -86 -78 
2016-05-19 22:01:14.224168 -90 -82 -91 -85 -79 
2016-05-19 22:01:14.952263 -86 -82 -91 -86 -78 
2016-05-19 22:01:15.369320 -91 -83 -90 -86 -78 
2016-05-19 22:01:15.761368 -79 -83 -90 -86 -79 
2016-05-19 22:01:16.418455 -79 -85 -91 -85 -78 
2016-05-19 22:01:16.650485 -79 -86 -91 -84 -79 
2016-05-19 22:01:18.428725 -82 -83 -91 -83 -80 
2016-05-19 22:01:18.824778 -86 -83 -91 -86 -79 
2016-05-19 22:01:20.228957 -86 -84 -92 -85 -79 
2016-05-19 22:01:21.071187 -82 -86 -91 -85 -80 
2016-05-19 22:01:21.279218 -86 -85 -90 -87 -79 
2016-05-19 22:01:21.539123 -86 -86 -92 -85 -79 
2016-05-19 22:01:22.111322 -83 -84 -93 -86 -79 
2016-05-19 22:01:22.321225 -79 -85 -91 -84 -83 
2016-05-19 22:01:22.952307 -82 -84 -92 -86 -79 
2016-05-19 22:01:23.377363 -79 -84 -90 -86 -79 
2016-05-19 22:01:23.588390 -79 -84 -91 -87 -79 
2016-05-19 22:01:24.008445 -84 -85 -91 -86 -78 
2016-05-19 22:01:24.215473 -88 -84 -91 -84 -78 
2016-05-19 22:01:24.421500 -79 -88 -91 -86 -79 
2016-05-19 22:01:24.843554 -83 -84 -93 -86 -81 
2016-05-19 22:01:25.471761 -83 -84 -92 -86 -79 
2016-05-19 22:01:25.798679 -89 -86 -90 -85 -80 
2016-05-19 22:01:26.743804 -82 -83 -90 -85 -78 
2016-05-19 22:01:26.951954 -79 -83 -91 -85 -79 
2016-05-19 22:01:27.216865 -85 -86 -93 -84 -78 
2016-05-19 22:01:27.576923 -77 -86 -90 -84 -77 
2016-05-19 22:01:27.782939 -80 -83 -92 -84 -78 
2016-05-19 22:01:27.989966 -79 -83 -92 -86 -78 
2016-05-19 22:01:28.201993 -86 -83 -91 -85 -80 
2016-05-19 22:01:28.513034 -82 -83 -90 -86 -82 
2016-05-19 22:01:29.677186 -77 -84 -90 -84 -80 
2016-05-19 22:01:29.885213 -77 -83 -89 -85 -76 
2016-05-19 22:01:30.156249 -79 -83 -88 -84 -77 
2016-05-19 22:01:30.365277 -85 -82 -88 -83 -76 
2016-05-19 22:01:30.658314 -86 -90 -90 -84 -77 
2016-05-19 22:01:30.850339 -87 -81 -89 -87 -79 
2016-05-19 22:01:31.379409 -85 -84 -89 -84 -77 
2016-05-19 22:01:31.681449 -84 -85 -93 -85 -78 
2016-05-19 22:01:31.896477 -84 -82 -88 -84 -78 
2016-05-19 22:01:32.524560 -86 -87 -89 -86 -77 
2016-05-19 22:01:34.207777 -85 -83 -88 -84 -76 
2016-05-19 22:01:34.420806 -80 -83 -90 -87 -76 
2016-05-19 22:01:35.245913 -85 -85 -92 -85 -76 
2016-05-19 22:01:35.562955 -78 -83 -90 -85 -78 
2016-05-19 22:01:36.309058 -82 -84 -90 -84 -76 
2016-05-19 22:01:36.941135 -80 -83 -89 -84 -77 
2016-05-19 22:01:37.361192 -78 -84 -90 -85 -77 
2016-05-19 22:01:41.859777 -81 -84 -92 -85 -79 
2016-05-19 22:01:42.489862 -79 -83 -90 -84 -77 
2016-05-19 22:01:42.699888 -85 -84 -91 -85 -78 
2016-05-19 22:01:42.904914 -84 -84 -89 -84 -77 
2016-05-19 22:01:43.117943 -80 -83 -91 -85 -78 
2016-05-19 22:01:44.166079 -80 -83 -89 -85 -79 
2016-05-19 22:01:44.678146 -83 -84 -89 -84 -79 
2016-05-19 22:01:45.306229 -83 -85 -89 -83 -78 
2016-05-19 22:01:46.477381 -80 -83 -90 -84 -79 
2016-05-19 22:01:47.063458 -82 -83 -90 -86 -81 
2016-05-19 22:01:48.250614 -90 -83 -90 -86 -80 
2016-05-19 22:01:48.461640 -83 -82 -90 -81 -79 
2016-05-19 22:01:48.725674 -88 -84 -90 -87 -77 
2016-05-19 22:01:49.302749 -88 -85 -89 -86 -84 
2016-05-19 22:01:49.932831 -82 -84 -88 -86 -78 
2016-05-19 22:01:50.466903 -82 -83 -89 -85 -81 
2016-05-19 22:01:50.732952 -78 -81 -89 -85 -81 
2016-05-19 22:01:51.102985 -88 -88 -90 -85 -77 
2016-05-19 22:01:51.457031 -82 -86 -91 -86 -78 
2016-05-19 22:01:52.062110 -82 -84 -89 -88 -77 
2016-05-19 22:01:52.266137 -86 -86 -89 -85 -77 
2016-05-19 22:01:52.475288 -86 -86 -88 -87 -77 
2016-05-19 22:01:53.410286 -82 -85 -90 -87 -79 
2016-05-19 22:01:53.683450 -85 -85 -90 -89 -80 
2016-05-19 22:01:55.927615 -84 -84 -91 -86 -78 
2016-05-19 22:01:56.161645 -84 -86 -90 -89 -75 
2016-05-19 22:01:56.365677 -85 -83 -88 -88 -80 
2016-05-19 22:01:56.709718 -88 -84 -90 -86 -78 
2016-05-19 22:01:57.188783 -80 -84 -88 -86 -76 
2016-05-19 22:01:57.396807 -81 -85 -89 -89 -82 
2016-05-19 22:01:57.654841 -78 -85 -89 -89 -78 
2016-05-19 22:01:57.821862 -85 -83 -89 -85 -87 
2016-05-19 22:01:58.386939 -83 -84 -90 -89 -80 
2016-05-19 22:01:58.601964 -85 -82 -91 -90 -82 
2016-05-19 22:01:59.010022 -82 -83 -90 -85 -80 
2016-05-19 22:01:59.467078 -80 -83 -89 -85 -76 
2016-05-19 22:01:59.852257 -81 -84 -89 -85 -76 
2016-05-19 22:02:00.105162 -85 -82 -89 -85 -78 
2016-05-19 22:02:00.522215 -85 -86 -90 -89 -81 
2016-05-19 22:02:00.900404 -77 -85 -90 -85 -78 
2016-05-19 22:02:01.564353 -83 -85 -92 -85 -79 
2016-05-19 22:02:02.823517 -79 -84 -91 -88 -80 
2016-05-19 22:02:03.462599 -83 -84 -90 -86 -81 
2016-05-19 22:02:04.091680 -85 -83 -90 -88 -79 
2016-05-19 22:02:05.584875 -82 -83 -91 -87 -79 
2016-05-19 22:02:06.849046 -82 -84 -90 -87 -81 
2016-05-19 22:02:07.480123 -79 -86 -90 -87 -80 
2016-05-19 22:02:08.425247 -85 -85 -91 -88 -82 
2016-05-19 22:02:08.586269 -77 -86 -93 -86 -78 
2016-05-19 22:02:08.951320 -83 -84 -87 -87 -82 
2016-05-19 22:02:09.217350 -82 -87 -89 -87 -82 
2016-05-19 22:02:09.895439 -80 -85 -90 -89 -81 
2016-05-19 22:02:10.627535 -79 -84 -90 -88 -80 
2016-05-19 22:02:10.835562 -78 -83 -91 -86 -78 
2016-05-19 22:02:11.349631 -86 -83 -90 -85 -79 
2016-05-19 22:02:11.604662 -88 -90 -89 -88 -80 
2016-05-19 22:02:12.609794 -80 -85 -89 -88 -77 
2016-05-19 22:02:12.822822 -81 -85 -89 -87 -80 
681
