2016-05-19 22:28:46.651620 -78 -62 -76 -71 -79 
2016-05-19 22:28:46.757646 -72 -62 -72 -82 -80 
2016-05-19 22:28:46.940655 -79 -62 -72 -74 -79 
2016-05-19 22:28:47.077675 -76 -58 -82 -64 -82 
2016-05-19 22:28:47.220691 -74 -68 -70 -64 -77 
2016-05-19 22:28:47.322707 -77 -74 -88 -63 -80 
2016-05-19 22:28:47.430725 -69 -62 -77 -78 -83 
2016-05-19 22:28:47.534747 -74 -72 -86 -63 -82 
2016-05-19 22:28:47.717792 -79 -68 -79 -71 -76 
2016-05-19 22:28:47.930784 -81 -66 -80 -66 -77 
2016-05-19 22:28:48.037801 -75 -71 -73 -68 -80 
2016-05-19 22:28:48.244831 -69 -86 -70 -73 -88 
2016-05-19 22:28:48.353842 -86 -73 -65 -71 -74 
2016-05-19 22:28:48.461856 -72 -74 -72 -70 -89 
2016-05-19 22:28:48.668901 -67 -66 -70 -76 -84 
2016-05-19 22:28:48.773898 -75 -65 -81 -67 -74 
2016-05-19 22:28:48.949923 -69 -73 -68 -70 -73 
2016-05-19 22:28:49.111942 -79 -68 -67 -72 -75 
2016-05-19 22:28:49.368974 -72 -66 -71 -70 -80 
2016-05-19 22:28:49.467987 -81 -63 -66 -91 -77 
2016-05-19 22:28:49.577001 -73 -68 -75 -70 -73 
2016-05-19 22:28:49.680037 -77 -68 -68 -75 -72 
2016-05-19 22:28:49.782029 -75 -78 -77 -72 -75 
2016-05-19 22:28:50.042062 -74 -71 -72 -79 -80 
2016-05-19 22:28:50.146078 -69 -70 -68 -69 -72 
2016-05-19 22:28:50.341099 -70 -71 -70 -86 -79 
2016-05-19 22:28:50.515128 -64 -71 -68 -73 -77 
2016-05-19 22:28:50.722163 -64 -70 -68 -80 -75 
2016-05-19 22:28:50.885176 -81 -71 -71 -81 -79 
2016-05-19 22:28:50.991184 -66 -70 -71 -68 -80 
2016-05-19 22:28:51.183212 -73 -71 -72 -71 -81 
2016-05-19 22:28:51.321227 -82 -71 -69 -70 -77 
2016-05-19 22:28:51.430248 -81 -73 -70 -68 -87 
2016-05-19 22:28:51.725299 -84 -81 -68 -79 -78 
2016-05-19 22:28:51.936439 -79 -80 -69 -80 -72 
2016-05-19 22:28:52.249351 -71 -77 -68 -68 -74 
2016-05-19 22:28:52.348371 -65 -71 -66 -68 -77 
2016-05-19 22:28:52.465382 -72 -69 -72 -73 -78 
2016-05-19 22:28:52.751451 -71 -68 -68 -73 -83 
2016-05-19 22:28:52.858430 -67 -65 -69 -75 -75 
2016-05-19 22:28:53.091458 -70 -70 -68 -70 -79 
2016-05-19 22:28:53.197474 -72 -66 -69 -68 -75 
2016-05-19 22:28:53.382499 -73 -68 -70 -71 -77 
2016-05-19 22:28:53.510520 -70 -71 -68 -69 -85 
2016-05-19 22:28:53.616659 -70 -65 -69 -71 -79 
2016-05-19 22:28:53.722543 -68 -75 -68 -75 -76 
2016-05-19 22:28:53.832686 -68 -64 -67 -71 -76 
2016-05-19 22:28:53.948572 -72 -67 -66 -83 -70 
2016-05-19 22:28:54.052586 -74 -68 -69 -81 -78 
2016-05-19 22:28:54.237610 -71 -69 -65 -78 -76 
2016-05-19 22:28:54.340627 -74 -71 -77 -85 -74 
2016-05-19 22:28:54.514646 -79 -67 -70 -84 -82 
2016-05-19 22:28:54.772680 -81 -74 -70 -74 -80 
2016-05-19 22:28:54.937702 -81 -70 -69 -74 -90 
2016-05-19 22:28:55.040844 -77 -73 -73 -75 -76 
2016-05-19 22:28:55.142729 -83 -69 -72 -77 -77 
2016-05-19 22:28:55.283755 -74 -75 -78 -80 -78 
2016-05-19 22:28:55.390765 -81 -77 -76 -82 -83 
2016-05-19 22:28:55.594788 -81 -70 -77 -84 -78 
2016-05-19 22:28:55.715820 -76 -74 -76 -81 -77 
2016-05-19 22:28:55.981835 -73 -72 -74 -79 -77 
2016-05-19 22:28:56.108855 -75 -71 -78 -81 -78 
2016-05-19 22:28:56.192994 -76 -75 -80 -75 -75 
2016-05-19 22:28:56.342886 -76 -78 -75 -76 -78 
2016-05-19 22:28:56.537911 -73 -77 -75 -75 -75 
2016-05-19 22:28:56.856951 -74 -82 -71 -67 -74 
2016-05-19 22:28:57.071978 -79 -67 -77 -72 -71 
2016-05-19 22:28:57.256008 -83 -69 -72 -73 -73 
2016-05-19 22:28:57.382018 -71 -74 -87 -74 -80 
2016-05-19 22:28:57.692059 -72 -67 -75 -69 -75 
2016-05-19 22:28:57.795075 -69 -75 -80 -67 -78 
2016-05-19 22:28:57.905218 -76 -71 -75 -68 -71 
2016-05-19 22:28:58.007100 -74 -67 -71 -66 -80 
2016-05-19 22:28:58.331149 -73 -67 -76 -72 -76 
2016-05-19 22:28:58.538172 -69 -75 -67 -70 -90 
2016-05-19 22:28:58.740199 -74 -70 -68 -72 -76 
2016-05-19 22:28:59.042235 -67 -67 -70 -68 -85 
2016-05-19 22:28:59.168255 -82 -70 -73 -74 -74 
2016-05-19 22:28:59.361412 -73 -74 -70 -73 -68 
2016-05-19 22:28:59.678321 -69 -72 -71 -67 -71 
2016-05-19 22:28:59.879348 -65 -79 -72 -68 -68 
2016-05-19 22:29:00.018365 -71 -72 -72 -78 -68 
2016-05-19 22:29:00.125381 -69 -70 -68 -74 -71 
2016-05-19 22:29:00.336413 -71 -78 -62 -78 -76 
2016-05-19 22:29:00.444421 -74 -65 -69 -63 -72 
2016-05-19 22:29:00.555436 -77 -64 -65 -77 -72 
2016-05-19 22:29:00.721586 -71 -69 -72 -73 -75 
2016-05-19 22:29:00.825623 -70 -65 -70 -75 -74 
2016-05-19 22:29:00.977620 -68 -71 -66 -75 -74 
2016-05-19 22:29:01.174527 -72 -70 -70 -67 -76 
2016-05-19 22:29:01.453553 -72 -70 -60 -70 -69 
2016-05-19 22:29:01.886613 -71 -68 -63 -72 -80 
2016-05-19 22:29:02.012623 -70 -69 -67 -74 -70 
2016-05-19 22:29:02.300663 -69 -69 -65 -75 -75 
2016-05-19 22:29:02.434681 -65 -65 -67 -75 -77 
2016-05-19 22:29:02.641837 -80 -71 -68 -69 -73 
2016-05-19 22:29:02.856741 -74 -65 -65 -75 -68 
2016-05-19 22:29:02.964752 -77 -76 -62 -85 -73 
2016-05-19 22:29:03.170778 -70 -73 -67 -74 -78 
2016-05-19 22:29:03.272788 -74 -70 -62 -88 -79 
2016-05-19 22:29:03.453814 -70 -65 -68 -73 -76 
2016-05-19 22:29:03.557825 -72 -81 -64 -82 -72 
2016-05-19 22:29:03.666845 -70 -68 -76 -74 -80 
2016-05-19 22:29:03.807858 -75 -71 -68 -75 -73 
2016-05-19 22:29:04.060894 -74 -69 -68 -79 -74 
2016-05-19 22:29:04.194911 -73 -72 -68 -84 -75 
2016-05-19 22:29:04.295945 -67 -65 -68 -79 -76 
2016-05-19 22:29:04.447942 -70 -62 -68 -77 -74 
2016-05-19 22:29:04.552955 -72 -84 -69 -77 -79 
2016-05-19 22:29:04.767020 -73 -74 -68 -78 -73 
2016-05-19 22:29:04.876002 -69 -68 -74 -71 -73 
2016-05-19 22:29:05.109031 -71 -68 -71 -79 -69 
2016-05-19 22:29:05.194043 -72 -65 -65 -77 -85 
2016-05-19 22:29:05.298185 -73 -73 -76 -81 -73 
2016-05-19 22:29:05.457080 -72 -68 -66 -74 -68 
2016-05-19 22:29:05.728109 -71 -72 -71 -74 -76 
2016-05-19 22:29:05.947144 -71 -73 -71 -73 -69 
2016-05-19 22:29:06.122298 -72 -77 -69 -76 -74 
2016-05-19 22:29:06.305187 -72 -72 -73 -74 -73 
2016-05-19 22:29:06.474337 -72 -69 -70 -74 -73 
2016-05-19 22:29:06.684236 -73 -74 -68 -81 -74 
2016-05-19 22:29:06.829255 -74 -71 -67 -81 -89 
2016-05-19 22:29:06.935270 -72 -66 -73 -80 -74 
2016-05-19 22:29:07.102294 -75 -64 -68 -74 -75 
2016-05-19 22:29:07.293330 -73 -66 -71 -80 -70 
2016-05-19 22:29:07.398334 -72 -71 -70 -75 -75 
2016-05-19 22:29:07.567355 -71 -68 -71 -79 -74 
2016-05-19 22:29:07.713367 -72 -68 -68 -76 -70 
2016-05-19 22:29:07.818513 -74 -71 -74 -75 -75 
2016-05-19 22:29:08.198467 -71 -70 -69 -70 -72 
2016-05-19 22:29:08.436465 -73 -70 -70 -77 -69 
2016-05-19 22:29:08.642620 -73 -69 -68 -77 -72 
2016-05-19 22:29:08.946534 -74 -73 -69 -73 -70 
2016-05-19 22:29:09.053543 -75 -68 -69 -77 -72 
2016-05-19 22:29:09.164560 -72 -71 -68 -73 -91 
2016-05-19 22:29:09.265576 -75 -75 -67 -77 -71 
2016-05-19 22:29:09.374588 -72 -68 -69 -81 -89 
2016-05-19 22:29:09.477605 -74 -75 -70 -75 -71 
2016-05-19 22:29:09.582618 -73 -72 -67 -79 -69 
2016-05-19 22:29:09.684628 -75 -75 -71 -75 -71 
2016-05-19 22:29:09.790642 -74 -68 -67 -79 -69 
2016-05-19 22:29:09.890656 -74 -75 -72 -76 -72 
2016-05-19 22:29:10.085683 -75 -70 -68 -73 -82 
2016-05-19 22:29:10.258724 -73 -73 -70 -79 -73 
2016-05-19 22:29:10.464730 -74 -69 -70 -79 -73 
2016-05-19 22:29:10.626881 -76 -74 -69 -83 -69 
2016-05-19 22:29:10.734765 -74 -68 -67 -80 -74 
2016-05-19 22:29:10.842908 -75 -71 -71 -75 -88 
2016-05-19 22:29:11.101813 -72 -71 -68 -75 -68 
2016-05-19 22:29:11.310843 -72 -71 -67 -80 -68 
2016-05-19 22:29:11.463858 -75 -75 -67 -76 -76 
2016-05-19 22:29:11.564875 -69 -68 -68 -78 -69 
2016-05-19 22:29:11.789904 -77 -72 -66 -72 -71 
2016-05-19 22:29:11.938920 -69 -74 -68 -73 -69 
2016-05-19 22:29:12.047940 -71 -71 -68 -75 -76 
2016-05-19 22:29:12.147953 -69 -77 -70 -85 -69 
2016-05-19 22:29:12.465000 -70 -71 -69 -78 -77 
2016-05-19 22:29:12.626020 -75 -71 -66 -79 -69 
2016-05-19 22:29:12.735034 -79 -72 -69 -85 -77 
2016-05-19 22:29:12.838053 -72 -74 -67 -73 -69 
2016-05-19 22:29:12.944058 -80 -74 -69 -75 -68 
2016-05-19 22:29:13.245101 -71 -73 -66 -73 -74 
2016-05-19 22:29:13.346128 -72 -74 -67 -72 -78 
2016-05-19 22:29:13.537147 -71 -71 -71 -71 -75 
2016-05-19 22:29:13.748171 -71 -68 -69 -69 -74 
2016-05-19 22:29:13.851309 -71 -70 -70 -69 -71 
2016-05-19 22:29:14.047205 -72 -70 -69 -85 -68 
2016-05-19 22:29:14.181223 -70 -72 -68 -70 -70 
2016-05-19 22:29:14.282236 -72 -64 -73 -71 -81 
2016-05-19 22:29:14.388266 -72 -73 -68 -72 -71 
2016-05-19 22:29:14.511266 -73 -73 -69 -70 -79 
2016-05-19 22:29:14.715423 -73 -68 -68 -76 -75 
2016-05-19 22:29:14.929310 -72 -66 -69 -78 -79 
2016-05-19 22:29:15.036328 -76 -66 -72 -77 -69 
2016-05-19 22:29:15.240353 -71 -74 -75 -79 -72 
2016-05-19 22:29:15.454379 -74 -65 -74 -80 -78 
2016-05-19 22:29:15.666424 -80 -69 -67 -75 -72 
2016-05-19 22:29:15.847433 -72 -75 -62 -72 -73 
2016-05-19 22:29:15.980450 -72 -64 -67 -68 -72 
2016-05-19 22:29:16.269486 -74 -69 -69 -69 -83 
2016-05-19 22:29:16.598535 -74 -73 -79 -68 -81 
2016-05-19 22:29:16.791556 -71 -67 -74 -70 -77 
2016-05-19 22:29:16.997583 -73 -69 -71 -64 -78 
2016-05-19 22:29:17.101596 -76 -65 -70 -65 -78 
2016-05-19 22:29:17.314622 -74 -70 -68 -73 -71 
2016-05-19 22:29:17.419777 -81 -76 -67 -64 -84 
2016-05-19 22:29:17.525675 -76 -72 -74 -72 -77 
2016-05-19 22:29:17.731808 -73 -73 -75 -65 -75 
2016-05-19 22:29:17.837694 -72 -67 -75 -68 -74 
2016-05-19 22:29:17.936707 -71 -70 -74 -65 -78 
2016-05-19 22:29:18.203869 -77 -69 -77 -68 -79 
2016-05-19 22:29:18.361762 -77 -85 -77 -69 -83 
2016-05-19 22:29:18.564786 -81 -70 -69 -67 -71 
2016-05-19 22:29:18.773819 -82 -69 -69 -66 -76 
2016-05-19 22:29:18.902831 -74 -66 -74 -70 -67 
2016-05-19 22:29:19.213876 -73 -72 -75 -71 -75 
2016-05-19 22:29:19.318890 -72 -78 -75 -69 -78 
2016-05-19 22:29:19.428029 -78 -65 -71 -66 -78 
2016-05-19 22:29:19.744952 -80 -65 -74 -64 -74 
2016-05-19 22:29:19.950970 -79 -64 -75 -73 -77 
2016-05-19 22:29:20.254012 -80 -76 -74 -69 -72 
2016-05-19 22:29:20.359026 -76 -74 -84 -75 -80 
2016-05-19 22:29:20.461035 -69 -63 -75 -66 -74 
2016-05-19 22:29:20.641068 -77 -68 -77 -68 -84 
2016-05-19 22:29:20.782078 -83 -65 -76 -81 -82 
2016-05-19 22:29:20.887092 -71 -75 -77 -79 -76 
2016-05-19 22:29:21.092247 -72 -72 -74 -71 -79 
2016-05-19 22:29:21.304149 -71 -73 -78 -78 -75 
2016-05-19 22:29:21.461168 -81 -79 -78 -85 -77 
2016-05-19 22:29:21.669198 -74 -69 -81 -78 -74 
2016-05-19 22:29:21.772336 -88 -66 -89 -66 -77 
2016-05-19 22:29:21.931228 -74 -71 -77 -74 -77 
2016-05-19 22:29:22.088248 -74 -69 -78 -78 -78 
2016-05-19 22:29:22.302277 -75 -69 -75 -74 -79 
2016-05-19 22:29:22.415296 -75 -68 -83 -69 -79 
2016-05-19 22:29:22.516314 -77 -66 -77 -77 -85 
2016-05-19 22:29:22.723340 -80 -74 -80 -72 -85 
2016-05-19 22:29:22.867362 -74 -70 -82 -71 -81 
2016-05-19 22:29:23.077385 -71 -71 -74 -67 -77 
2016-05-19 22:29:23.282412 -73 -66 -76 -70 -79 
2016-05-19 22:29:23.494443 -71 -70 -75 -71 -81 
2016-05-19 22:29:23.598453 -69 -65 -73 -71 -74 
2016-05-19 22:29:23.713475 -80 -75 -78 -69 -77 
2016-05-19 22:29:23.926497 -72 -68 -74 -71 -76 
2016-05-19 22:29:24.032509 -81 -64 -74 -71 -76 
2016-05-19 22:29:24.138524 -70 -67 -73 -68 -76 
2016-05-19 22:29:24.347551 -71 -63 -74 -74 -77 
2016-05-19 22:29:24.451564 -71 -75 -79 -75 -84 
2016-05-19 22:29:24.796750 -73 -65 -75 -71 -82 
2016-05-19 22:29:25.008629 -75 -65 -80 -72 -82 
2016-05-19 22:29:25.151648 -72 -80 -73 -70 -89 
2016-05-19 22:29:25.472690 -74 -71 -78 -71 -82 
2016-05-19 22:29:25.575706 -74 -68 -72 -71 -83 
2016-05-19 22:29:25.928750 -75 -77 -79 -71 -86 
2016-05-19 22:29:26.103772 -75 -74 -80 -71 -90 
2016-05-19 22:29:26.213787 -75 -67 -80 -75 -76 
2016-05-19 22:29:26.530825 -80 -74 -72 -75 -78 
2016-05-19 22:29:26.748986 -72 -66 -74 -75 -79 
2016-05-19 22:29:26.856872 -72 -63 -74 -69 -79 
2016-05-19 22:29:27.062898 -80 -66 -75 -73 -75 
2016-05-19 22:29:27.280924 -76 -62 -78 -74 -75 
2016-05-19 22:29:27.423945 -71 -62 -76 -82 -73 
2016-05-19 22:29:27.530957 -72 -68 -90 -78 -70 
2016-05-19 22:29:27.634977 -72 -61 -77 -68 -78 
2016-05-19 22:29:27.802995 -74 -68 -78 -72 -72 
2016-05-19 22:29:27.905013 -73 -69 -76 -67 -79 
2016-05-19 22:29:28.115039 -83 -69 -77 -76 -74 
2016-05-19 22:29:28.317064 -84 -66 -74 -69 -71 
2016-05-19 22:29:28.476082 -77 -69 -75 -79 -73 
2016-05-19 22:29:28.636101 -80 -66 -69 -73 -80 
2016-05-19 22:29:28.760123 -74 -69 -75 -77 -76 
2016-05-19 22:29:28.879139 -81 -75 -78 -78 -67 
2016-05-19 22:29:29.189304 -78 -68 -72 -72 -71 
2016-05-19 22:29:29.390206 -75 -83 -74 -69 -74 
2016-05-19 22:29:29.494215 -74 -67 -73 -65 -68 
2016-05-19 22:29:29.709372 -78 -74 -71 -69 -70 
2016-05-19 22:29:29.918271 -78 -72 -71 -69 -75 
2016-05-19 22:29:30.091294 -78 -75 -75 -68 -80 
2016-05-19 22:29:30.193310 -80 -82 -72 -69 -81 
2016-05-19 22:29:30.293449 -84 -68 -77 -68 -78 
2016-05-19 22:29:30.450344 -78 -63 -72 -61 -80 
2016-05-19 22:29:30.715379 -80 -62 -72 -68 -80 
2016-05-19 22:29:30.871392 -78 -59 -83 -69 -78 
2016-05-19 22:29:30.994418 -75 -58 -77 -68 -68 
2016-05-19 22:29:31.095428 -73 -59 -76 -66 -81 
2016-05-19 22:29:31.199439 -78 -57 -79 -64 -73 
2016-05-19 22:29:31.352459 -74 -57 -75 -67 -78 
2016-05-19 22:29:31.473475 -83 -57 -76 -69 -68 
2016-05-19 22:29:31.706503 -74 -61 -71 -76 -75 
2016-05-19 22:29:31.905535 -78 -57 -76 -66 -72 
2016-05-19 22:29:32.011557 -74 -59 -72 -63 -70 
2016-05-19 22:29:32.224572 -78 -56 -77 -71 -71 
2016-05-19 22:29:32.435607 -78 -57 -80 -68 -84 
2016-05-19 22:29:32.671627 -77 -60 -83 -69 -76 
2016-05-19 22:29:32.836650 -75 -67 -85 -72 -81 
2016-05-19 22:29:32.974670 -80 -67 -81 -70 -77 
2016-05-19 22:29:33.080687 -83 -73 -79 -68 -74 
2016-05-19 22:29:33.271706 -77 -64 -78 -69 -78 
2016-05-19 22:29:33.374722 -73 -70 -77 -81 -81 
2016-05-19 22:29:33.556743 -86 -67 -72 -66 -84 
2016-05-19 22:29:33.762773 -78 -64 -75 -68 -76 
2016-05-19 22:29:33.865791 -77 -61 -75 -68 -84 
2016-05-19 22:29:34.014805 -79 -65 -78 -69 -75 
2016-05-19 22:29:34.120824 -83 -63 -84 -75 -80 
2016-05-19 22:29:34.318845 -77 -69 -75 -67 -75 
2016-05-19 22:29:34.503869 -79 -64 -79 -61 -79 
2016-05-19 22:29:34.610888 -86 -83 -77 -63 -81 
2016-05-19 22:29:34.721895 -76 -66 -84 -64 -72 
2016-05-19 22:29:34.894050 -78 -73 -81 -70 -73 
2016-05-19 22:29:35.132952 -80 -61 -73 -68 -69 
2016-05-19 22:29:35.312975 -77 -66 -77 -65 -76 
2016-05-19 22:29:35.462123 -77 -67 -73 -71 -70 
2016-05-19 22:29:35.735030 -81 -64 -72 -63 -75 
2016-05-19 22:29:35.910182 -78 -72 -80 -67 -73 
2016-05-19 22:29:36.093077 -76 -62 -80 -71 -74 
2016-05-19 22:29:36.248097 -76 -63 -78 -76 -84 
2016-05-19 22:29:36.590271 -80 -68 -75 -64 -75 
2016-05-19 22:29:36.722156 -78 -61 -82 -73 -74 
2016-05-19 22:29:36.902180 -72 -62 -78 -63 -77 
2016-05-19 22:29:37.187229 -76 -63 -78 -80 -81 
2016-05-19 22:29:37.349241 -75 -62 -77 -66 -76 
2016-05-19 22:29:37.568270 -71 -62 -76 -79 -74 
2016-05-19 22:29:37.809301 -70 -64 -74 -62 -77 
2016-05-19 22:29:38.010327 -71 -63 -71 -62 -74 
2016-05-19 22:29:38.196382 -73 -59 -78 -70 -74 
2016-05-19 22:29:38.370383 -73 -62 -78 -69 -77 
2016-05-19 22:29:38.586410 -73 -65 -78 -63 -75 
2016-05-19 22:29:38.795432 -72 -66 -74 -65 -74 
2016-05-19 22:29:38.897441 -78 -60 -80 -63 -71 
2016-05-19 22:29:39.005458 -75 -60 -78 -71 -75 
2016-05-19 22:29:39.197480 -90 -64 -80 -66 -72 
2016-05-19 22:29:39.436519 -72 -70 -76 -70 -71 
2016-05-19 22:29:39.644541 -70 -70 -72 -71 -73 
2016-05-19 22:29:39.747552 -71 -73 -74 -60 -71 
2016-05-19 22:29:39.849568 -72 -65 -75 -75 -76 
2016-05-19 22:29:39.956587 -70 -74 -80 -60 -72 
2016-05-19 22:29:40.067594 -73 -64 -76 -73 -78 
2016-05-19 22:29:40.166738 -82 -79 -81 -65 -77 
2016-05-19 22:29:40.374766 -70 -70 -80 -64 -74 
2016-05-19 22:29:40.485696 -75 -62 -70 -83 -74 
2016-05-19 22:29:40.650673 -81 -70 -80 -69 -77 
2016-05-19 22:29:40.861704 -80 -68 -83 -60 -79 
2016-05-19 22:29:41.000718 -72 -69 -70 -68 -71 
2016-05-19 22:29:41.103732 -82 -64 -78 -63 -72 
2016-05-19 22:29:41.209746 -75 -67 -80 -64 -77 
2016-05-19 22:29:41.420773 -77 -73 -75 -67 -75 
2016-05-19 22:29:41.597794 -76 -68 -75 -63 -76 
2016-05-19 22:29:41.803823 -76 -68 -73 -63 -71 
2016-05-19 22:29:42.059858 -74 -64 -72 -62 -74 
2016-05-19 22:29:42.377903 -72 -63 -72 -64 -79 
2016-05-19 22:29:42.581975 -72 -80 -74 -65 -77 
2016-05-19 22:29:42.681942 -78 -62 -72 -63 -79 
2016-05-19 22:29:42.790954 -76 -78 -84 -64 -78 
2016-05-19 22:29:42.961980 -82 -77 -72 -65 -74 
2016-05-19 22:29:43.218006 -76 -64 -81 -70 -73 
2016-05-19 22:29:43.427040 -75 -61 -84 -70 -73 
2016-05-19 22:29:43.579055 -73 -59 -84 -71 -73 
2016-05-19 22:29:43.683067 -80 -64 -81 -63 -72 
2016-05-19 22:29:43.894096 -80 -61 -85 -62 -72 
2016-05-19 22:29:44.108121 -78 -62 -82 -65 -71 
2016-05-19 22:29:44.315151 -77 -64 -85 -65 -71 
2016-05-19 22:29:44.578182 -76 -63 -83 -66 -72 
2016-05-19 22:29:44.887355 -76 -61 -81 -66 -72 
2016-05-19 22:29:45.103383 -76 -61 -80 -69 -71 
2016-05-19 22:29:45.314282 -76 -60 -81 -67 -70 
2016-05-19 22:29:45.425297 -75 -63 -83 -62 -72 
2016-05-19 22:29:45.630324 -75 -64 -83 -67 -72 
2016-05-19 22:29:45.842354 -76 -61 -83 -68 -71 
2016-05-19 22:29:45.944390 -78 -66 -78 -67 -71 
2016-05-19 22:29:46.078379 -78 -62 -87 -67 -69 
2016-05-19 22:29:46.232405 -80 -61 -78 -68 -68 
2016-05-19 22:29:46.445430 -83 -64 -80 -67 -68 
2016-05-19 22:29:46.622457 -83 -71 -80 -65 -70 
2016-05-19 22:29:46.807606 -80 -71 -79 -65 -69 
2016-05-19 22:29:47.013506 -81 -60 -78 -63 -69 
2016-05-19 22:29:47.173521 -82 -60 -80 -67 -70 
2016-05-19 22:29:47.277543 -80 -68 -79 -64 -72 
2016-05-19 22:29:47.437572 -86 -62 -79 -63 -71 
2016-05-19 22:29:47.647725 -79 -60 -82 -63 -71 
2016-05-19 22:29:47.751737 -76 -60 -86 -74 -70 
2016-05-19 22:29:47.912633 -75 -63 -76 -67 -70 
2016-05-19 22:29:48.019645 -79 -61 -82 -73 -71 
2016-05-19 22:29:48.127787 -75 -69 -75 -66 -72 
2016-05-19 22:29:48.335712 -81 -72 -78 -69 -70 
2016-05-19 22:29:48.442695 -85 -61 -81 -64 -71 
2016-05-19 22:29:48.633726 -89 -61 -77 -64 -71 
2016-05-19 22:29:48.742733 -72 -65 -77 -63 -70 
2016-05-19 22:29:48.850751 -76 -73 -76 -62 -70 
2016-05-19 22:29:48.954757 -70 -68 -74 -63 -71 
2016-05-19 22:29:49.164784 -80 -61 -77 -65 -73 
2016-05-19 22:29:49.276799 -86 -77 -78 -66 -75 
2016-05-19 22:29:49.475826 -78 -66 -75 -62 -75 
2016-05-19 22:29:49.630845 -79 -68 -77 -63 -74 
2016-05-19 22:29:49.803866 -76 -70 -76 -63 -78 
2016-05-19 22:29:50.216922 -75 -62 -79 -67 -81 
2016-05-19 22:29:50.323934 -71 -59 -73 -64 -82 
2016-05-19 22:29:50.465956 -75 -66 -71 -69 -74 
2016-05-19 22:29:50.672985 -68 -69 -79 -59 -77 
2016-05-19 22:29:50.784126 -78 -66 -76 -65 -75 
2016-05-19 22:29:50.893015 -86 -68 -77 -67 -75 
2016-05-19 22:29:51.095037 -78 -62 -80 -69 -80 
2016-05-19 22:29:51.194047 -74 -89 -77 -67 -81 
2016-05-19 22:29:51.377074 -77 -64 -78 -62 -71 
2016-05-19 22:29:51.624235 -75 -75 -77 -62 -75 
2016-05-19 22:29:51.782127 -75 -75 -83 -64 -81 
2016-05-19 22:29:51.933150 -73 -76 -71 -57 -74 
2016-05-19 22:29:52.145174 -78 -74 -74 -68 -74 
2016-05-19 22:29:52.434209 -72 -72 -76 -70 -71 
2016-05-19 22:29:52.563236 -73 -81 -72 -66 -72 
2016-05-19 22:29:52.666242 -74 -73 -70 -69 -75 
2016-05-19 22:29:52.835264 -66 -75 -73 -68 -85 
2016-05-19 22:29:53.088440 -71 -71 -72 -71 -79 
2016-05-19 22:29:53.290324 -71 -71 -71 -65 -76 
2016-05-19 22:29:53.616497 -75 -83 -79 -69 -77 
2016-05-19 22:29:53.723384 -67 -79 -70 -79 -72 
2016-05-19 22:29:53.921407 -69 -75 -71 -77 -71 
2016-05-19 22:29:54.100432 -71 -80 -72 -68 -76 
2016-05-19 22:29:54.203447 -67 -83 -69 -65 -73 
2016-05-19 22:29:54.310458 -77 -78 -81 -74 -80 
2016-05-19 22:29:54.415471 -72 -68 -71 -69 -81 
2016-05-19 22:29:54.523488 -65 -74 -75 -71 -76 
2016-05-19 22:29:54.725511 -65 -70 -71 -72 -74 
2016-05-19 22:29:55.261581 -65 -72 -76 -66 -89 
2016-05-19 22:29:55.365604 -66 -71 -80 -69 -83 
2016-05-19 22:29:55.504742 -65 -69 -73 -67 -73 
2016-05-19 22:29:55.610627 -66 -72 -84 -82 -81 
2016-05-19 22:29:55.714638 -66 -66 -72 -67 -72 
2016-05-19 22:29:55.868664 -65 -72 -78 -72 -78 
2016-05-19 22:29:56.071687 -66 -68 -74 -64 -79 
2016-05-19 22:29:56.176832 -70 -73 -71 -65 -74 
2016-05-19 22:29:56.281715 -68 -66 -76 -66 -72 
2016-05-19 22:29:56.587754 -65 -69 -69 -69 -79 
2016-05-19 22:29:56.753779 -64 -76 -72 -63 -73 
2016-05-19 22:29:56.860790 -66 -72 -78 -62 -77 
2016-05-19 22:29:57.068821 -70 -67 -76 -71 -74 
2016-05-19 22:29:57.175840 -67 -70 -83 -60 -76 
2016-05-19 22:29:57.280847 -73 -66 -74 -70 -76 
2016-05-19 22:29:57.392989 -67 -71 -79 -72 -70 
2016-05-19 22:29:57.523881 -76 -71 -75 -64 -75 
2016-05-19 22:29:57.631890 -69 -70 -77 -63 -79 
2016-05-19 22:29:57.809911 -86 -73 -76 -67 -81 
2016-05-19 22:29:58.018945 -73 -75 -81 -65 -78 
2016-05-19 22:29:58.220968 -71 -66 -75 -68 -73 
2016-05-19 22:29:58.536011 -71 -65 -74 -70 -80 
2016-05-19 22:29:58.637023 -70 -75 -74 -65 -77 
2016-05-19 22:29:58.789047 -80 -70 -76 -69 -79 
2016-05-19 22:29:58.895054 -73 -71 -81 -78 -72 
2016-05-19 22:29:59.002070 -72 -68 -71 -73 -77 
2016-05-19 22:29:59.191095 -74 -64 -74 -75 -79 
2016-05-19 22:29:59.293108 -78 -67 -77 -78 -74 
2016-05-19 22:29:59.499144 -71 -70 -73 -76 -80 
2016-05-19 22:29:59.598148 -69 -68 -72 -66 -82 
2016-05-19 22:29:59.796175 -71 -68 -78 -65 -74 
2016-05-19 22:29:59.898186 -75 -74 -82 -70 -89 
2016-05-19 22:30:00.006202 -70 -69 -73 -71 -75 
2016-05-19 22:30:00.211228 -71 -70 -71 -72 -77 
2016-05-19 22:30:00.451259 -79 -73 -72 -67 -76 
2016-05-19 22:30:00.641413 -69 -77 -69 -70 -76 
2016-05-19 22:30:00.742304 -77 -71 -73 -73 -76 
2016-05-19 22:30:01.264370 -71 -68 -76 -68 -74 
2016-05-19 22:30:01.372380 -66 -67 -73 -65 -74 
2016-05-19 22:30:01.676421 -72 -69 -74 -74 -79 
2016-05-19 22:30:01.886461 -77 -76 -71 -67 -82 
2016-05-19 22:30:02.131478 -77 -76 -76 -69 -75 
2016-05-19 22:30:02.332505 -76 -76 -78 -62 -72 
2016-05-19 22:30:02.443530 -73 -76 -77 -60 -73 
2016-05-19 22:30:02.542533 -77 -81 -81 -58 -77 
2016-05-19 22:30:02.654551 -75 -68 -77 -62 -71 
2016-05-19 22:30:02.935587 -68 -77 -78 -61 -79 
2016-05-19 22:30:03.143611 -77 -75 -80 -62 -80 
2016-05-19 22:30:03.245624 -74 -78 -84 -63 -81 
2016-05-19 22:30:03.352638 -79 -75 -81 -64 -81 
2016-05-19 22:30:03.457781 -81 -81 -87 -65 -77 
2016-05-19 22:30:03.575666 -77 -67 -74 -67 -84 
2016-05-19 22:30:03.784699 -75 -68 -79 -71 -83 
2016-05-19 22:30:03.989725 -86 -70 -88 -72 -80 
2016-05-19 22:30:04.097865 -81 -70 -90 -77 -79 
2016-05-19 22:30:04.196749 -78 -71 -83 -78 -87 
2016-05-19 22:30:04.308771 -73 -70 -81 -76 -78 
2016-05-19 22:30:04.503789 -75 -69 -80 -71 -81 
2016-05-19 22:30:04.833961 -76 -69 -80 -72 -78 
2016-05-19 22:30:05.051860 -81 -70 -77 -76 -86 
2016-05-19 22:30:05.151873 -72 -70 -83 -72 -86 
2016-05-19 22:30:05.384907 -77 -73 -85 -76 -81 
2016-05-19 22:30:05.490915 -74 -77 -82 -70 -79 
2016-05-19 22:30:05.698073 -77 -80 -78 -68 -81 
2016-05-19 22:30:05.895971 -76 -82 -80 -72 -82 
2016-05-19 22:30:06.105006 -76 -72 -79 -76 -78 
2016-05-19 22:30:06.321023 -75 -74 -77 -79 -80 
2016-05-19 22:30:06.632067 -82 -79 -83 -73 -82 
2016-05-19 22:30:06.849099 -80 -84 -85 -72 -86 
2016-05-19 22:30:07.160139 -80 -78 -86 -69 -81 
2016-05-19 22:30:07.364162 -77 -83 -83 -69 -82 
2016-05-19 22:30:07.562317 -83 -72 -84 -70 -82 
2016-05-19 22:30:07.791215 -81 -73 -80 -71 -84 
2016-05-19 22:30:07.893231 -86 -71 -82 -71 -80 
2016-05-19 22:30:08.015251 -80 -73 -83 -77 -77 
2016-05-19 22:30:08.117261 -78 -74 -84 -65 -80 
2016-05-19 22:30:08.327288 -82 -78 -84 -72 -83 
2016-05-19 22:30:08.434431 -80 -82 -81 -74 -86 
2016-05-19 22:30:08.650459 -80 -81 -88 -67 -86 
2016-05-19 22:30:08.751341 -74 -86 -86 -68 -88 
2016-05-19 22:30:08.857357 -78 -74 -81 -74 -78 
2016-05-19 22:30:09.068384 -77 -73 -86 -69 -79 
2016-05-19 22:30:09.274540 -79 -71 -86 -75 -80 
2016-05-19 22:30:09.453434 -76 -80 -79 -70 -76 
2016-05-19 22:30:09.557457 -78 -72 -80 -69 -79 
2016-05-19 22:30:09.908496 -80 -75 -82 -75 -83 
2016-05-19 22:30:10.016507 -76 -82 -86 -78 -82 
2016-05-19 22:30:10.225540 -76 -79 -83 -76 -81 
2016-05-19 22:30:10.422562 -78 -80 -83 -73 -82 
2016-05-19 22:30:10.524575 -79 -85 -84 -73 -76 
2016-05-19 22:30:10.627589 -79 -74 -87 -72 -82 
2016-05-19 22:30:10.746734 -80 -77 -83 -72 -75 
2016-05-19 22:30:11.061642 -75 -79 -82 -71 -84 
2016-05-19 22:30:11.227667 -77 -82 -89 -71 -73 
2016-05-19 22:30:11.332681 -73 -77 -79 -76 -83 
2016-05-19 22:30:11.444695 -76 -75 -85 -71 -80 
2016-05-19 22:30:11.552709 -90 -85 -83 -76 -71 
2016-05-19 22:30:11.787741 -75 -78 -80 -76 -76 
2016-05-19 22:30:11.893754 -80 -74 -84 -73 -80 
2016-05-19 22:30:12.097780 -79 -75 -84 -72 -70 
2016-05-19 22:30:12.303807 -78 -75 -83 -68 -77 
2016-05-19 22:30:12.451824 -76 -75 -84 -73 -81 
2016-05-19 22:30:12.556838 -81 -77 -85 -69 -86 
2016-05-19 22:30:12.735869 -79 -74 -86 -73 -74 
2016-05-19 22:30:12.947021 -75 -78 -84 -69 -71 
2016-05-19 22:30:13.142917 -80 -73 -85 -71 -72 
2016-05-19 22:30:13.349944 -82 -71 -89 -75 -72 
2016-05-19 22:30:13.564972 -76 -75 -84 -71 -80 
2016-05-19 22:30:13.673987 -76 -72 -79 -74 -80 
2016-05-19 22:30:14.094042 -80 -76 -80 -75 -82 
2016-05-19 22:30:14.387208 -82 -88 -83 -73 -73 
2016-05-19 22:30:14.712129 -76 -79 -85 -71 -79 
2016-05-19 22:30:14.822133 -76 -82 -83 -78 -76 
2016-05-19 22:30:14.926157 -81 -75 -84 -75 -81 
2016-05-19 22:30:15.037161 -78 -76 -89 -79 -79 
2016-05-19 22:30:15.182181 -81 -76 -85 -83 -79 
2016-05-19 22:30:15.286202 -76 -80 -83 -69 -84 
2016-05-19 22:30:15.463220 -87 -78 -83 -87 -75 
2016-05-19 22:30:15.669247 -80 -77 -91 -75 -76 
2016-05-19 22:30:15.979289 -86 -78 -84 -74 -79 
2016-05-19 22:30:16.706386 -78 -75 -78 -75 -77 
2016-05-19 22:30:16.813397 -88 -75 -86 -74 -73 
2016-05-19 22:30:17.015422 -82 -80 -79 -72 -72 
2016-05-19 22:30:17.227579 -80 -78 -89 -72 -71 
2016-05-19 22:30:17.451608 -74 -75 -78 -76 -83 
2016-05-19 22:30:17.661510 -74 -74 -78 -75 -76 
2016-05-19 22:30:17.870539 -78 -77 -80 -71 -75 
2016-05-19 22:30:18.073561 -76 -79 -84 -70 -79 
2016-05-19 22:30:18.183583 -80 -73 -83 -69 -78 
2016-05-19 22:30:18.395742 -80 -79 -87 -71 -73 
2016-05-19 22:30:18.713645 -79 -80 -80 -73 -76 
2016-05-19 22:30:18.924672 -80 -76 -79 -71 -82 
2016-05-19 22:30:19.105706 -83 -80 -85 -69 -81 
2016-05-19 22:30:19.212709 -76 -80 -88 -77 -80 
2016-05-19 22:30:19.353729 -79 -78 -82 -79 -82 
2016-05-19 22:30:19.557752 -74 -83 -80 -73 -81 
2016-05-19 22:30:19.665774 -74 -83 -86 -68 -82 
2016-05-19 22:30:19.953807 -77 -76 -75 -70 -79 
2016-05-19 22:30:20.170835 -86 -77 -79 -81 -78 
2016-05-19 22:30:20.373861 -79 -80 -79 -78 -75 
2016-05-19 22:30:20.480876 -75 -85 -81 -69 -80 
2016-05-19 22:30:20.703904 -74 -77 -79 -74 -77 
2016-05-19 22:30:20.909937 -74 -80 -82 -73 -75 
2016-05-19 22:30:21.023947 -80 -77 -81 -69 -75 
2016-05-19 22:30:21.220972 -75 -74 -84 -72 -75 
2016-05-19 22:30:22.041079 -75 -74 -84 -72 -76 
2016-05-19 22:30:22.161095 -68 -77 -79 -74 -77 
2016-05-19 22:30:22.266109 -78 -74 -79 -68 -79 
2016-05-19 22:30:22.373127 -74 -73 -76 -71 -85 
2016-05-19 22:30:22.778180 -71 -69 -78 -69 -77 
2016-05-19 22:30:22.991221 -76 -69 -78 -70 -77 
2016-05-19 22:30:23.194238 -75 -70 -80 -71 -79 
2016-05-19 22:30:23.401264 -72 -71 -81 -68 -79 
2016-05-19 22:30:23.508411 -77 -71 -78 -67 -79 
2016-05-19 22:30:23.613288 -74 -72 -80 -72 -84 
2016-05-19 22:30:23.930333 -75 -77 -80 -70 -79 
2016-05-19 22:30:24.142366 -69 -74 -79 -73 -78 
2016-05-19 22:30:24.243371 -75 -72 -79 -70 -76 
2016-05-19 22:30:24.457407 -72 -72 -77 -72 -83 
561
