2016-05-19 20:44:23.225082 -66 -83 -80 -87 -68 
2016-05-19 20:44:23.455113 -63 -85 -83 -93 -67 
2016-05-19 20:44:23.814161 -68 -85 -79 -86 -73 
2016-05-19 20:44:23.919174 -70 -84 -81 -92 -77 
2016-05-19 20:44:24.090196 -71 -79 -82 -85 -74 
2016-05-19 20:44:24.226220 -67 -80 -79 -86 -72 
2016-05-19 20:44:24.332232 -71 -83 -76 -87 -72 
2016-05-19 20:44:24.437246 -64 -81 -72 -83 -70 
2016-05-19 20:44:24.653267 -74 -82 -77 -89 -78 
2016-05-19 20:44:24.761283 -68 -80 -82 -82 -76 
2016-05-19 20:44:24.968307 -64 -82 -78 -84 -71 
2016-05-19 20:44:25.180338 -70 -78 -79 -88 -71 
2016-05-19 20:44:25.344359 -62 -90 -75 -92 -69 
2016-05-19 20:44:25.450375 -86 -84 -74 -86 -73 
2016-05-19 20:44:25.555387 -70 -84 -78 -91 -71 
2016-05-19 20:44:25.766414 -70 -81 -78 -89 -86 
2016-05-19 20:44:25.980442 -66 -79 -76 -85 -72 
2016-05-19 20:44:26.087459 -66 -79 -89 -80 -68 
2016-05-19 20:44:26.300484 -65 -79 -83 -75 -74 
2016-05-19 20:44:26.401505 -65 -77 -78 -79 -69 
2016-05-19 20:44:26.501517 -66 -77 -75 -83 -72 
2016-05-19 20:44:26.605534 -66 -84 -81 -84 -68 
2016-05-19 20:44:26.708534 -64 -83 -81 -83 -77 
2016-05-19 20:44:26.902566 -68 -79 -84 -84 -75 
2016-05-19 20:44:27.059638 -68 -88 -78 -83 -69 
2016-05-19 20:44:27.484650 -71 -77 -80 -87 -69 
2016-05-19 20:44:27.594670 -69 -84 -78 -88 -70 
2016-05-19 20:44:27.962705 -71 -83 -80 -83 -73 
2016-05-19 20:44:28.168726 -72 -83 -78 -83 -71 
2016-05-19 20:44:28.374756 -76 -83 -76 -83 -68 
2016-05-19 20:44:28.582786 -72 -82 -80 -89 -68 
2016-05-19 20:44:28.791810 -73 -82 -79 -87 -70 
2016-05-19 20:44:29.011840 -74 -78 -78 -84 -68 
2016-05-19 20:44:29.130854 -75 -88 -82 -86 -67 
2016-05-19 20:44:29.549917 -72 -79 -75 -88 -66 
2016-05-19 20:44:29.754940 -68 -80 -74 -86 -67 
2016-05-19 20:44:30.061976 -72 -82 -74 -86 -69 
2016-05-19 20:44:30.589057 -69 -80 -73 -93 -68 
2016-05-19 20:44:30.781070 -73 -75 -77 -89 -68 
2016-05-19 20:44:30.886084 -62 -80 -73 -89 -65 
2016-05-19 20:44:31.113138 -65 -80 -77 -89 -71 
2016-05-19 20:44:31.313142 -68 -79 -75 -87 -65 
2016-05-19 20:44:31.525174 -72 -81 -77 -91 -70 
2016-05-19 20:44:31.846214 -74 -81 -77 -89 -68 
2016-05-19 20:44:32.342275 -75 -78 -75 -87 -66 
2016-05-19 20:44:32.895357 -71 -78 -75 -86 -69 
2016-05-19 20:44:33.618444 -73 -78 -76 -85 -66 
2016-05-19 20:44:34.148516 -74 -78 -77 -88 -67 
2016-05-19 20:44:34.460550 -77 -77 -77 -85 -66 
2016-05-19 20:44:34.669637 -75 -78 -78 -84 -66 
2016-05-19 20:44:35.085633 -76 -79 -76 -82 -69 
2016-05-19 20:44:35.292659 -83 -78 -76 -90 -70 
2016-05-19 20:44:35.396671 -74 -81 -77 -82 -68 
2016-05-19 20:44:35.556693 -85 -79 -80 -82 -68 
2016-05-19 20:44:35.844727 -74 -80 -78 -89 -66 
2016-05-19 20:44:36.059755 -73 -80 -79 -90 -68 
2016-05-19 20:44:36.473823 -75 -79 -79 -87 -68 
2016-05-19 20:44:36.681860 -72 -82 -78 -87 -68 
2016-05-19 20:44:36.859877 -72 -81 -78 -88 -69 
2016-05-19 20:44:36.968881 -76 -81 -74 -87 -67 
2016-05-19 20:44:37.200908 -80 -78 -84 -86 -66 
2016-05-19 20:44:37.405936 -79 -76 -75 -88 -67 
2016-05-19 20:44:37.824986 -75 -79 -76 -90 -67 
2016-05-19 20:44:37.933019 -75 -86 -76 -81 -67 
2016-05-19 20:44:38.252046 -77 -79 -77 -91 -73 
2016-05-19 20:44:38.356060 -80 -82 -78 -87 -71 
2016-05-19 20:44:38.572091 -79 -80 -87 -82 -78 
2016-05-19 20:44:38.778113 -78 -82 -81 -84 -75 
2016-05-19 20:44:38.899142 -70 -81 -84 -83 -73 
2016-05-19 20:44:39.406197 -71 -81 -82 -87 -68 
2016-05-19 20:44:39.718237 -75 -78 -82 -85 -72 
2016-05-19 20:44:39.834252 -69 -82 -82 -81 -63 
2016-05-19 20:44:40.035307 -82 -81 -84 -79 -72 
2016-05-19 20:44:40.141292 -78 -82 -81 -78 -72 
2016-05-19 20:44:40.341338 -75 -88 -79 -81 -80 
2016-05-19 20:44:40.447354 -81 -83 -78 -78 -66 
2016-05-19 20:44:40.745371 -77 -78 -85 -85 -68 
2016-05-19 20:44:40.878400 -81 -80 -78 -83 -70 
2016-05-19 20:44:41.060426 -78 -77 -75 -86 -82 
2016-05-19 20:44:41.210480 -75 -80 -85 -86 -70 
2016-05-19 20:44:41.408482 -71 -82 -80 -84 -68 
2016-05-19 20:44:41.596490 -75 -77 -80 -88 -72 
2016-05-19 20:44:41.803537 -77 -78 -85 -86 -73 
2016-05-19 20:44:41.963534 -77 -89 -80 -84 -71 
2016-05-19 20:44:42.036552 -80 -78 -85 -84 -72 
2016-05-19 20:44:42.245590 -78 -80 -83 -85 -71 
2016-05-19 20:44:42.665643 -76 -84 -82 -85 -70 
2016-05-19 20:44:42.906653 -76 -84 -82 -85 -74 
2016-05-19 20:44:43.509740 -74 -83 -81 -84 -72 
2016-05-19 20:44:43.716767 -77 -83 -83 -85 -75 
2016-05-19 20:44:43.927815 -77 -81 -83 -84 -72 
2016-05-19 20:44:44.552868 -77 -77 -82 -91 -73 
2016-05-19 20:44:44.761904 -77 -79 -82 -92 -77 
2016-05-19 20:44:44.938924 -79 -77 -82 -84 -80 
2016-05-19 20:44:45.041934 -77 -81 -83 -91 -72 
2016-05-19 20:44:45.238961 -80 -76 -82 -87 -72 
2016-05-19 20:44:45.434981 -82 -76 -82 -87 -75 
2016-05-19 20:44:45.569997 -75 -79 -84 -85 -73 
2016-05-19 20:44:45.707018 -80 -84 -83 -87 -74 
2016-05-19 20:44:45.922046 -78 -81 -80 -76 -76 
2016-05-19 20:44:46.196082 -79 -75 -85 -85 -77 
2016-05-19 20:44:46.369108 -74 -85 -77 -84 -78 
2016-05-19 20:44:46.575129 -77 -80 -80 -81 -76 
2016-05-19 20:44:46.787159 -78 -74 -78 -83 -76 
2016-05-19 20:44:46.976184 -74 -89 -79 -82 -74 
2016-05-19 20:44:47.078197 -77 -74 -77 -86 -74 
2016-05-19 20:44:47.249223 -76 -74 -80 -81 -74 
2016-05-19 20:44:47.460245 -77 -73 -77 -83 -73 
2016-05-19 20:44:47.673275 -76 -73 -80 -81 -75 
2016-05-19 20:44:47.828295 -79 -89 -83 -83 -73 
2016-05-19 20:44:48.238348 -74 -77 -81 -82 -75 
2016-05-19 20:44:48.340359 -78 -85 -85 -81 -74 
2016-05-19 20:44:48.446377 -74 -86 -74 -81 -75 
2016-05-19 20:44:48.728412 -77 -78 -85 -85 -75 
2016-05-19 20:44:48.838427 -77 -83 -74 -82 -75 
2016-05-19 20:44:48.936440 -78 -73 -85 -85 -78 
2016-05-19 20:44:49.062457 -77 -82 -84 -82 -74 
2016-05-19 20:44:49.164498 -74 -74 -74 -86 -77 
2016-05-19 20:44:49.265488 -77 -81 -84 -81 -79 
2016-05-19 20:44:49.461524 -79 -82 -83 -81 -74 
2016-05-19 20:44:49.672542 -78 -82 -81 -84 -76 
2016-05-19 20:44:49.776555 -74 -86 -75 -86 -77 
2016-05-19 20:44:49.980577 -76 -74 -74 -81 -78 
2016-05-19 20:44:50.089595 -78 -86 -84 -82 -79 
2016-05-19 20:44:50.303626 -75 -79 -83 -83 -75 
2016-05-19 20:44:50.620661 -74 -85 -85 -82 -75 
2016-05-19 20:44:50.726679 -74 -86 -75 -87 -81 
2016-05-19 20:44:51.052728 -78 -84 -80 -81 -77 
2016-05-19 20:44:51.271765 -75 -80 -80 -81 -74 
2016-05-19 20:44:51.473780 -75 -88 -84 -85 -77 
2016-05-19 20:44:51.688801 -75 -74 -80 -81 -78 
2016-05-19 20:44:51.892855 -75 -87 -82 -84 -81 
2016-05-19 20:44:52.209879 -73 -74 -79 -84 -80 
2016-05-19 20:44:52.724939 -78 -81 -82 -81 -75 
2016-05-19 20:44:52.936963 -76 -84 -81 -80 -73 
2016-05-19 20:44:53.057040 -75 -84 -83 -80 -69 
2016-05-19 20:44:53.162994 -76 -82 -81 -84 -77 
2016-05-19 20:44:53.266013 -73 -79 -81 -86 -66 
2016-05-19 20:44:53.369025 -83 -82 -80 -84 -68 
2016-05-19 20:44:53.575054 -72 -89 -83 -87 -61 
2016-05-19 20:44:53.885094 -76 -82 -85 -87 -66 
2016-05-19 20:44:54.212133 -76 -83 -85 -92 -69 
2016-05-19 20:44:54.634185 -73 -82 -77 -89 -66 
2016-05-19 20:44:54.740206 -72 -77 -80 -85 -73 
2016-05-19 20:44:54.844226 -73 -82 -75 -84 -64 
2016-05-19 20:44:55.054263 -73 -84 -82 -92 -68 
2016-05-19 20:44:55.252266 -75 -84 -82 -91 -79 
2016-05-19 20:44:55.457295 -71 -74 -84 -84 -72 
2016-05-19 20:44:55.671318 -81 -80 -86 -81 -66 
2016-05-19 20:44:55.789337 -70 -72 -76 -87 -64 
2016-05-19 20:44:56.001360 -66 -87 -79 -88 -68 
2016-05-19 20:44:56.104376 -76 -79 -80 -83 -75 
2016-05-19 20:44:56.306400 -71 -93 -86 -87 -72 
2016-05-19 20:44:56.828471 -80 -78 -85 -84 -78 
2016-05-19 20:44:57.357540 -74 -79 -83 -87 -73 
2016-05-19 20:44:57.460557 -74 -75 -81 -88 -71 
2016-05-19 20:44:57.667581 -75 -77 -74 -88 -79 
2016-05-19 20:44:58.185652 -77 -76 -82 -90 -75 
2016-05-19 20:44:58.499692 -76 -76 -79 -84 -72 
2016-05-19 20:44:59.013757 -76 -74 -80 -89 -71 
2016-05-19 20:44:59.335802 -71 -74 -88 -88 -74 
2016-05-19 20:44:59.660846 -70 -76 -81 -87 -71 
2016-05-19 20:44:59.858869 -82 -75 -83 -86 -75 
2016-05-19 20:45:00.067894 -74 -79 -81 -80 -69 
2016-05-19 20:45:00.389936 -75 -78 -82 -79 -72 
2016-05-19 20:45:00.918005 -75 -80 -81 -88 -75 
2016-05-19 20:45:01.098028 -71 -87 -89 -78 -73 
2016-05-19 20:45:01.204043 -91 -80 -77 -87 -69 
2016-05-19 20:45:01.336064 -75 -76 -79 -77 -76 
2016-05-19 20:45:01.517081 -74 -74 -81 -86 -76 
2016-05-19 20:45:01.624098 -77 -75 -76 -87 -69 
2016-05-19 20:45:01.755114 -76 -73 -78 -85 -75 
2016-05-19 20:45:01.876134 -73 -75 -81 -75 -73 
2016-05-19 20:45:01.982141 -66 -76 -79 -85 -75 
2016-05-19 20:45:02.090158 -72 -75 -75 -77 -74 
2016-05-19 20:45:02.615227 -76 -76 -77 -78 -77 
2016-05-19 20:45:02.726245 -66 -79 -79 -86 -75 
2016-05-19 20:45:02.923268 -77 -77 -77 -76 -87 
2016-05-19 20:45:03.121296 -69 -76 -78 -76 -80 
2016-05-19 20:45:03.227304 -68 -78 -79 -89 -75 
2016-05-19 20:45:03.330320 -71 -77 -77 -77 -77 
2016-05-19 20:45:03.741410 -69 -76 -76 -88 -74 
2016-05-19 20:45:04.259442 -75 -78 -77 -76 -75 
2016-05-19 20:45:04.579484 -72 -77 -77 -91 -74 
2016-05-19 20:45:04.795516 -78 -77 -78 -76 -72 
2016-05-19 20:45:05.004597 -82 -76 -83 -76 -78 
2016-05-19 20:45:05.310595 -71 -78 -76 -76 -74 
2016-05-19 20:45:05.722634 -73 -75 -77 -86 -72 
2016-05-19 20:45:05.926657 -72 -77 -79 -87 -74 
2016-05-19 20:45:06.116695 -67 -77 -82 -75 -74 
2016-05-19 20:45:06.234728 -76 -78 -83 -76 -75 
2016-05-19 20:45:06.541747 -75 -78 -77 -77 -74 
2016-05-19 20:45:06.645753 -67 -78 -76 -89 -79 
2016-05-19 20:45:07.275833 -70 -77 -77 -91 -75 
2016-05-19 20:45:07.407860 -75 -78 -78 -76 -78 
2016-05-19 20:45:07.586884 -72 -75 -78 -77 -79 
2016-05-19 20:45:07.794939 -70 -77 -83 -76 -75 
2016-05-19 20:45:08.325971 -69 -76 -76 -88 -73 
2016-05-19 20:45:08.462004 -65 -78 -77 -77 -73 
2016-05-19 20:45:08.885064 -72 -75 -79 -76 -69 
2016-05-19 20:45:09.086076 -70 -77 -79 -85 -82 
2016-05-19 20:45:09.290102 -71 -76 -77 -87 -72 
2016-05-19 20:45:09.400120 -76 -74 -79 -78 -71 
2016-05-19 20:45:09.595143 -69 -77 -80 -79 -77 
2016-05-19 20:45:09.806164 -68 -76 -88 -78 -70 
2016-05-19 20:45:10.019206 -79 -78 -89 -81 -73 
2016-05-19 20:45:10.226219 -66 -77 -78 -83 -81 
2016-05-19 20:45:10.645280 -70 -73 -78 -78 -72 
2016-05-19 20:45:10.855317 -71 -75 -80 -78 -73 
2016-05-19 20:45:11.068351 -71 -77 -79 -80 -74 
2016-05-19 20:45:11.272359 -72 -76 -77 -86 -76 
2016-05-19 20:45:11.585403 -79 -77 -76 -81 -75 
2016-05-19 20:45:12.022472 -73 -77 -80 -85 -75 
2016-05-19 20:45:12.241487 -75 -74 -77 -87 -73 
2016-05-19 20:45:12.546521 -70 -74 -77 -88 -75 
2016-05-19 20:45:12.651547 -75 -75 -77 -86 -70 
2016-05-19 20:45:12.756549 -77 -75 -78 -87 -75 
2016-05-19 20:45:12.857565 -68 -76 -80 -89 -75 
2016-05-19 20:45:13.065596 -78 -81 -78 -87 -76 
2016-05-19 20:45:13.486659 -73 -76 -82 -88 -75 
2016-05-19 20:45:13.700679 -71 -78 -77 -87 -72 
2016-05-19 20:45:13.910727 -70 -77 -78 -88 -74 
2016-05-19 20:45:14.012716 -75 -74 -77 -78 -72 
2016-05-19 20:45:14.116740 -68 -79 -80 -89 -75 
2016-05-19 20:45:14.325806 -72 -75 -80 -90 -75 
2016-05-19 20:45:14.544802 -76 -74 -80 -80 -75 
2016-05-19 20:45:15.058864 -73 -75 -80 -80 -74 
2016-05-19 20:45:15.261938 -78 -74 -77 -91 -73 
2016-05-19 20:45:15.511925 -76 -75 -79 -89 -81 
2016-05-19 20:45:15.615929 -68 -74 -80 -79 -71 
2016-05-19 20:45:15.719938 -76 -75 -80 -89 -78 
2016-05-19 20:45:15.932967 -72 -76 -79 -79 -79 
2016-05-19 20:45:16.192004 -72 -75 -77 -87 -75 
2016-05-19 20:45:16.401032 -71 -74 -79 -87 -73 
2016-05-19 20:45:16.608056 -71 -74 -79 -87 -76 
2016-05-19 20:45:16.709069 -68 -76 -79 -80 -73 
2016-05-19 20:45:16.828083 -68 -74 -79 -87 -78 
2016-05-19 20:45:17.043120 -68 -75 -79 -87 -75 
2016-05-19 20:45:17.239138 -74 -75 -79 -87 -74 
2016-05-19 20:45:17.670221 -72 -75 -79 -80 -74 
2016-05-19 20:45:17.775208 -69 -74 -79 -88 -73 
2016-05-19 20:45:17.883233 -69 -76 -78 -80 -74 
2016-05-19 20:45:18.297273 -75 -75 -78 -80 -75 
2016-05-19 20:45:18.513304 -77 -75 -78 -80 -75 
2016-05-19 20:45:18.716334 -76 -76 -78 -81 -74 
2016-05-19 20:45:18.923359 -76 -75 -80 -88 -75 
2016-05-19 20:45:19.030374 -69 -75 -78 -80 -78 
2016-05-19 20:45:19.760481 -71 -75 -78 -88 -76 
2016-05-19 20:45:19.971499 -74 -75 -81 -87 -76 
2016-05-19 20:45:20.181546 -76 -75 -77 -87 -77 
2016-05-19 20:45:20.383548 -72 -74 -78 -87 -75 
2016-05-19 20:45:20.486569 -74 -74 -77 -80 -72 
2016-05-19 20:45:20.594588 -73 -76 -80 -87 -79 
2016-05-19 20:45:20.718606 -73 -74 -80 -80 -72 
2016-05-19 20:45:21.112642 -72 -75 -78 -86 -72 
2016-05-19 20:45:21.531711 -73 -75 -78 -87 -74 
2016-05-19 20:45:21.747728 -70 -75 -75 -80 -72 
2016-05-19 20:45:21.955754 -71 -75 -82 -81 -75 
2016-05-19 20:45:22.166785 -72 -74 -80 -81 -73 
2016-05-19 20:45:22.383809 -73 -75 -77 -79 -74 
2016-05-19 20:45:22.695863 -72 -76 -78 -87 -73 
2016-05-19 20:45:22.799865 -73 -75 -83 -76 -72 
2016-05-19 20:45:23.221923 -71 -76 -79 -77 -75 
2016-05-19 20:45:23.328933 -71 -77 -76 -90 -76 
2016-05-19 20:45:23.640973 -74 -80 -78 -76 -74 
2016-05-19 20:45:23.851010 -71 -83 -78 -76 -71 
2016-05-19 20:45:24.055043 -70 -81 -76 -77 -73 
2016-05-19 20:45:24.154047 -67 -82 -80 -87 -75 
2016-05-19 20:45:24.266056 -77 -80 -79 -77 -71 
2016-05-19 20:45:24.479098 -74 -85 -76 -77 -72 
2016-05-19 20:45:24.603108 -71 -80 -79 -87 -77 
2016-05-19 20:45:24.902171 -74 -75 -81 -77 -72 
2016-05-19 20:45:25.106165 -71 -77 -80 -77 -74 
2016-05-19 20:45:25.314199 -71 -77 -79 -77 -72 
2016-05-19 20:45:25.526220 -76 -78 -81 -77 -71 
2016-05-19 20:45:25.844271 -72 -83 -81 -77 -72 
2016-05-19 20:45:26.057299 -77 -77 -79 -77 -73 
2016-05-19 20:45:26.163318 -74 -77 -78 -77 -71 
2016-05-19 20:45:26.376345 -76 -78 -77 -77 -72 
2016-05-19 20:45:26.568360 -77 -77 -77 -84 -72 
2016-05-19 20:45:26.782420 -71 -78 -79 -84 -73 
2016-05-19 20:45:26.990425 -71 -81 -80 -84 -74 
2016-05-19 20:45:27.186437 -67 -82 -80 -89 -70 
2016-05-19 20:45:27.299475 -72 -77 -78 -85 -74 
2016-05-19 20:45:27.399470 -78 -83 -82 -77 -70 
2016-05-19 20:45:27.528510 -67 -77 -82 -77 -75 
2016-05-19 20:45:27.840522 -76 -80 -78 -82 -73 
2016-05-19 20:45:28.037561 -72 -82 -80 -85 -74 
2016-05-19 20:45:28.254576 -75 -77 -78 -77 -75 
2016-05-19 20:45:28.504622 -74 -77 -77 -84 -72 
2016-05-19 20:45:28.668644 -71 -83 -82 -84 -74 
2016-05-19 20:45:28.888685 -74 -80 -79 -77 -75 
2016-05-19 20:45:29.078681 -76 -80 -82 -87 -74 
2016-05-19 20:45:29.207719 -67 -77 -82 -82 -71 
2016-05-19 20:45:29.405727 -72 -80 -78 -86 -72 
2016-05-19 20:45:29.510776 -73 -81 -80 -84 -74 
2016-05-19 20:45:29.618753 -67 -77 -78 -87 -75 
2016-05-19 20:45:29.803826 -72 -82 -78 -77 -75 
2016-05-19 20:45:29.926848 -77 -81 -82 -84 -74 
2016-05-19 20:45:30.029823 -72 -83 -77 -78 -74 
2016-05-19 20:45:30.510871 -73 -82 -79 -80 -74 
2016-05-19 20:45:30.868944 -71 -78 -76 -84 -73 
2016-05-19 20:45:31.070945 -70 -81 -86 -86 -71 
2016-05-19 20:45:31.174966 -76 -81 -77 -88 -75 
2016-05-19 20:45:31.492007 -70 -77 -79 -88 -72 
2016-05-19 20:45:31.698043 -73 -76 -78 -87 -72 
2016-05-19 20:45:31.925107 -75 -75 -78 -87 -72 
2016-05-19 20:45:32.028091 -72 -75 -78 -75 -75 
2016-05-19 20:45:32.219091 -75 -76 -79 -77 -75 
2016-05-19 20:45:32.539145 -72 -76 -80 -86 -71 
2016-05-19 20:45:32.748170 -70 -76 -79 -90 -74 
2016-05-19 20:45:33.056204 -69 -75 -81 -78 -74 
2016-05-19 20:45:33.264228 -75 -75 -79 -78 -72 
2016-05-19 20:45:33.616276 -76 -74 -79 -78 -73 
2016-05-19 20:45:33.825303 -72 -76 -82 -83 -74 
2016-05-19 20:45:33.946319 -74 -78 -83 -77 -76 
2016-05-19 20:45:34.103343 -82 -79 -79 -88 -74 
2016-05-19 20:45:34.456387 -75 -76 -82 -82 -75 
2016-05-19 20:45:34.572402 -77 -74 -80 -88 -71 
2016-05-19 20:45:34.881451 -72 -76 -81 -77 -72 
2016-05-19 20:45:35.087468 -76 -78 -79 -78 -76 
2016-05-19 20:45:35.245489 -75 -74 -90 -78 -74 
2016-05-19 20:45:35.457516 -78 -74 -80 -80 -72 
2016-05-19 20:45:35.760557 -78 -73 -82 -82 -76 
2016-05-19 20:45:36.076598 -74 -75 -81 -91 -74 
2016-05-19 20:45:36.289623 -76 -74 -80 -88 -75 
2016-05-19 20:45:36.716680 -72 -75 -81 -79 -76 
2016-05-19 20:45:36.927708 -72 -75 -82 -78 -78 
2016-05-19 20:45:37.135735 -72 -78 -82 -78 -74 
2016-05-19 20:45:37.351769 -79 -76 -80 -77 -75 
2016-05-19 20:45:37.458782 -81 -75 -75 -89 -74 
2016-05-19 20:45:37.634798 -77 -78 -75 -78 -75 
2016-05-19 20:45:37.802823 -74 -78 -76 -87 -81 
2016-05-19 20:45:37.901840 -73 -75 -76 -86 -75 
2016-05-19 20:45:38.002848 -75 -76 -79 -86 -80 
2016-05-19 20:45:38.088864 -74 -77 -82 -88 -74 
2016-05-19 20:45:38.266883 -80 -75 -80 -87 -77 
2016-05-19 20:45:38.524914 -73 -74 -79 -91 -78 
2016-05-19 20:45:38.715942 -80 -76 -79 -88 -78 
2016-05-19 20:45:38.884963 -88 -76 -82 -80 -72 
2016-05-19 20:45:39.027983 -75 -76 -78 -78 -75 
2016-05-19 20:45:39.239014 -72 -81 -82 -79 -78 
2016-05-19 20:45:39.497044 -77 -80 -83 -85 -75 
2016-05-19 20:45:39.647076 -85 -76 -85 -87 -79 
2016-05-19 20:45:39.844093 -69 -78 -83 -83 -73 
2016-05-19 20:45:39.989246 -74 -80 -82 -79 -74 
2016-05-19 20:45:40.408170 -72 -78 -82 -79 -78 
2016-05-19 20:45:40.619254 -78 -76 -83 -80 -77 
2016-05-19 20:45:40.896248 -75 -78 -83 -90 -79 
2016-05-19 20:45:41.035257 -70 -75 -85 -80 -71 
2016-05-19 20:45:41.242273 -78 -76 -80 -86 -75 
2016-05-19 20:45:41.454310 -77 -76 -82 -80 -77 
2016-05-19 20:45:41.763341 -77 -75 -86 -79 -79 
2016-05-19 20:45:42.084389 -76 -74 -85 -80 -76 
2016-05-19 20:45:42.294445 -75 -74 -82 -81 -76 
2016-05-19 20:45:42.505445 -74 -76 -79 -79 -77 
2016-05-19 20:45:42.718482 -72 -75 -82 -78 -74 
2016-05-19 20:45:42.924509 -77 -75 -80 -80 -74 
2016-05-19 20:45:43.132524 -75 -76 -80 -85 -73 
2016-05-19 20:45:43.648589 -74 -75 -81 -78 -78 
2016-05-19 20:45:43.856616 -77 -78 -82 -79 -73 
2016-05-19 20:45:44.063640 -76 -77 -80 -78 -79 
2016-05-19 20:45:44.271669 -81 -81 -81 -87 -74 
2016-05-19 20:45:44.481699 -74 -77 -80 -84 -77 
2016-05-19 20:45:44.584713 -72 -81 -84 -87 -73 
2016-05-19 20:45:44.687724 -70 -83 -80 -85 -80 
2016-05-19 20:45:44.807773 -72 -82 -80 -79 -73 
2016-05-19 20:45:44.987777 -75 -81 -80 -87 -75 
2016-05-19 20:45:45.302818 -75 -79 -80 -84 -81 
2016-05-19 20:45:45.435867 -71 -82 -81 -83 -78 
2016-05-19 20:45:45.545868 -70 -75 -80 -78 -72 
2016-05-19 20:45:45.706856 -78 -82 -81 -88 -74 
2016-05-19 20:45:45.876878 -72 -77 -80 -78 -74 
2016-05-19 20:45:46.156915 -80 -78 -81 -85 -75 
2016-05-19 20:45:46.345938 -74 -80 -82 -79 -77 
2016-05-19 20:45:46.452970 -71 -81 -90 -84 -72 
2016-05-19 20:45:46.684995 -74 -75 -82 -78 -73 
2016-05-19 20:45:46.882053 -75 -80 -84 -86 -77 
2016-05-19 20:45:47.099056 -73 -80 -81 -79 -77 
2016-05-19 20:45:47.209066 -75 -81 -83 -88 -79 
2016-05-19 20:45:47.311077 -70 -79 -82 -79 -70 
2016-05-19 20:45:47.416075 -74 -76 -84 -87 -79 
2016-05-19 20:45:47.657110 -76 -78 -89 -81 -73 
2016-05-19 20:45:48.019157 -74 -75 -80 -82 -75 
2016-05-19 20:45:48.120175 -71 -78 -79 -84 -78 
2016-05-19 20:45:48.359202 -77 -78 -82 -83 -73 
2016-05-19 20:45:48.564228 -76 -75 -83 -81 -74 
2016-05-19 20:45:49.199311 -75 -75 -80 -79 -73 
2016-05-19 20:45:49.408338 -77 -74 -83 -79 -73 
2016-05-19 20:45:49.606362 -75 -74 -82 -89 -75 
2016-05-19 20:45:50.007417 -74 -74 -83 -78 -78 
2016-05-19 20:45:50.111437 -76 -78 -85 -79 -79 
2016-05-19 20:45:50.251455 -75 -74 -85 -79 -77 
2016-05-19 20:45:50.457476 -75 -78 -84 -79 -75 
2016-05-19 20:45:50.665507 -79 -74 -83 -78 -75 
2016-05-19 20:45:50.878530 -77 -76 -83 -79 -75 
2016-05-19 20:45:51.088559 -75 -76 -84 -79 -78 
2016-05-19 20:45:51.294585 -75 -76 -83 -79 -79 
2016-05-19 20:45:51.505617 -75 -75 -82 -79 -78 
2016-05-19 20:45:51.608627 -75 -78 -80 -89 -80 
2016-05-19 20:45:51.712640 -75 -74 -84 -91 -71 
2016-05-19 20:45:51.804651 -88 -77 -75 -78 -79 
2016-05-19 20:45:51.943670 -75 -74 -79 -78 -78 
2016-05-19 20:45:52.049684 -85 -78 -86 -89 -78 
2016-05-19 20:45:52.257711 -79 -74 -84 -78 -74 
2016-05-19 20:45:52.539748 -75 -74 -84 -78 -74 
2016-05-19 20:45:52.713777 -74 -78 -86 -83 -70 
2016-05-19 20:45:52.819784 -75 -74 -84 -79 -75 
2016-05-19 20:45:52.975821 -74 -76 -89 -79 -70 
2016-05-19 20:45:53.192837 -74 -78 -83 -79 -73 
2016-05-19 20:45:53.617899 -75 -75 -83 -88 -74 
2016-05-19 20:45:53.724921 -73 -74 -86 -78 -77 
2016-05-19 20:45:53.829933 -82 -75 -83 -88 -75 
2016-05-19 20:45:54.038953 -74 -75 -83 -88 -75 
2016-05-19 20:45:54.149959 -73 -78 -84 -79 -71 
2016-05-19 20:45:54.361986 -80 -75 -81 -79 -72 
2016-05-19 20:45:54.678028 -74 -75 -83 -90 -73 
2016-05-19 20:45:54.897054 -76 -76 -81 -79 -76 
2016-05-19 20:45:55.420125 -78 -76 -83 -84 -74 
2016-05-19 20:45:55.530138 -74 -75 -83 -78 -76 
2016-05-19 20:45:55.733166 -78 -77 -84 -89 -72 
2016-05-19 20:45:55.798174 -81 -82 -88 -78 -80 
2016-05-19 20:45:55.995199 -76 -75 -84 -88 -76 
2016-05-19 20:45:56.157222 -73 -79 -83 -80 -80 
2016-05-19 20:45:56.367248 -74 -79 -83 -81 -77 
2016-05-19 20:45:56.581297 -76 -80 -81 -81 -78 
2016-05-19 20:45:56.747312 -74 -77 -81 -90 -77 
2016-05-19 20:45:56.958346 -80 -78 -84 -84 -74 
2016-05-19 20:45:57.161364 -73 -75 -90 -81 -80 
2016-05-19 20:45:57.415390 -74 -75 -86 -80 -75 
2016-05-19 20:45:57.723508 -76 -74 -87 -81 -71 
2016-05-19 20:45:57.931470 -76 -75 -77 -81 -73 
2016-05-19 20:45:58.141487 -76 -72 -80 -81 -72 
2016-05-19 20:45:58.352506 -78 -74 -83 -77 -77 
2016-05-19 20:45:58.885577 -72 -76 -81 -77 -74 
2016-05-19 20:45:59.093604 -76 -76 -81 -78 -69 
2016-05-19 20:45:59.296634 -72 -77 -78 -86 -72 
2016-05-19 20:45:59.512657 -82 -77 -80 -87 -75 
2016-05-19 20:45:59.581676 -81 -75 -81 -76 -77 
2016-05-19 20:45:59.714686 -84 -80 -76 -88 -69 
2016-05-19 20:45:59.819699 -76 -74 -87 -78 -79 
2016-05-19 20:46:00.029727 -79 -80 -80 -78 -76 
2016-05-19 20:46:00.239754 -74 -78 -80 -78 -77 
2016-05-19 20:46:00.555801 -77 -76 -78 -85 -75 
2016-05-19 20:46:00.660809 -72 -78 -80 -78 -77 
2016-05-19 20:46:00.821835 -76 -77 -80 -84 -72 
2016-05-19 20:46:00.928864 -79 -74 -80 -78 -77 
2016-05-19 20:46:01.031863 -69 -75 -81 -85 -72 
2016-05-19 20:46:01.189885 -83 -74 -79 -86 -76 
2016-05-19 20:46:01.398931 -84 -75 -76 -85 -73 
2016-05-19 20:46:01.499960 -83 -79 -87 -77 -71 
2016-05-19 20:46:01.704945 -82 -74 -89 -77 -75 
2016-05-19 20:46:01.921978 -74 -76 -83 -76 -72 
2016-05-19 20:46:02.029994 -79 -75 -81 -85 -74 
2016-05-19 20:46:02.236029 -72 -75 -82 -84 -72 
2016-05-19 20:46:02.495071 -67 -79 -81 -84 -74 
2016-05-19 20:46:02.903099 -77 -75 -82 -82 -71 
2016-05-19 20:46:03.107151 -74 -74 -80 -86 -71 
2016-05-19 20:46:03.316155 -72 -76 -77 -84 -71 
2016-05-19 20:46:03.529184 -75 -75 -80 -78 -71 
2016-05-19 20:46:03.737214 -80 -76 -81 -81 -72 
2016-05-19 20:46:03.896231 -74 -76 -81 -77 -71 
2016-05-19 20:46:04.005258 -79 -78 -79 -84 -70 
2016-05-19 20:46:04.262283 -67 -74 -81 -84 -76 
2016-05-19 20:46:04.429301 -81 -75 -80 -84 -71 
2016-05-19 20:46:04.646329 -73 -76 -76 -77 -74 
2016-05-19 20:46:04.858355 -73 -75 -79 -77 -73 
2016-05-19 20:46:05.070384 -78 -76 -81 -77 -73 
2016-05-19 20:46:05.390426 -71 -74 -81 -84 -74 
2016-05-19 20:46:05.593450 -78 -75 -80 -84 -76 
2016-05-19 20:46:05.701473 -66 -73 -83 -77 -75 
2016-05-19 20:46:05.803478 -79 -76 -77 -87 -79 
2016-05-19 20:46:05.909495 -66 -78 -84 -77 -75 
2016-05-19 20:46:06.016527 -78 -73 -82 -85 -78 
2016-05-19 20:46:06.127527 -73 -78 -77 -88 -71 
2016-05-19 20:46:06.334550 -66 -75 -78 -87 -73 
2016-05-19 20:46:06.554578 -80 -79 -82 -86 -74 
2016-05-19 20:46:06.865619 -72 -74 -78 -77 -75 
2016-05-19 20:46:07.081653 -66 -74 -81 -78 -75 
2016-05-19 20:46:07.406690 -70 -76 -77 -78 -74 
2016-05-19 20:46:07.615718 -69 -76 -79 -78 -77 
2016-05-19 20:46:07.935758 -72 -77 -79 -87 -74 
2016-05-19 20:46:08.036772 -66 -73 -81 -77 -79 
2016-05-19 20:46:08.142790 -76 -78 -82 -87 -72 
2016-05-19 20:46:08.247803 -66 -73 -81 -77 -77 
2016-05-19 20:46:08.664854 -74 -75 -83 -78 -74 
2016-05-19 20:46:08.947894 -74 -77 -80 -78 -76 
2016-05-19 20:46:09.048901 -73 -76 -82 -84 -73 
2016-05-19 20:46:09.154919 -72 -79 -83 -78 -72 
2016-05-19 20:46:09.260932 -74 -73 -80 -84 -73 
2016-05-19 20:46:09.469959 -74 -76 -81 -86 -76 
2016-05-19 20:46:09.833012 -77 -76 -81 -84 -71 
2016-05-19 20:46:10.040037 -76 -75 -80 -83 -78 
2016-05-19 20:46:10.141063 -66 -77 -80 -77 -76 
2016-05-19 20:46:10.249058 -78 -73 -79 -85 -71 
2016-05-19 20:46:10.455088 -76 -75 -81 -84 -73 
2016-05-19 20:46:10.885159 -73 -75 -81 -77 -74 
2016-05-19 20:46:11.090171 -70 -75 -81 -84 -73 
2016-05-19 20:46:11.296198 -79 -73 -80 -84 -74 
2016-05-19 20:46:11.398215 -75 -73 -84 -77 -76 
2016-05-19 20:46:11.601270 -72 -77 -80 -85 -74 
2016-05-19 20:46:12.018295 -76 -74 -80 -84 -75 
2016-05-19 20:46:12.313382 -77 -75 -80 -77 -76 
2016-05-19 20:46:12.447350 -69 -76 -81 -78 -75 
2016-05-19 20:46:12.661387 -70 -77 -79 -78 -76 
2016-05-19 20:46:12.764395 -75 -78 -78 -85 -75 
2016-05-19 20:46:12.977418 -70 -75 -79 -87 -76 
2016-05-19 20:46:13.078472 -72 -73 -81 -77 -78 
2016-05-19 20:46:13.386520 -69 -76 -79 -87 -78 
2016-05-19 20:46:13.496508 -78 -73 -81 -77 -79 
2016-05-19 20:46:13.803564 -73 -76 -77 -87 -72 
2016-05-19 20:46:13.935576 -78 -74 -78 -87 -76 
2016-05-19 20:46:14.113584 -71 -77 -82 -89 -81 
2016-05-19 20:46:14.217597 -77 -79 -74 -77 -78 
2016-05-19 20:46:14.328608 -77 -72 -84 -89 -72 
2016-05-19 20:46:14.539619 -73 -74 -78 -89 -83 
2016-05-19 20:46:14.751695 -70 -73 -76 -88 -79 
2016-05-19 20:46:14.965677 -74 -73 -79 -77 -81 
2016-05-19 20:46:15.175711 -77 -79 -82 -77 -78 
2016-05-19 20:46:15.275742 -66 -83 -78 -88 -79 
2016-05-19 20:46:15.799793 -72 -80 -83 -86 -74 
2016-05-19 20:46:15.902806 -67 -85 -83 -78 -81 
2016-05-19 20:46:16.009819 -72 -77 -78 -85 -74 
2016-05-19 20:46:16.110828 -68 -83 -78 -78 -73 
2016-05-19 20:46:16.260847 -68 -76 -80 -86 -77 
2016-05-19 20:46:16.431869 -74 -82 -77 -85 -78 
2016-05-19 20:46:16.950951 -70 -81 -80 -78 -78 
2016-05-19 20:46:17.159068 -77 -78 -79 -78 -74 
2016-05-19 20:46:17.406997 -77 -78 -80 -83 -74 
2016-05-19 20:46:17.514008 -68 -76 -78 -83 -71 
2016-05-19 20:46:17.621024 -80 -78 -85 -77 -73 
2016-05-19 20:46:17.795047 -67 -78 -78 -78 -73 
2016-05-19 20:46:18.104084 -75 -76 -80 -86 -76 
2016-05-19 20:46:18.215101 -77 -80 -85 -77 -78 
2016-05-19 20:46:18.842185 -73 -77 -83 -77 -74 
2016-05-19 20:46:19.187236 -74 -77 -78 -81 -74 
2016-05-19 20:46:19.585280 -72 -77 -82 -77 -71 
2016-05-19 20:46:19.816329 -72 -76 -77 -77 -74 
2016-05-19 20:46:20.005346 -68 -76 -83 -77 -70 
2016-05-19 20:46:20.222363 -80 -76 -76 -77 -71 
2016-05-19 20:46:20.325377 -79 -77 -82 -84 -71 
2016-05-19 20:46:20.446392 -71 -74 -85 -77 -82 
2016-05-19 20:46:20.754431 -70 -76 -91 -77 -74 
2016-05-19 20:46:20.955462 -70 -76 -80 -85 -74 
2016-05-19 20:46:21.164484 -71 -76 -81 -77 -73 
2016-05-19 20:46:21.376513 -85 -76 -77 -83 -76 
2016-05-19 20:46:21.580541 -74 -76 -82 -87 -69 
2016-05-19 20:46:21.900582 -75 -76 -79 -78 -75 
2016-05-19 20:46:22.315640 -76 -77 -79 -77 -72 
2016-05-19 20:46:22.527665 -83 -79 -84 -77 -74 
2016-05-19 20:46:22.724688 -74 -81 -80 -89 -76 
2016-05-19 20:46:22.843710 -69 -77 -77 -85 -74 
2016-05-19 20:46:22.951726 -71 -83 -75 -85 -68 
2016-05-19 20:46:23.055733 -72 -76 -74 -84 -62 
2016-05-19 20:46:23.157746 -70 -84 -72 -81 -75 
2016-05-19 20:46:23.550799 -75 -80 -79 -76 -68 
2016-05-19 20:46:23.870840 -64 -77 -78 -83 -77 
2016-05-19 20:46:24.076867 -60 -77 -78 -75 -73 
2016-05-19 20:46:24.437914 -76 -82 -78 -80 -69 
2016-05-19 20:46:24.647941 -70 -82 -79 -75 -80 
2016-05-19 20:46:24.813966 -71 -88 -81 -78 -68 
2016-05-19 20:46:25.132005 -73 -86 -77 -92 -73 
2016-05-19 20:46:25.369039 -70 -85 -75 -84 -77 
2016-05-19 20:46:25.590072 -69 -82 -83 -84 -69 
2016-05-19 20:46:25.761087 -76 -75 -87 -85 -66 
2016-05-19 20:46:25.888112 -68 -85 -86 -87 -69 
2016-05-19 20:46:26.169154 -69 -85 -75 -85 -67 
2016-05-19 20:46:26.384182 -71 -79 -75 -85 -68 
2016-05-19 20:46:26.620197 -76 -79 -85 -84 -69 
2016-05-19 20:46:26.811225 -74 -79 -75 -83 -68 
2016-05-19 20:46:27.035252 -76 -83 -80 -85 -67 
2016-05-19 20:46:27.237279 -73 -80 -74 -85 -69 
2016-05-19 20:46:27.442306 -77 -80 -78 -83 -68 
2016-05-19 20:46:27.656335 -78 -86 -76 -83 -67 
2016-05-19 20:46:27.765345 -77 -88 -77 -84 -70 
2016-05-19 20:46:28.383429 -72 -81 -82 -84 -70 
2016-05-19 20:46:28.616459 -72 -82 -82 -82 -73 
2016-05-19 20:46:28.818486 -78 -83 -84 -84 -81 
2016-05-19 20:46:28.984511 -75 -84 -81 -86 -81 
2016-05-19 20:46:29.293548 -76 -82 -83 -82 -75 
2016-05-19 20:46:29.435563 -75 -81 -88 -89 -71 
2016-05-19 20:46:29.556582 -76 -82 -89 -88 -82 
2016-05-19 20:46:29.746608 -78 -81 -88 -87 -73 
2016-05-19 20:46:29.875621 -72 -82 -89 -84 -83 
2016-05-19 20:46:30.080649 -76 -75 -86 -85 -80 
2016-05-19 20:46:30.190682 -83 -78 -91 -83 -74 
2016-05-19 20:46:30.498707 -83 -80 -81 -83 -78 
2016-05-19 20:46:30.727761 -78 -80 -86 -83 -71 
2016-05-19 20:46:30.936774 -77 -79 -82 -83 -74 
2016-05-19 20:46:31.079788 -75 -84 -81 -91 -83 
2016-05-19 20:46:31.230798 -81 -80 -80 -85 -76 
2016-05-19 20:46:31.339830 -79 -83 -81 -84 -76 
2016-05-19 20:46:31.741869 -81 -88 -86 -84 -78 
2016-05-19 20:46:31.997902 -69 -81 -81 -86 -72 
2016-05-19 20:46:32.100927 -75 -80 -80 -90 -72 
2016-05-19 20:46:32.203979 -81 -78 -83 -83 -74 
2016-05-19 20:46:32.409963 -79 -77 -82 -86 -69 
2016-05-19 20:46:32.517990 -81 -81 -84 -85 -73 
2016-05-19 20:46:32.619997 -76 -76 -83 -87 -69 
2016-05-19 20:46:32.726998 -86 -81 -86 -81 -74 
2016-05-19 20:46:32.829023 -80 -78 -85 -88 -72 
2016-05-19 20:46:33.015049 -82 -79 -82 -81 -75 
2016-05-19 20:46:33.259078 -85 -79 -79 -90 -77 
2016-05-19 20:46:33.467095 -85 -77 -80 -90 -71 
2016-05-19 20:46:33.896147 -79 -79 -78 -84 -81 
2016-05-19 20:46:34.107221 -76 -81 -79 -79 -81 
2016-05-19 20:46:34.311201 -77 -84 -78 -89 -85 
2016-05-19 20:46:34.522233 -76 -82 -78 -90 -80 
2016-05-19 20:46:34.738270 -78 -76 -80 -81 -80 
2016-05-19 20:46:34.948340 -75 -81 -79 -81 -81 
2016-05-19 20:46:35.155317 -77 -77 -80 -80 -86 
2016-05-19 20:46:35.370346 -77 -84 -78 -80 -82 
2016-05-19 20:46:35.580373 -77 -77 -78 -80 -84 
2016-05-19 20:46:35.698384 -80 -77 -78 -91 -90 
2016-05-19 20:46:35.798398 -78 -83 -83 -80 -85 
2016-05-19 20:46:36.001426 -76 -75 -81 -79 -88 
2016-05-19 20:46:36.416482 -78 -79 -80 -79 -85 
2016-05-19 20:46:36.631509 -76 -76 -80 -79 -82 
2016-05-19 20:46:36.737521 -79 -80 -83 -90 -83 
2016-05-19 20:46:36.955553 -76 -75 -81 -78 -84 
2016-05-19 20:46:37.171575 -73 -78 -83 -78 -83 
2016-05-19 20:46:37.389605 -74 -81 -82 -87 -85 
2016-05-19 20:46:37.496616 -77 -74 -83 -78 -83 
2016-05-19 20:46:37.704646 -75 -78 -79 -78 -83 
2016-05-19 20:46:37.912673 -77 -78 -78 -92 -79 
2016-05-19 20:46:38.226712 -76 -76 -80 -87 -78 
2016-05-19 20:46:38.433744 -76 -74 -84 -78 -75 
2016-05-19 20:46:38.576758 -75 -78 -81 -88 -79 
2016-05-19 20:46:38.682774 -77 -74 -77 -79 -75 
2016-05-19 20:46:39.053823 -75 -74 -83 -84 -75 
2016-05-19 20:46:39.469880 -76 -79 -86 -83 -76 
2016-05-19 20:46:39.781917 -77 -74 -84 -79 -78 
2016-05-19 20:46:40.035954 -76 -87 -81 -78 -81 
2016-05-19 20:46:40.345996 -76 -74 -81 -79 -80 
2016-05-19 20:46:40.460007 -75 -74 -88 -78 -83 
2016-05-19 20:46:40.664034 -79 -74 -77 -88 -82 
2016-05-19 20:46:40.867057 -76 -73 -84 -78 -78 
2016-05-19 20:46:41.131098 -75 -76 -81 -78 -80 
2016-05-19 20:46:41.403130 -74 -73 -81 -78 -82 
2016-05-19 20:46:41.547146 -80 -81 -79 -78 -74 
2016-05-19 20:46:41.827182 -75 -74 -85 -78 -79 
2016-05-19 20:46:41.971208 -81 -81 -80 -77 -77 
2016-05-19 20:46:42.390272 -77 -74 -82 -78 -79 
2016-05-19 20:46:42.713302 -76 -77 -82 -78 -81 
2016-05-19 20:46:42.834325 -79 -77 -81 -88 -82 
2016-05-19 20:46:43.021346 -78 -75 -80 -78 -85 
2016-05-19 20:46:43.228370 -74 -75 -84 -78 -83 
2016-05-19 20:46:43.438397 -74 -74 -87 -79 -82 
2016-05-19 20:46:43.538421 -75 -79 -86 -88 -80 
2016-05-19 20:46:43.746441 -75 -79 -81 -86 -77 
2016-05-19 20:46:43.857465 -75 -74 -81 -79 -76 
2016-05-19 20:46:44.161565 -72 -82 -84 -83 -73 
2016-05-19 20:46:44.577543 -79 -80 -83 -89 -75 
2016-05-19 20:46:45.205628 -79 -82 -87 -90 -75 
2016-05-19 20:46:46.363779 -76 -81 -81 -89 -74 
2016-05-19 20:46:46.674819 -75 -82 -88 -89 -75 
2016-05-19 20:46:46.844840 -85 -83 -87 -87 -74 
2016-05-19 20:46:47.053868 -73 -81 -84 -88 -71 
2016-05-19 20:46:47.325905 -76 -81 -82 -86 -69 
2016-05-19 20:46:47.427915 -77 -76 -84 -92 -70 
2016-05-19 20:46:47.632942 -77 -76 -82 -84 -73 
2016-05-19 20:46:47.836978 -78 -80 -86 -86 -77 
2016-05-19 20:46:47.938001 -75 -76 -90 -89 -69 
2016-05-19 20:46:48.415047 -77 -82 -87 -84 -74 
2016-05-19 20:46:48.535062 -83 -87 -86 -85 -74 
2016-05-19 20:46:48.638087 -66 -82 -75 -87 -75 
2016-05-19 20:46:48.954117 -72 -74 -86 -82 -68 
2016-05-19 20:46:49.155143 -66 -79 -81 -87 -71 
2016-05-19 20:46:49.548192 -65 -80 -79 -83 -74 
2016-05-19 20:46:49.650208 -68 -84 -72 -80 -71 
2016-05-19 20:46:49.755229 -65 -83 -79 -83 -83 
2016-05-19 20:46:50.012260 -68 -79 -78 -83 -70 
2016-05-19 20:46:50.215282 -69 -80 -85 -84 -72 
2016-05-19 20:46:50.325326 -73 -78 -75 -81 -74 
2016-05-19 20:46:50.536326 -78 -81 -71 -79 -67 
2016-05-19 20:46:50.666341 -77 -76 -85 -81 -68 
2016-05-19 20:46:50.870385 -69 -77 -90 -83 -68 
2016-05-19 20:46:51.075403 -73 -85 -90 -81 -72 
2016-05-19 20:46:51.286422 -71 -80 -78 -80 -70 
2016-05-19 20:46:51.505457 -78 -79 -82 -83 -70 
2016-05-19 20:46:51.715498 -78 -81 -74 -82 -68 
2016-05-19 20:46:51.927514 -79 -80 -74 -81 -71 
2016-05-19 20:46:52.027522 -67 -82 -74 -85 -71 
2016-05-19 20:46:52.129532 -70 -92 -75 -79 -66 
2016-05-19 20:46:52.337587 -70 -86 -76 -81 -71 
2016-05-19 20:46:52.545586 -78 -83 -74 -81 -69 
2016-05-19 20:46:52.710607 -67 -77 -73 -79 -66 
2016-05-19 20:46:52.917637 -71 -80 -76 -78 -69 
2016-05-19 20:46:53.126661 -73 -78 -74 -78 -68 
2016-05-19 20:46:53.265679 -80 -78 -70 -86 -68 
2016-05-19 20:46:53.475707 -73 -80 -74 -83 -69 
2016-05-19 20:46:53.659731 -70 -79 -79 -79 -67 
2016-05-19 20:46:53.866758 -72 -78 -78 -82 -70 
2016-05-19 20:46:53.970772 -70 -84 -73 -86 -71 
2016-05-19 20:46:54.070784 -73 -75 -82 -79 -68 
2016-05-19 20:46:54.371824 -73 -76 -83 -88 -70 
2016-05-19 20:46:54.512849 -72 -76 -84 -81 -66 
2016-05-19 20:46:54.830884 -73 -82 -75 -84 -67 
2016-05-19 20:46:55.040912 -72 -78 -75 -85 -76 
2016-05-19 20:46:55.143923 -75 -77 -82 -86 -66 
2016-05-19 20:46:55.437967 -69 -82 -86 -85 -68 
2016-05-19 20:46:55.646990 -68 -78 -83 -88 -67 
2016-05-19 20:46:56.181061 -72 -81 -86 -87 -68 
2016-05-19 20:46:56.419088 -73 -82 -81 -89 -65 
2016-05-19 20:46:56.602116 -66 -79 -73 -84 -65 
2016-05-19 20:46:56.715130 -68 -72 -82 -83 -70 
2016-05-19 20:46:57.016169 -76 -81 -81 -90 -72 
2016-05-19 20:46:57.226197 -76 -77 -80 -85 -84 
2016-05-19 20:46:58.067306 -77 -77 -85 -86 -72 
2016-05-19 20:46:58.238333 -80 -80 -85 -88 -76 
2016-05-19 20:46:58.487361 -78 -92 -83 -89 -78 
2016-05-19 20:46:58.699386 -74 -84 -86 -88 -75 
2016-05-19 20:46:58.917417 -80 -81 -83 -85 -70 
2016-05-19 20:46:59.236459 -74 -83 -81 -84 -76 
2016-05-19 20:46:59.339469 -75 -90 -79 -90 -68 
2016-05-19 20:46:59.647513 -81 -86 -79 -84 -77 
2016-05-19 20:46:59.854537 -74 -84 -84 -87 -73 
2016-05-19 20:47:00.270594 -76 -84 -80 -79 -75 
2016-05-19 20:47:00.379606 -76 -81 -79 -84 -72 
2016-05-19 20:47:00.579632 -72 -83 -87 -83 -81 
2016-05-19 20:47:00.704648 -74 -90 -82 -89 -78 
2016-05-19 20:47:00.915691 -72 -84 -89 -83 -74 
2016-05-19 20:47:01.206717 -73 -85 -81 -86 -76 
2016-05-19 20:47:01.519755 -68 -82 -80 -88 -78 
2016-05-19 20:47:01.730785 -64 -86 -85 -88 -77 
2016-05-19 20:47:01.938819 -64 -82 -84 -89 -74 
2016-05-19 20:47:02.164885 -68 -84 -83 -87 -85 
2016-05-19 20:47:02.431877 -67 -82 -89 -88 -73 
2016-05-19 20:47:02.583899 -66 -82 -82 -90 -76 
2016-05-19 20:47:02.782922 -68 -81 -86 -89 -80 
2016-05-19 20:47:03.944078 -64 -83 -83 -90 -76 
2016-05-19 20:47:04.467202 -68 -85 -90 -88 -80 
2016-05-19 20:47:04.667171 -65 -84 -86 -89 -76 
2016-05-19 20:47:06.350389 -66 -84 -84 -89 -77 
2016-05-19 20:47:06.551553 -74 -81 -84 -89 -78 
2016-05-19 20:47:06.968470 -69 -82 -83 -87 -78 
2016-05-19 20:47:07.097501 -69 -82 -82 -89 -83 
2016-05-19 20:47:07.414533 -66 -85 -85 -87 -80 
2016-05-19 20:47:07.926594 -69 -83 -84 -86 -80 
2016-05-19 20:47:08.137622 -85 -84 -79 -86 -80 
2016-05-19 20:47:08.359649 -78 -83 -77 -89 -78 
2016-05-19 20:47:08.522673 -68 -78 -82 -86 -77 
2016-05-19 20:47:08.634687 -77 -85 -75 -86 -78 
2016-05-19 20:47:08.775749 -75 -84 -77 -90 -80 
2016-05-19 20:47:08.880759 -72 -81 -77 -89 -83 
2016-05-19 20:47:09.190855 -77 -86 -76 -89 -80 
2016-05-19 20:47:09.599821 -71 -86 -76 -88 -76 
2016-05-19 20:47:09.805841 -71 -84 -77 -91 -77 
2016-05-19 20:47:10.021892 -81 -86 -79 -92 -81 
2016-05-19 20:47:10.218898 -70 -89 -75 -91 -83 
2016-05-19 20:47:10.864988 -72 -84 -78 -88 -85 
2016-05-19 20:47:11.180017 -72 -80 -80 -90 -84 
2016-05-19 20:47:11.349045 -68 -81 -80 -86 -80 
2016-05-19 20:47:11.460053 -65 -78 -81 -86 -78 
2016-05-19 20:47:11.723091 -69 -80 -79 -86 -82 
2016-05-19 20:47:11.829109 -66 -80 -81 -84 -79 
2016-05-19 20:47:11.934122 -71 -86 -77 -86 -85 
2016-05-19 20:47:12.140159 -65 -86 -78 -86 -80 
2016-05-19 20:47:12.354207 -65 -82 -77 -87 -80 
2016-05-19 20:47:12.455201 -67 -85 -81 -87 -78 
2016-05-19 20:47:12.614225 -71 -82 -81 -86 -77 
2016-05-19 20:47:12.823260 -66 -82 -85 -84 -78 
2016-05-19 20:47:12.992257 -67 -82 -85 -89 -74 
2016-05-19 20:47:13.202284 -65 -81 -87 -89 -76 
2016-05-19 20:47:13.412311 -68 -85 -86 -90 -75 
2016-05-19 20:47:13.623345 -67 -81 -84 -86 -73 
2016-05-19 20:47:14.245426 -68 -82 -86 -92 -75 
2016-05-19 20:47:14.430445 -64 -86 -89 -86 -77 
2016-05-19 20:47:14.556461 -69 -88 -84 -85 -77 
2016-05-19 20:47:14.875499 -65 -83 -82 -84 -76 
2016-05-19 20:47:14.983531 -70 -77 -77 -90 -80 
2016-05-19 20:47:15.168541 -71 -89 -85 -83 -77 
2016-05-19 20:47:15.379575 -79 -83 -78 -90 -84 
2016-05-19 20:47:15.690606 -77 -87 -85 -85 -86 
2016-05-19 20:47:15.905651 -70 -83 -85 -84 -81 
2016-05-19 20:47:16.038654 -77 -87 -74 -85 -79 
2016-05-19 20:47:16.296698 -73 -83 -78 -87 -79 
2016-05-19 20:47:16.401714 -67 -81 -77 -89 -90 
2016-05-19 20:47:16.774754 -69 -86 -80 -82 -81 
2016-05-19 20:47:17.144803 -69 -82 -79 -86 -79 
2016-05-19 20:47:17.250810 -73 -83 -83 -86 -80 
2016-05-19 20:47:17.614863 -68 -86 -82 -85 -81 
2016-05-19 20:47:17.720871 -75 -86 -81 -81 -84 
2016-05-19 20:47:17.871914 -67 -87 -83 -84 -76 
2016-05-19 20:47:18.074923 -71 -87 -82 -85 -76 
2016-05-19 20:47:18.293948 -70 -83 -79 -86 -84 
2016-05-19 20:47:18.548984 -71 -84 -78 -86 -79 
2016-05-19 20:47:18.657000 -71 -81 -81 -85 -79 
2016-05-19 20:47:18.796012 -76 -83 -76 -82 -85 
2016-05-19 20:47:18.902038 -79 -78 -91 -84 -82 
2016-05-19 20:47:19.083074 -85 -85 -81 -81 -76 
2016-05-19 20:47:19.225074 -72 -81 -84 -84 -77 
2016-05-19 20:47:19.324082 -72 -79 -88 -81 -82 
2016-05-19 20:47:19.433098 -77 -84 -80 -83 -76 
2016-05-19 20:47:19.725142 -70 -79 -80 -83 -75 
2016-05-19 20:47:19.831149 -71 -78 -76 -87 -75 
2016-05-19 20:47:19.932186 -68 -86 -81 -84 -73 
2016-05-19 20:47:20.047194 -70 -87 -77 -85 -78 
2016-05-19 20:47:20.148203 -68 -78 -84 -84 -72 
2016-05-19 20:47:20.326212 -69 -76 -87 -90 -77 
2016-05-19 20:47:20.431227 -72 -84 -83 -85 -82 
2016-05-19 20:47:20.565257 -68 -77 -87 -87 -74 
2016-05-19 20:47:20.751267 -71 -75 -83 -86 -79 
2016-05-19 20:47:20.856281 -75 -85 -80 -86 -83 
2016-05-19 20:47:20.963297 -67 -78 -83 -87 -76 
2016-05-19 20:47:21.068310 -77 -85 -80 -85 -84 
2016-05-19 20:47:21.180330 -68 -78 -89 -87 -76 
2016-05-19 20:47:21.382352 -71 -86 -90 -87 -79 
2016-05-19 20:47:21.487365 -71 -86 -80 -86 -83 
2016-05-19 20:47:21.829410 -70 -81 -85 -86 -78 
2016-05-19 20:47:22.047438 -69 -80 -81 -86 -76 
2016-05-19 20:47:22.145454 -79 -81 -82 -87 -83 
2016-05-19 20:47:22.254465 -69 -86 -83 -87 -75 
2016-05-19 20:47:22.358478 -66 -81 -82 -88 -82 
2016-05-19 20:47:22.568506 -68 -81 -83 -88 -75 
2016-05-19 20:47:22.846540 -68 -84 -77 -86 -78 
2016-05-19 20:47:23.360614 -72 -89 -81 -89 -76 
2016-05-19 20:47:23.777664 -70 -85 -78 -82 -81 
2016-05-19 20:47:23.885682 -67 -77 -84 -87 -74 
2016-05-19 20:47:23.992692 -69 -84 -80 -81 -75 
2016-05-19 20:47:24.102706 -69 -77 -81 -88 -72 
2016-05-19 20:47:24.416745 -70 -81 -82 -92 -83 
2016-05-19 20:47:24.751794 -69 -83 -84 -86 -76 
2016-05-19 20:47:24.933816 -68 -84 -78 -85 -78 
2016-05-19 20:47:25.040833 -65 -85 -78 -80 -79 
2016-05-19 20:47:25.253857 -71 -84 -82 -85 -76 
2016-05-19 20:47:25.443882 -74 -79 -85 -81 -77 
2016-05-19 20:47:25.606900 -69 -77 -74 -84 -79 
2016-05-19 20:47:25.711914 -77 -78 -81 -87 -82 
2016-05-19 20:47:25.993953 -68 -80 -82 -86 -80 
2016-05-19 20:47:26.231983 -72 -85 -86 -88 -82 
2016-05-19 20:47:26.628037 -73 -85 -76 -91 -85 
2016-05-19 20:47:26.843065 -71 -88 -77 -90 -84 
2016-05-19 20:47:27.175108 -70 -87 -81 -89 -80 
2016-05-19 20:47:27.386139 -70 -87 -77 -89 -78 
2016-05-19 20:47:27.776190 -70 -84 -79 -89 -83 
2016-05-19 20:47:27.988214 -71 -86 -81 -90 -83 
2016-05-19 20:47:28.092225 -74 -86 -82 -88 -78 
2016-05-19 20:47:28.263251 -71 -86 -80 -89 -80 
2016-05-19 20:47:28.940339 -71 -84 -77 -85 -77 
2016-05-19 20:47:29.257393 -69 -87 -76 -81 -77 
2016-05-19 20:47:29.468409 -68 -83 -74 -85 -77 
2016-05-19 20:47:29.574433 -65 -88 -80 -85 -81 
2016-05-19 20:47:29.691447 -65 -87 -84 -87 -78 
2016-05-19 20:47:29.875478 -68 -80 -81 -89 -77 
2016-05-19 20:47:29.978475 -68 -76 -90 -84 -75 
2016-05-19 20:47:30.425533 -68 -83 -83 -82 -81 
2016-05-19 20:47:30.529555 -65 -82 -80 -85 -79 
2016-05-19 20:47:30.845589 -64 -86 -78 -83 -79 
2016-05-19 20:47:31.159718 -62 -82 -83 -83 -82 
2016-05-19 20:47:31.465679 -62 -78 -80 -85 -84 
2016-05-19 20:47:31.667693 -62 -77 -74 -92 -87 
2016-05-19 20:47:31.887723 -67 -87 -73 -78 -81 
2016-05-19 20:47:32.095751 -68 -77 -74 -82 -86 
2016-05-19 20:47:32.198780 -67 -75 -80 -85 -89 
2016-05-19 20:47:32.308780 -66 -72 -71 -92 -81 
2016-05-19 20:47:32.498846 -71 -75 -79 -82 -80 
2016-05-19 20:47:32.830850 -70 -76 -80 -85 -84 
2016-05-19 20:47:33.076884 -71 -76 -72 -83 -78 
2016-05-19 20:47:33.268915 -72 -79 -72 -83 -83 
2016-05-19 20:47:33.457938 -66 -72 -71 -86 -79 
2016-05-19 20:47:33.650963 -68 -78 -78 -84 -84 
2016-05-19 20:47:33.855981 -76 -79 -85 -82 -84 
2016-05-19 20:47:34.170024 -78 -78 -85 -84 -80 
2016-05-19 20:47:34.310059 -72 -86 -79 -81 -86 
2016-05-19 20:47:34.524069 -74 -78 -78 -89 -80 
2016-05-19 20:47:34.731096 -75 -83 -85 -84 -81 
2016-05-19 20:47:34.939124 -77 -83 -76 -81 -82 
2016-05-19 20:47:35.048161 -78 -85 -88 -88 -75 
2016-05-19 20:47:35.474194 -75 -78 -83 -81 -80 
2016-05-19 20:47:35.798232 -77 -87 -84 -84 -86 
2016-05-19 20:47:36.006261 -77 -82 -81 -85 -87 
2016-05-19 20:47:36.223287 -75 -86 -82 -86 -80 
2016-05-19 20:47:36.529330 -73 -84 -83 -86 -82 
2016-05-19 20:47:36.836372 -75 -81 -83 -93 -87 
2016-05-19 20:47:37.040397 -75 -78 -83 -89 -87 
2016-05-19 20:47:37.360438 -77 -81 -78 -86 -82 
2016-05-19 20:47:37.517463 -71 -77 -84 -91 -80 
2016-05-19 20:47:37.976519 -72 -73 -79 -84 -82 
2016-05-19 20:47:38.111538 -68 -83 -77 -80 -87 
2016-05-19 20:47:38.320564 -65 -78 -73 -81 -79 
2016-05-19 20:47:38.461599 -66 -83 -74 -87 -78 
2016-05-19 20:47:38.668608 -67 -80 -70 -86 -80 
2016-05-19 20:47:38.957651 -67 -77 -75 -84 -84 
2016-05-19 20:47:39.061662 -65 -79 -70 -84 -85 
2016-05-19 20:47:39.229683 -65 -78 -83 -81 -82 
2016-05-19 20:47:39.542729 -71 -76 -74 -83 -81 
2016-05-19 20:47:39.893768 -69 -74 -80 -86 -79 
2016-05-19 20:47:40.104798 -71 -72 -78 -90 -81 
2016-05-19 20:47:40.524852 -70 -76 -82 -88 -87 
2016-05-19 20:47:40.738882 -68 -74 -77 -87 -85 
2016-05-19 20:47:40.840900 -70 -79 -80 -89 -80 
2016-05-19 20:47:41.049921 -70 -77 -79 -88 -84 
2016-05-19 20:47:41.184939 -76 -74 -77 -87 -80 
2016-05-19 20:47:41.368967 -74 -77 -78 -87 -87 
2016-05-19 20:47:41.594992 -74 -79 -78 -89 -88 
2016-05-19 20:47:41.801019 -76 -76 -78 -88 -86 
2016-05-19 20:47:42.325088 -76 -78 -81 -86 -83 
2016-05-19 20:47:42.491111 -71 -82 -78 -86 -81 
2016-05-19 20:47:42.646129 -74 -75 -77 -86 -87 
2016-05-19 20:47:42.752145 -79 -82 -77 -88 -82 
2016-05-19 20:47:42.852164 -70 -75 -79 -85 -84 
2016-05-19 20:47:43.262210 -76 -77 -81 -87 -85 
2016-05-19 20:47:43.580255 -75 -78 -80 -92 -83 
2016-05-19 20:47:43.786280 -76 -81 -81 -84 -84 
2016-05-19 20:47:44.103326 -74 -84 -86 -87 -86 
2016-05-19 20:47:44.386358 -79 -77 -77 -86 -85 
2016-05-19 20:47:44.518394 -84 -79 -81 -89 -85 
2016-05-19 20:47:44.804409 -67 -81 -81 -85 -83 
2016-05-19 20:47:45.045442 -71 -81 -83 -90 -87 
2016-05-19 20:47:45.152456 -70 -83 -88 -86 -83 
2016-05-19 20:47:45.349479 -70 -83 -84 -92 -80 
2016-05-19 20:47:45.576511 -70 -84 -83 -87 -82 
2016-05-19 20:47:45.686527 -74 -85 -76 -87 -85 
2016-05-19 20:47:45.787539 -69 -83 -79 -86 -84 
2016-05-19 20:47:45.895553 -74 -82 -76 -88 -84 
2016-05-19 20:47:46.013572 -69 -79 -87 -86 -84 
2016-05-19 20:47:46.189589 -73 -80 -82 -91 -82 
2016-05-19 20:47:46.396619 -71 -80 -77 -89 -81 
2016-05-19 20:47:46.544635 -71 -79 -76 -89 -81 
2016-05-19 20:47:46.734660 -71 -80 -81 -88 -81 
2016-05-19 20:47:46.945691 -71 -83 -76 -87 -86 
2016-05-19 20:47:47.152717 -73 -80 -78 -87 -86 
2016-05-19 20:47:47.783804 -71 -80 -79 -89 -81 
2016-05-19 20:47:48.299865 -73 -80 -78 -88 -83 
2016-05-19 20:47:48.625910 -73 -81 -78 -88 -82 
2016-05-19 20:47:49.254989 -72 -80 -81 -86 -81 
2016-05-19 20:47:49.464023 -72 -81 -84 -87 -81 
2016-05-19 20:47:49.880071 -70 -79 -76 -90 -81 
2016-05-19 20:47:50.088101 -71 -81 -78 -88 -84 
2016-05-19 20:47:50.512157 -70 -79 -79 -89 -83 
2016-05-19 20:47:50.726185 -70 -81 -78 -89 -80 
2016-05-19 20:47:51.046226 -71 -81 -77 -89 -82 
2016-05-19 20:47:51.349270 -71 -80 -81 -87 -82 
2016-05-19 20:47:51.499289 -71 -81 -84 -87 -86 
2016-05-19 20:47:51.707312 -71 -82 -82 -88 -81 
2016-05-19 20:47:51.916351 -71 -81 -83 -87 -85 
2016-05-19 20:47:52.022354 -72 -80 -90 -88 -83 
2016-05-19 20:47:52.333395 -70 -80 -78 -88 -84 
2016-05-19 20:47:52.517418 -70 -80 -90 -89 -80 
2016-05-19 20:47:52.645434 -70 -81 -89 -88 -80 
2016-05-19 20:47:52.857463 -71 -81 -87 -87 -83 
2016-05-19 20:47:53.034490 -72 -81 -77 -88 -84 
2016-05-19 20:47:53.207509 -71 -81 -80 -87 -85 
2016-05-19 20:47:53.418536 -71 -82 -81 -90 -86 
2016-05-19 20:47:53.733577 -71 -83 -82 -90 -86 
2016-05-19 20:47:54.146631 -72 -83 -84 -88 -78 
2016-05-19 20:47:54.320651 -71 -87 -75 -88 -86 
2016-05-19 20:47:54.626694 -73 -84 -81 -85 -80 
2016-05-19 20:48:02.693749 -72 -83 -79 -90 -84 
2016-05-19 20:48:03.227823 -74 -80 -84 -88 -83 
2016-05-19 20:48:03.439856 -76 -81 -84 -88 -76 
2016-05-19 20:48:03.651876 -79 -80 -77 -89 -80 
2016-05-19 20:48:03.745889 -75 -79 -80 -85 -78 
2016-05-19 20:48:03.957944 -74 -83 -72 -84 -87 
2016-05-19 20:48:04.162939 -75 -80 -76 -81 -79 
2016-05-19 20:48:04.318961 -73 -86 -82 -88 -83 
2016-05-19 20:48:04.590999 -78 -82 -78 -88 -83 
2016-05-19 20:48:04.895035 -80 -82 -79 -84 -85 
2016-05-19 20:48:05.006054 -81 -87 -71 -82 -83 
2016-05-19 20:48:05.111067 -75 -85 -72 -84 -79 
2016-05-19 20:48:05.220081 -75 -89 -76 -88 -82 
2016-05-19 20:48:05.368099 -77 -85 -80 -83 -82 
2016-05-19 20:48:05.467107 -73 -82 -76 -86 -87 
2016-05-19 20:48:05.745182 -78 -89 -72 -84 -86 
2016-05-19 20:48:05.943193 -79 -83 -81 -83 -84 
2016-05-19 20:48:06.166209 -75 -82 -72 -78 -80 
2016-05-19 20:48:06.270229 -79 -80 -83 -84 -86 
2016-05-19 20:48:06.471265 -85 -79 -79 -86 -82 
2016-05-19 20:48:06.689273 -84 -80 -81 -81 -84 
2016-05-19 20:48:07.216342 -79 -82 -80 -84 -78 
2016-05-19 20:48:07.426372 -76 -82 -77 -86 -79 
2016-05-19 20:48:07.637391 -77 -79 -80 -85 -88 
2016-05-19 20:48:07.851433 -81 -75 -77 -88 -80 
2016-05-19 20:48:07.961448 -75 -81 -76 -88 -83 
2016-05-19 20:48:08.166467 -79 -91 -79 -86 -85 
2016-05-19 20:48:08.276481 -75 -90 -74 -84 -86 
2016-05-19 20:48:08.484504 -79 -86 -83 -85 -81 
2016-05-19 20:48:08.623533 -79 -80 -78 -86 -86 
2016-05-19 20:48:08.839585 -80 -85 -80 -91 -85 
2016-05-19 20:48:09.254613 -77 -83 -79 -88 -87 
2016-05-19 20:48:09.853684 -75 -79 -80 -89 -81 
2016-05-19 20:48:10.058710 -72 -80 -79 -89 -89 
2016-05-19 20:48:10.263737 -74 -80 -79 -85 -84 
2016-05-19 20:48:10.579779 -76 -80 -81 -83 -81 
2016-05-19 20:48:10.748800 -77 -80 -78 -85 -82 
2016-05-19 20:48:10.903828 -70 -84 -77 -84 -83 
2016-05-19 20:48:11.112846 -75 -85 -77 -83 -82 
2016-05-19 20:48:11.324886 -76 -87 -78 -86 -80 
2016-05-19 20:48:11.631920 -71 -90 -78 -82 -80 
2016-05-19 20:48:12.054970 -74 -84 -76 -86 -90 
2016-05-19 20:48:12.254997 -71 -81 -76 -84 -85 
2016-05-19 20:48:12.408014 -88 -87 -76 -89 -83 
2016-05-19 20:48:12.512074 -72 -81 -77 -86 -83 
2016-05-19 20:48:12.614062 -85 -85 -74 -90 -86 
2016-05-19 20:48:12.716058 -71 -87 -78 -88 -83 
2016-05-19 20:48:12.815079 -73 -84 -75 -89 -80 
2016-05-19 20:48:12.955091 -73 -81 -78 -92 -83 
2016-05-19 20:48:13.165116 -77 -84 -77 -89 -80 
2016-05-19 20:48:13.273128 -74 -87 -75 -87 -81 
2016-05-19 20:48:13.536165 -74 -85 -80 -87 -84 
2016-05-19 20:48:13.739191 -75 -82 -77 -86 -86 
2016-05-19 20:48:13.841214 -75 -82 -81 -85 -84 
2016-05-19 20:48:14.025238 -77 -81 -75 -85 -87 
2016-05-19 20:48:14.231269 -76 -83 -75 -85 -83 
2016-05-19 20:48:14.444307 -76 -83 -78 -86 -86 
2016-05-19 20:48:14.656331 -79 -83 -76 -86 -86 
2016-05-19 20:48:15.076384 -77 -82 -78 -85 -82 
2016-05-19 20:48:15.279414 -75 -82 -77 -86 -84 
2016-05-19 20:48:15.729472 -75 -85 -80 -84 -81 
2016-05-19 20:48:15.832474 -70 -87 -76 -83 -80 
2016-05-19 20:48:15.935478 -74 -84 -81 -86 -90 
2016-05-19 20:48:16.036506 -83 -87 -78 -83 -81 
2016-05-19 20:48:16.268519 -72 -86 -76 -85 -85 
2016-05-19 20:48:16.478567 -71 -86 -77 -86 -84 
2016-05-19 20:48:16.800592 -81 -84 -77 -85 -89 
2016-05-19 20:48:16.931611 -75 -91 -79 -82 -85 
2016-05-19 20:48:17.245649 -76 -83 -78 -86 -82 
2016-05-19 20:48:17.453673 -77 -84 -77 -86 -81 
2016-05-19 20:48:17.576707 -80 -85 -77 -85 -77 
2016-05-19 20:48:18.165814 -78 -80 -77 -83 -85 
2016-05-19 20:48:18.373813 -80 -81 -78 -84 -86 
2016-05-19 20:48:18.591840 -79 -80 -75 -85 -86 
2016-05-19 20:48:18.752866 -75 -75 -81 -84 -85 
2016-05-19 20:48:19.002883 -80 -81 -77 -85 -91 
2016-05-19 20:48:19.345924 -78 -83 -78 -83 -84 
2016-05-19 20:48:19.665966 -83 -82 -85 -83 -83 
2016-05-19 20:48:19.954010 -78 -81 -76 -82 -83 
2016-05-19 20:48:20.157045 -77 -81 -81 -86 -85 
2016-05-19 20:48:20.260042 -72 -79 -84 -77 -84 
2016-05-19 20:48:20.395065 -72 -86 -78 -83 -88 
2016-05-19 20:48:20.686099 -80 -88 -77 -84 -78 
2016-05-19 20:48:21.100162 -70 -81 -72 -86 -80 
2016-05-19 20:48:21.313207 -72 -82 -72 -87 -81 
2016-05-19 20:48:21.420209 -71 -81 -64 -90 -89 
2016-05-19 20:48:21.521213 -77 -78 -75 -84 -86 
2016-05-19 20:48:21.653271 -73 -81 -64 -86 -88 
2016-05-19 20:48:21.821256 -69 -84 -68 -84 -81 
2016-05-19 20:48:21.929258 -78 -86 -73 -89 -84 
2016-05-19 20:48:22.031278 -69 -86 -77 -83 -81 
2016-05-19 20:48:22.140288 -80 -81 -73 -87 -83 
2016-05-19 20:48:22.363321 -71 -83 -74 -90 -82 
2016-05-19 20:48:22.783404 -74 -82 -74 -90 -84 
2016-05-19 20:48:22.891433 -71 -78 -67 -89 -91 
2016-05-19 20:48:23.025415 -69 -79 -71 -84 -80 
2016-05-19 20:48:23.504485 -73 -82 -74 -85 -82 
2016-05-19 20:48:23.711518 -77 -92 -82 -85 -86 
2016-05-19 20:48:23.810516 -69 -77 -85 -85 -83 
2016-05-19 20:48:24.013538 -71 -83 -82 -90 -84 
2016-05-19 20:48:24.449596 -75 -82 -82 -84 -83 
2016-05-19 20:48:24.879693 -76 -83 -79 -84 -85 
2016-05-19 20:48:25.086707 -75 -82 -79 -81 -85 
2016-05-19 20:48:25.367710 -68 -77 -76 -82 -79 
2016-05-19 20:48:25.518735 -69 -87 -73 -84 -79 
2016-05-19 20:48:25.879834 -73 -82 -85 -87 -81 
2016-05-19 20:48:26.090874 -69 -82 -89 -86 -86 
2016-05-19 20:48:26.273832 -72 -74 -83 -88 -80 
2016-05-19 20:48:26.483879 -75 -78 -84 -91 -86 
2016-05-19 20:48:26.687883 -72 -84 -86 -89 -83 
2016-05-19 20:48:26.902911 -71 -86 -87 -89 -83 
2016-05-19 20:48:27.211953 -71 -83 -86 -89 -85 
2016-05-19 20:48:27.533996 -72 -76 -80 -89 -86 
2016-05-19 20:48:27.748020 -73 -80 -76 -88 -83 
2016-05-19 20:48:27.956047 -73 -76 -74 -88 -85 
2016-05-19 20:48:28.196078 -73 -81 -73 -87 -82 
2016-05-19 20:48:28.304096 -74 -80 -89 -87 -85 
2016-05-19 20:48:28.731149 -71 -78 -84 -87 -82 
2016-05-19 20:48:28.903170 -77 -74 -88 -81 -80 
2016-05-19 20:48:29.209214 -77 -78 -76 -86 -81 
2016-05-19 20:48:29.458243 -78 -78 -76 -86 -84 
2016-05-19 20:48:29.621264 -76 -72 -73 -86 -86 
2016-05-19 20:48:29.835290 -79 -72 -74 -86 -90 
2016-05-19 20:48:30.107328 -79 -76 -79 -87 -83 
2016-05-19 20:48:30.208342 -80 -75 -82 -84 -88 
2016-05-19 20:48:30.467375 -78 -79 -79 -86 -85 
2016-05-19 20:48:30.894434 -78 -71 -81 -84 -83 
2016-05-19 20:48:31.212472 -80 -72 -78 -90 -84 
2016-05-19 20:48:31.423500 -78 -70 -79 -85 -84 
2016-05-19 20:48:31.630523 -78 -71 -79 -91 -88 
2016-05-19 20:48:31.843555 -78 -72 -82 -87 -87 
2016-05-19 20:48:31.953569 -82 -72 -85 -89 -87 
2016-05-19 20:48:32.162596 -78 -74 -86 -85 -87 
2016-05-19 20:48:32.390623 -78 -74 -88 -91 -86 
2016-05-19 20:48:33.095716 -78 -75 -85 -86 -86 
2016-05-19 20:48:33.232737 -82 -78 -79 -90 -85 
2016-05-19 20:48:33.358753 -83 -84 -81 -83 -85 
2016-05-19 20:48:33.520771 -80 -74 -79 -85 -86 
2016-05-19 20:48:33.645787 -88 -80 -79 -87 -84 
2016-05-19 20:48:34.134857 -79 -78 -80 -87 -85 
2016-05-19 20:48:34.268871 -78 -78 -78 -88 -84 
2016-05-19 20:48:34.370881 -81 -85 -72 -90 -87 
2016-05-19 20:48:34.552910 -77 -77 -70 -86 -86 
2016-05-19 20:48:34.659927 -80 -92 -69 -88 -86 
2016-05-19 20:48:35.015966 -81 -78 -68 -86 -84 
2016-05-19 20:48:35.188992 -83 -87 -68 -87 -88 
2016-05-19 20:48:35.296003 -81 -80 -68 -89 -84 
2016-05-19 20:48:35.401017 -80 -84 -69 -89 -89 
2016-05-19 20:48:35.520038 -82 -79 -67 -89 -88 
2016-05-19 20:48:35.731061 -78 -79 -69 -89 -91 
2016-05-19 20:48:36.139116 -77 -79 -69 -88 -86 
2016-05-19 20:48:36.472160 -74 -79 -68 -84 -81 
2016-05-19 20:48:36.771196 -79 -83 -70 -90 -81 
2016-05-19 20:48:37.196251 -81 -78 -70 -91 -84 
2016-05-19 20:48:37.424291 -78 -79 -71 -82 -88 
2016-05-19 20:48:37.606304 -77 -87 -71 -81 -80 
2016-05-19 20:48:37.712321 -80 -80 -71 -90 -79 
2016-05-19 20:48:40.449719 -77 -81 -72 -81 -77 
2016-05-19 20:48:40.579702 -84 -77 -72 -86 -88 
2016-05-19 20:48:40.794724 -83 -77 -73 -87 -81 
2016-05-19 20:48:41.004752 -85 -71 -73 -89 -84 
2016-05-19 20:48:41.219780 -83 -72 -74 -89 -80 
2016-05-19 20:48:41.421809 -84 -71 -74 -87 -85 
2016-05-19 20:48:41.634835 -79 -73 -74 -88 -86 
2016-05-19 20:48:41.843862 -80 -74 -74 -87 -83 
2016-05-19 20:48:42.135903 -80 -73 -72 -87 -77 
2016-05-19 20:48:42.431938 -82 -74 -74 -88 -77 
2016-05-19 20:48:42.684972 -85 -74 -74 -86 -81 
2016-05-19 20:48:42.845996 -86 -75 -74 -87 -77 
2016-05-19 20:48:43.034017 -78 -74 -74 -86 -82 
2016-05-19 20:48:43.157030 -82 -74 -76 -87 -82 
2016-05-19 20:48:43.263047 -78 -75 -74 -88 -77 
2016-05-19 20:48:43.477072 -80 -73 -73 -88 -77 
2016-05-19 20:48:43.683102 -82 -74 -74 -87 -77 
2016-05-19 20:48:43.849123 -77 -74 -73 -87 -81 
2016-05-19 20:48:43.955138 -82 -73 -75 -86 -77 
2016-05-19 20:48:44.111162 -77 -73 -72 -86 -77 
2016-05-19 20:48:44.314184 -78 -75 -73 -87 -78 
2016-05-19 20:48:44.527216 -78 -73 -72 -88 -79 
2016-05-19 20:48:44.636231 -75 -75 -71 -87 -81 
2016-05-19 20:48:44.827248 -78 -72 -72 -89 -80 
2016-05-19 20:48:45.250306 -81 -74 -73 -87 -79 
2016-05-19 20:48:45.467332 -78 -72 -71 -87 -82 
2016-05-19 20:48:45.589351 -76 -72 -73 -88 -92 
2016-05-19 20:48:45.797376 -78 -72 -70 -89 -82 
2016-05-19 20:48:45.904392 -81 -72 -70 -89 -82 
2016-05-19 20:48:46.182432 -79 -72 -72 -87 -79 
2016-05-19 20:48:46.364492 -79 -74 -71 -88 -80 
2016-05-19 20:48:46.513472 -77 -72 -75 -87 -82 
2016-05-19 20:48:46.836532 -80 -78 -70 -83 -84 
2016-05-19 20:48:47.040541 -78 -90 -72 -85 -83 
2016-05-19 20:48:47.313577 -73 -81 -74 -83 -83 
2016-05-19 20:48:47.530656 -76 -83 -74 -86 -80 
2016-05-19 20:48:47.741646 -78 -81 -70 -83 -80 
2016-05-19 20:48:47.953698 -71 -78 -69 -87 -82 
2016-05-19 20:48:48.196689 -77 -75 -74 -86 -76 
2016-05-19 20:48:48.404719 -78 -75 -84 -84 -81 
2016-05-19 20:48:48.582747 -82 -74 -88 -89 -80 
2016-05-19 20:48:48.829815 -79 -85 -79 -91 -88 
2016-05-19 20:48:49.150826 -85 -83 -75 -83 -85 
2016-05-19 20:48:49.327839 -76 -81 -75 -86 -81 
2016-05-19 20:48:49.488864 -73 -75 -72 -86 -77 
2016-05-19 20:48:49.672889 -77 -78 -75 -91 -86 
2016-05-19 20:48:49.775920 -77 -85 -70 -92 -84 
2016-05-19 20:48:50.099951 -73 -87 -76 -88 -77 
2016-05-19 20:48:50.520015 -77 -79 -78 -87 -86 
2016-05-19 20:48:50.730044 -77 -80 -76 -90 -82 
2016-05-19 20:48:51.001097 -85 -78 -76 -87 -81 
2016-05-19 20:48:51.110073 -75 -74 -78 -84 -76 
2016-05-19 20:48:51.527142 -77 -78 -74 -85 -83 
2016-05-19 20:48:51.732152 -76 -77 -74 -87 -82 
2016-05-19 20:48:52.090235 -80 -81 -76 -83 -81 
2016-05-19 20:48:52.246225 -77 -81 -71 -91 -84 
2016-05-19 20:48:52.403241 -85 -83 -68 -87 -86 
2016-05-19 20:48:52.502252 -79 -77 -76 -86 -87 
2016-05-19 20:48:52.604267 -87 -78 -68 -85 -89 
2016-05-19 20:48:52.712280 -84 -81 -77 -83 -83 
2016-05-19 20:48:53.336366 -85 -80 -77 -85 -84 
2016-05-19 20:48:53.488408 -88 -80 -81 -86 -83 
2016-05-19 20:48:53.668422 -82 -80 -69 -86 -87 
2016-05-19 20:48:54.005455 -86 -82 -87 -85 -86 
2016-05-19 20:48:54.275486 -83 -84 -77 -84 -86 
2016-05-19 20:48:54.479562 -83 -83 -77 -88 -81 
2016-05-19 20:48:54.587523 -80 -78 -69 -81 -90 
2016-05-19 20:48:54.747544 -80 -80 -76 -87 -83 
2016-05-19 20:48:54.961584 -80 -80 -70 -83 -90 
2016-05-19 20:48:55.111599 -83 -83 -74 -83 -83 
2016-05-19 20:48:55.531693 -85 -79 -79 -85 -86 
2016-05-19 20:48:55.665674 -81 -82 -74 -87 -88 
2016-05-19 20:48:55.848692 -89 -79 -72 -88 -86 
2016-05-19 20:48:56.264753 -80 -82 -72 -85 -77 
2016-05-19 20:48:56.447799 -84 -81 -74 -89 -81 
2016-05-19 20:48:56.884854 -87 -78 -80 -84 -86 
2016-05-19 20:48:56.991845 -87 -79 -78 -79 -88 
2016-05-19 20:48:57.213869 -85 -81 -83 -88 -81 
2016-05-19 20:48:57.727946 -84 -76 -76 -83 -83 
2016-05-19 20:48:57.837956 -81 -77 -75 -83 -84 
2016-05-19 20:48:57.959967 -79 -73 -80 -84 -84 
2016-05-19 20:48:58.384025 -86 -75 -73 -78 -83 
2016-05-19 20:48:58.590062 -81 -73 -76 -83 -89 
2016-05-19 20:48:58.688066 -86 -71 -81 -83 -92 
2016-05-19 20:48:58.996102 -88 -76 -82 -85 -88 
2016-05-19 20:48:59.628180 -83 -75 -75 -83 -88 
2016-05-19 20:49:00.047262 -80 -71 -65 -84 -86 
2016-05-19 20:49:00.257289 -82 -78 -63 -79 -83 
2016-05-19 20:49:00.789349 -81 -78 -65 -82 -83 
2016-05-19 20:49:00.897401 -81 -81 -67 -83 -85 
2016-05-19 20:49:01.071452 -83 -75 -68 -86 -91 
2016-05-19 20:49:01.276403 -78 -78 -71 -78 -84 
2016-05-19 20:49:01.490434 -75 -78 -69 -81 -85 
2016-05-19 20:49:01.627482 -78 -75 -72 -87 -89 
2016-05-19 20:49:01.738474 -83 -77 -68 -83 -91 
2016-05-19 20:49:02.577574 -78 -79 -72 -86 -84 
2016-05-19 20:49:02.789598 -83 -78 -71 -86 -87 
2016-05-19 20:49:02.889611 -78 -78 -75 -84 -87 
2016-05-19 20:49:02.991634 -84 -81 -72 -84 -88 
2016-05-19 20:49:03.519692 -83 -80 -77 -87 -85 
2016-05-19 20:49:03.622727 -80 -89 -78 -82 -88 
2016-05-19 20:49:03.823733 -83 -74 -74 -85 -86 
2016-05-19 20:49:04.137774 -82 -72 -75 -84 -83 
2016-05-19 20:49:04.308796 -81 -75 -81 -83 -85 
2016-05-19 20:49:04.515827 -79 -76 -73 -83 -84 
2016-05-19 20:49:04.620840 -81 -78 -81 -84 -86 
2016-05-19 20:49:04.728851 -88 -79 -71 -81 -88 
2016-05-19 20:49:04.932884 -80 -75 -75 -81 -85 
2016-05-19 20:49:05.116897 -79 -76 -73 -83 -91 
2016-05-19 20:49:05.393936 -81 -72 -75 -83 -83 
2016-05-19 20:49:05.604964 -83 -79 -78 -90 -81 
2016-05-19 20:49:06.442072 -79 -77 -74 -85 -83 
2016-05-19 20:49:06.654102 -93 -71 -76 -81 -83 
2016-05-19 20:49:07.063221 -78 -75 -76 -84 -85 
2016-05-19 20:49:07.171222 -79 -67 -69 -81 -85 
2016-05-19 20:49:07.282183 -81 -75 -68 -82 -85 
2016-05-19 20:49:07.707237 -86 -74 -71 -88 -85 
2016-05-19 20:49:08.035320 -85 -72 -66 -81 -86 
2016-05-19 20:49:08.444341 -78 -79 -67 -83 -84 
2016-05-19 20:49:08.552392 -86 -72 -65 -85 -85 
2016-05-19 20:49:08.659435 -86 -74 -72 -81 -86 
2016-05-19 20:49:08.866406 -88 -71 -71 -82 -87 
2016-05-19 20:49:09.082441 -80 -72 -70 -81 -84 
2016-05-19 20:49:09.495473 -81 -69 -70 -83 -85 
2016-05-19 20:49:09.596494 -85 -72 -69 -76 -86 
2016-05-19 20:49:09.712501 -80 -70 -66 -88 -85 
2016-05-19 20:49:09.918552 -85 -72 -70 -77 -83 
2016-05-19 20:49:10.126560 -79 -74 -67 -83 -82 
2016-05-19 20:49:10.334583 -80 -74 -68 -81 -81 
2016-05-19 20:49:10.436601 -79 -71 -71 -80 -83 
2016-05-19 20:49:10.924660 -81 -69 -73 -87 -87 
2016-05-19 20:49:11.071719 -89 -72 -71 -85 -88 
2016-05-19 20:49:11.245711 -88 -66 -76 -87 -81 
2016-05-19 20:49:11.556755 -82 -72 -78 -81 -84 
2016-05-19 20:49:11.660785 -88 -79 -79 -77 -83 
2016-05-19 20:49:11.802798 -82 -73 -79 -86 -84 
2016-05-19 20:49:12.021808 -79 -73 -80 -82 -86 
2016-05-19 20:49:12.149820 -76 -71 -82 -84 -80 
2016-05-19 20:49:12.408874 -88 -72 -82 -91 -87 
2016-05-19 20:49:12.515871 -86 -71 -78 -87 -90 
2016-05-19 20:49:12.830913 -84 -71 -73 -83 -87 
2016-05-19 20:49:12.934925 -81 -70 -75 -76 -82 
2016-05-19 20:49:13.399983 -81 -67 -83 -76 -88 
2016-05-19 20:49:13.604010 -83 -66 -78 -81 -85 
2016-05-19 20:49:14.026065 -86 -68 -78 -79 -92 
2016-05-19 20:49:14.231092 -89 -70 -82 -79 -86 
2016-05-19 20:49:14.334106 -86 -66 -86 -74 -89 
2016-05-19 20:49:14.489126 -88 -78 -83 -79 -86 
2016-05-19 20:49:14.591139 -81 -68 -86 -78 -89 
2016-05-19 20:49:14.842185 -85 -70 -79 -79 -90 
2016-05-19 20:49:15.209223 -89 -68 -75 -77 -91 
2016-05-19 20:49:15.880320 -82 -71 -78 -78 -86 
2016-05-19 20:49:15.990341 -82 -68 -79 -77 -88 
2016-05-19 20:49:16.515397 -80 -72 -80 -79 -89 
2016-05-19 20:49:17.058459 -84 -76 -80 -78 -89 
2016-05-19 20:49:17.165520 -86 -70 -86 -76 -83 
2016-05-19 20:49:17.375513 -83 -76 -80 -80 -83 
2016-05-19 20:49:17.583527 -84 -68 -80 -75 -83 
2016-05-19 20:49:17.804560 -82 -74 -78 -77 -93 
2016-05-19 20:49:17.906572 -82 -68 -82 -80 -92 
2016-05-19 20:49:18.046590 -82 -68 -80 -75 -92 
2016-05-19 20:49:18.331633 -82 -72 -80 -78 -84 
2016-05-19 20:49:18.537658 -86 -68 -79 -75 -91 
2016-05-19 20:49:18.640671 -83 -69 -80 -75 -84 
2016-05-19 20:49:18.849699 -82 -72 -77 -76 -85 
2016-05-19 20:49:19.057726 -87 -68 -78 -80 -86 
2016-05-19 20:49:19.785816 -86 -70 -78 -79 -92 
2016-05-19 20:49:19.942842 -88 -74 -77 -76 -88 
2016-05-19 20:49:20.472910 -83 -70 -77 -80 -90 
2016-05-19 20:49:20.632931 -86 -70 -80 -80 -89 
2016-05-19 20:49:20.782951 -84 -68 -76 -78 -89 
2016-05-19 20:49:20.993973 -85 -70 -80 -79 -88 
2016-05-19 20:49:21.200001 -84 -68 -80 -78 -89 
2016-05-19 20:49:21.415030 -83 -70 -81 -75 -88 
2016-05-19 20:49:21.629055 -84 -68 -78 -77 -87 
2016-05-19 20:49:21.733075 -85 -70 -78 -80 -86 
2016-05-19 20:49:21.942099 -86 -68 -81 -75 -86 
2016-05-19 20:49:22.157126 -86 -69 -82 -75 -88 
2016-05-19 20:49:22.392159 -87 -67 -81 -74 -89 
2016-05-19 20:49:22.532176 -83 -67 -81 -80 -86 
2016-05-19 20:49:22.742203 -87 -66 -85 -78 -86 
2016-05-19 20:49:22.947230 -89 -67 -84 -74 -87 
2016-05-19 20:49:23.164254 -88 -67 -83 -74 -87 
2016-05-19 20:49:23.272272 -83 -66 -82 -74 -86 
2016-05-19 20:49:23.479296 -84 -68 -84 -78 -88 
2016-05-19 20:49:23.743337 -86 -68 -78 -75 -89 
2016-05-19 20:49:23.929355 -86 -68 -83 -80 -87 
2016-05-19 20:49:24.130384 -86 -68 -83 -80 -87 
2016-05-19 20:49:24.340411 -85 -68 -81 -76 -87 
2016-05-19 20:49:24.448430 -82 -70 -79 -74 -87 
2016-05-19 20:49:24.631454 -85 -68 -80 -77 -87 
2016-05-19 20:49:24.839474 -84 -69 -82 -79 -86 
2016-05-19 20:49:25.047504 -89 -67 -81 -77 -87 
2016-05-19 20:49:25.259528 -86 -69 -80 -80 -86 
2016-05-19 20:49:25.415552 -87 -67 -81 -74 -92 
2016-05-19 20:49:25.725593 -86 -70 -77 -79 -87 
2016-05-19 20:49:25.967623 -85 -68 -77 -76 -88 
2016-05-19 20:49:26.177651 -86 -70 -76 -76 -88 
2016-05-19 20:49:26.323674 -87 -72 -83 -78 -87 
2016-05-19 20:49:26.428689 -86 -74 -74 -78 -89 
2016-05-19 20:49:26.636712 -85 -73 -74 -80 -89 
2016-05-19 20:49:26.742725 -90 -68 -80 -78 -88 
2016-05-19 20:49:26.932750 -84 -70 -80 -79 -87 
2016-05-19 20:49:27.040765 -87 -71 -79 -82 -88 
2016-05-19 20:49:27.148782 -83 -72 -80 -79 -87 
2016-05-19 20:49:27.263797 -83 -69 -79 -81 -87 
2016-05-19 20:49:27.367806 -88 -72 -79 -80 -88 
2016-05-19 20:49:27.474818 -83 -69 -80 -81 -86 
2016-05-19 20:49:27.625840 -87 -72 -79 -79 -88 
2016-05-19 20:49:27.775860 -82 -71 -81 -81 -87 
2016-05-19 20:49:28.105904 -82 -69 -76 -78 -86 
2016-05-19 20:49:28.318936 -82 -69 -76 -84 -88 
2016-05-19 20:49:28.425945 -91 -70 -82 -79 -88 
2016-05-19 20:49:28.673981 -88 -69 -78 -81 -86 
2016-05-19 20:49:33.327596 -89 -68 -80 -77 -86 
2016-05-19 20:49:33.528612 -83 -65 -84 -79 -89 
2016-05-19 20:49:33.769651 -80 -65 -83 -81 -92 
2016-05-19 20:49:33.974675 -81 -67 -85 -78 -84 
2016-05-19 20:49:34.192701 -87 -67 -83 -78 -86 
2016-05-19 20:49:34.404731 -85 -66 -88 -82 -86 
2016-05-19 20:49:34.513742 -82 -70 -88 -79 -85 
2016-05-19 20:49:34.984806 -84 -67 -84 -82 -88 
2016-05-19 20:49:35.189834 -88 -64 -83 -89 -85 
2016-05-19 20:49:35.497870 -86 -65 -86 -83 -84 
2016-05-19 20:49:35.604902 -84 -70 -82 -75 -83 
2016-05-19 20:49:35.711912 -80 -63 -84 -78 -88 
2016-05-19 20:49:35.913924 -83 -65 -82 -81 -84 
2016-05-19 20:49:36.018937 -83 -68 -81 -82 -88 
2016-05-19 20:49:36.227965 -81 -69 -82 -81 -85 
2016-05-19 20:49:36.496003 -86 -64 -83 -78 -90 
2016-05-19 20:49:36.747033 -82 -65 -80 -76 -86 
2016-05-19 20:49:36.955063 -78 -65 -81 -81 -86 
2016-05-19 20:49:37.164087 -78 -67 -82 -79 -84 
2016-05-19 20:49:37.679154 -82 -65 -85 -77 -84 
2016-05-19 20:49:38.068208 -77 -66 -83 -80 -84 
2016-05-19 20:49:38.169218 -84 -67 -80 -75 -84 
2016-05-19 20:49:38.403249 -77 -67 -91 -79 -88 
2016-05-19 20:49:38.612278 -81 -65 -80 -81 -89 
2016-05-19 20:49:38.820308 -85 -65 -86 -78 -85 
2016-05-19 20:49:39.014329 -86 -68 -79 -76 -91 
2016-05-19 20:49:39.115346 -86 -70 -79 -81 -84 
2016-05-19 20:49:39.222357 -86 -63 -81 -76 -89 
2016-05-19 20:49:39.329369 -78 -70 -84 -81 -89 
2016-05-19 20:49:39.543397 -80 -66 -82 -82 -90 
2016-05-19 20:49:39.869440 -82 -67 -82 -82 -87 
2016-05-19 20:49:40.077466 -81 -65 -86 -81 -86 
2016-05-19 20:49:40.292495 -80 -65 -83 -81 -88 
2016-05-19 20:49:40.501525 -82 -66 -83 -81 -87 
2016-05-19 20:49:40.640544 -82 -64 -79 -82 -88 
2016-05-19 20:49:40.827565 -78 -68 -79 -80 -86 
2016-05-19 20:49:40.931575 -85 -68 -84 -79 -87 
2016-05-19 20:49:41.022590 -84 -64 -76 -75 -85 
2016-05-19 20:49:41.172610 -81 -68 -76 -79 -87 
2016-05-19 20:49:41.274623 -78 -64 -86 -82 -85 
2016-05-19 20:49:41.383637 -86 -72 -76 -78 -87 
2016-05-19 20:49:41.549659 -79 -66 -83 -80 -87 
2016-05-19 20:49:41.657673 -89 -63 -81 -78 -85 
2016-05-19 20:49:41.757686 -86 -68 -80 -80 -86 
2016-05-19 20:49:41.956710 -78 -68 -80 -76 -85 
2016-05-19 20:49:42.406768 -89 -68 -77 -78 -85 
2016-05-19 20:49:42.509784 -79 -75 -78 -79 -84 
2016-05-19 20:49:42.693808 -88 -65 -79 -81 -84 
2016-05-19 20:49:42.821827 -89 -63 -79 -76 -84 
2016-05-19 20:49:43.024851 -78 -68 -79 -77 -85 
2016-05-19 20:49:43.125868 -85 -74 -79 -82 -84 
2016-05-19 20:49:43.227885 -78 -68 -80 -75 -90 
2016-05-19 20:49:43.640937 -81 -69 -79 -75 -86 
2016-05-19 20:49:43.761945 -79 -67 -78 -81 -87 
2016-05-19 20:49:43.970979 -84 -69 -78 -77 -87 
2016-05-19 20:49:44.141002 -81 -71 -77 -76 -88 
2016-05-19 20:49:44.478041 -80 -67 -78 -77 -83 
2016-05-19 20:49:44.685069 -81 -70 -76 -76 -85 
2016-05-19 20:49:44.997107 -81 -68 -77 -79 -86 
2016-05-19 20:49:45.101127 -78 -69 -78 -81 -85 
2016-05-19 20:49:45.232138 -84 -64 -79 -80 -86 
2016-05-19 20:49:45.436170 -87 -66 -76 -81 -84 
2016-05-19 20:49:45.640193 -85 -70 -80 -80 -87 
2016-05-19 20:49:45.745207 -77 -78 -75 -81 -84 
2016-05-19 20:49:45.939233 -85 -72 -75 -81 -84 
2016-05-19 20:49:46.045248 -87 -64 -80 -77 -90 
2016-05-19 20:49:46.352288 -87 -73 -75 -79 -84 
2016-05-19 20:49:46.587314 -80 -76 -77 -78 -85 
2016-05-19 20:49:46.692328 -87 -65 -79 -76 -86 
2016-05-19 20:49:46.795344 -80 -83 -76 -80 -84 
2016-05-19 20:49:47.219399 -81 -68 -77 -80 -86 
2016-05-19 20:49:47.329414 -90 -71 -77 -77 -83 
2016-05-19 20:49:47.512437 -81 -64 -80 -81 -84 
2016-05-19 20:49:47.634454 -79 -76 -76 -81 -83 
2016-05-19 20:49:47.800476 -86 -64 -80 -80 -84 
2016-05-19 20:49:48.003503 -79 -73 -80 -82 -84 
2016-05-19 20:49:48.108516 -78 -76 -82 -81 -84 
2016-05-19 20:49:48.310542 -78 -70 -81 -81 -83 
2016-05-19 20:49:50.053780 -84 -67 -80 -80 -86 
2016-05-19 20:49:50.154819 -90 -78 -87 -78 -86 
2016-05-19 20:49:50.464828 -86 -83 -86 -81 -87 
2016-05-19 20:49:50.625846 -82 -81 -73 -92 -82 
2016-05-19 20:49:51.046904 -76 -75 -84 -83 -88 
2016-05-19 20:49:51.474957 -81 -74 -75 -79 -92 
2016-05-19 20:49:51.679983 -75 -73 -82 -81 -85 
2016-05-19 20:49:52.409079 -81 -65 -80 -85 -88 
2016-05-19 20:49:52.619114 -83 -76 -78 -76 -89 
2016-05-19 20:49:52.720119 -82 -80 -85 -84 -84 
2016-05-19 20:49:52.824169 -82 -77 -73 -80 -84 
2016-05-19 20:49:52.946194 -77 -72 -80 -86 -85 
2016-05-19 20:49:53.341200 -84 -69 -76 -77 -84 
2016-05-19 20:49:53.503219 -70 -66 -80 -78 -85 
2016-05-19 20:49:53.625263 -75 -73 -86 -78 -80 
2016-05-19 20:49:53.764255 -80 -79 -80 -76 -84 
2016-05-19 20:49:53.972305 -75 -73 -79 -78 -86 
2016-05-19 20:49:54.118316 -72 -68 -77 -83 -83 
2016-05-19 20:49:54.217327 -69 -80 -77 -78 -86 
2016-05-19 20:49:54.408342 -68 -69 -78 -79 -83 
2016-05-19 20:49:54.594365 -73 -75 -81 -88 -86 
2016-05-19 20:49:54.700379 -78 -72 -85 -88 -87 
2016-05-19 20:49:55.527490 -82 -77 -81 -88 -90 
2016-05-19 20:49:55.737518 -84 -77 -79 -80 -87 
2016-05-19 20:49:55.844610 -86 -75 -83 -82 -87 
2016-05-19 20:49:55.998548 -85 -77 -76 -82 -91 
2016-05-19 20:49:56.102565 -80 -81 -74 -80 -87 
2016-05-19 20:49:56.204598 -81 -77 -75 -84 -91 
2016-05-19 20:49:56.308596 -79 -74 -77 -81 -86 
2016-05-19 20:49:56.817659 -76 -80 -76 -82 -85 
2016-05-19 20:49:57.027687 -73 -76 -75 -78 -84 
2016-05-19 20:49:57.194703 -73 -75 -73 -77 -86 
2016-05-19 20:49:57.349737 -83 -75 -78 -77 -89 
2016-05-19 20:49:57.515747 -76 -80 -76 -80 -85 
2016-05-19 20:49:57.623770 -73 -74 -80 -78 -83 
2016-05-19 20:49:57.807789 -73 -74 -75 -77 -86 
2016-05-19 20:49:57.978810 -79 -75 -79 -83 -84 
2016-05-19 20:49:58.250890 -77 -76 -72 -80 -84 
2016-05-19 20:49:58.393860 -87 -80 -75 -75 -87 
2016-05-19 20:49:58.500874 -77 -74 -83 -85 -92 
2016-05-19 20:49:58.709902 -76 -76 -78 -86 -85 
2016-05-19 20:49:59.079950 -76 -82 -77 -80 -86 
2016-05-19 20:49:59.220969 -78 -78 -72 -75 -83 
2016-05-19 20:49:59.437005 -78 -78 -80 -76 -86 
2016-05-19 20:49:59.544024 -75 -82 -72 -75 -83 
2016-05-19 20:49:59.688033 -77 -74 -80 -82 -89 
2016-05-19 20:49:59.814044 -78 -78 -72 -75 -88 
2016-05-19 20:49:59.919069 -79 -81 -82 -75 -89 
2016-05-19 20:50:00.106085 -79 -81 -81 -75 -84 
2016-05-19 20:50:00.391129 -78 -78 -73 -82 -83 
2016-05-19 20:50:00.499160 -78 -83 -85 -76 -89 
2016-05-19 20:50:00.708171 -79 -82 -86 -81 -89 
2016-05-19 20:50:01.126227 -79 -79 -87 -78 -82 
2016-05-19 20:50:01.332253 -80 -80 -86 -76 -90 
2016-05-19 20:50:01.538276 -77 -81 -77 -85 -91 
2016-05-19 20:50:01.707340 -78 -81 -86 -75 -91 
2016-05-19 20:50:01.911320 -78 -81 -80 -81 -83 
2016-05-19 20:50:02.053342 -77 -79 -88 -76 -90 
2016-05-19 20:50:02.155352 -78 -81 -72 -86 -93 
2016-05-19 20:50:02.539399 -79 -77 -75 -79 -82 
2016-05-19 20:50:02.754473 -79 -81 -75 -75 -90 
2016-05-19 20:50:02.962499 -81 -82 -77 -76 -90 
2016-05-19 20:50:03.169486 -80 -80 -77 -80 -82 
2016-05-19 20:50:03.383533 -77 -83 -74 -80 -89 
2016-05-19 20:50:03.586539 -78 -82 -74 -77 -82 
2016-05-19 20:50:03.800567 -78 -80 -81 -78 -83 
2016-05-19 20:50:04.218625 -77 -80 -76 -79 -84 
2016-05-19 20:50:04.633680 -78 -77 -75 -78 -84 
2016-05-19 20:50:04.937757 -78 -81 -77 -76 -84 
2016-05-19 20:50:05.143763 -78 -79 -78 -75 -83 
2016-05-19 20:50:05.459781 -76 -79 -79 -78 -91 
2016-05-19 20:50:05.559794 -79 -83 -71 -76 -88 
2016-05-19 20:50:05.664816 -79 -77 -90 -81 -90 
2016-05-19 20:50:05.972850 -78 -79 -77 -78 -88 
2016-05-19 20:50:06.164873 -78 -78 -75 -76 -84 
2016-05-19 20:50:06.269886 -77 -81 -89 -76 -87 
2016-05-19 20:50:06.437910 -80 -79 -88 -76 -86 
2016-05-19 20:50:06.574935 -80 -77 -72 -81 -84 
2016-05-19 20:50:06.682954 -77 -82 -79 -76 -87 
2016-05-19 20:50:06.811960 -80 -79 -71 -78 -88 
2016-05-19 20:50:07.129998 -79 -77 -87 -78 -83 
2016-05-19 20:50:07.237026 -77 -78 -71 -76 -86 
2016-05-19 20:50:07.406038 -77 -77 -80 -82 -89 
2016-05-19 20:50:07.513076 -77 -78 -89 -76 -86 
2016-05-19 20:50:07.725083 -78 -79 -88 -79 -90 
2016-05-19 20:50:07.829124 -77 -78 -71 -83 -89 
2016-05-19 20:50:07.937117 -78 -78 -87 -76 -85 
2016-05-19 20:50:08.144147 -77 -78 -79 -80 -82 
2016-05-19 20:50:08.329214 -78 -77 -85 -81 -82 
2016-05-19 20:50:08.528184 -77 -76 -78 -86 -81 
2016-05-19 20:50:08.634236 -80 -80 -85 -86 -81 
2016-05-19 20:50:08.738212 -78 -77 -78 -79 -88 
2016-05-19 20:50:08.877240 -78 -79 -81 -85 -85 
2016-05-19 20:50:09.065251 -80 -78 -78 -81 -86 
2016-05-19 20:50:09.176283 -78 -76 -71 -78 -81 
2016-05-19 20:50:09.277281 -77 -80 -79 -83 -86 
2016-05-19 20:50:09.429307 -78 -77 -71 -80 -86 
2016-05-19 20:50:09.530316 -77 -76 -79 -77 -82 
2016-05-19 20:50:09.631349 -79 -78 -86 -81 -86 
2016-05-19 20:50:09.903393 -77 -76 -79 -78 -82 
2016-05-19 20:50:10.007406 -77 -81 -86 -76 -83 
2016-05-19 20:50:10.114397 -78 -75 -79 -82 -89 
2016-05-19 20:50:10.305432 -78 -75 -72 -74 -84 
2016-05-19 20:50:10.414475 -77 -78 -79 -76 -84 
2016-05-19 20:50:10.574455 -78 -75 -82 -81 -84 
2016-05-19 20:50:10.790480 -78 -76 -76 -78 -83 
2016-05-19 20:50:10.979535 -81 -77 -76 -82 -87 
2016-05-19 20:50:11.076524 -77 -79 -81 -77 -88 
2016-05-19 20:50:11.185576 -80 -77 -72 -83 -83 
2016-05-19 20:50:11.502612 -79 -77 -80 -76 -86 
2016-05-19 20:50:11.607586 -75 -78 -71 -76 -88 
2016-05-19 20:50:11.748666 -78 -77 -80 -77 -83 
2016-05-19 20:50:12.171708 -78 -76 -76 -83 -91 
2016-05-19 20:50:12.508701 -82 -87 -76 -77 -88 
2016-05-19 20:50:12.608724 -81 -75 -80 -76 -86 
2016-05-19 20:50:12.715740 -80 -84 -80 -87 -90 
2016-05-19 20:50:12.823742 -79 -75 -78 -76 -84 
2016-05-19 20:50:13.102793 -78 -79 -80 -81 -89 
2016-05-19 20:50:13.246809 -78 -77 -86 -80 -87 
2016-05-19 20:50:13.348824 -82 -89 -75 -82 -90 
2016-05-19 20:50:13.545924 -79 -83 -83 -79 -92 
2016-05-19 20:50:13.739866 -78 -78 -78 -83 -91 
2016-05-19 20:50:14.684988 -79 -77 -78 -81 -85 
2016-05-19 20:50:14.839066 -77 -76 -84 -82 -86 
2016-05-19 20:50:15.006029 -81 -82 -81 -79 -86 
2016-05-19 20:50:15.150072 -80 -77 -89 -86 -83 
1524
