2016-05-19 22:25:31.804178 -58 -77 -86 -75 -75 
2016-05-19 22:25:32.015206 -58 -78 -84 -72 -70 
2016-05-19 22:25:32.189238 -59 -79 -83 -71 -66 
2016-05-19 22:25:32.395266 -61 -83 -81 -81 -67 
2016-05-19 22:25:32.605276 -63 -76 -81 -76 -67 
2016-05-19 22:25:32.707287 -62 -77 -85 -72 -75 
2016-05-19 22:25:32.913316 -60 -77 -77 -72 -74 
2016-05-19 22:25:33.022327 -64 -84 -85 -78 -71 
2016-05-19 22:25:33.221360 -63 -82 -85 -82 -69 
2016-05-19 22:25:33.323369 -62 -71 -83 -79 -74 
2016-05-19 22:25:33.485389 -73 -86 -87 -77 -75 
2016-05-19 22:25:33.635410 -66 -76 -70 -74 -68 
2016-05-19 22:25:33.850438 -65 -75 -92 -79 -73 
2016-05-19 22:25:34.266496 -74 -78 -80 -80 -70 
2016-05-19 22:25:34.463518 -67 -78 -80 -81 -73 
2016-05-19 22:25:34.595534 -68 -87 -80 -79 -76 
2016-05-19 22:25:34.745554 -68 -77 -83 -77 -68 
2016-05-19 22:25:34.955582 -72 -81 -86 -80 -72 
2016-05-19 22:25:35.106605 -59 -84 -75 -78 -69 
2016-05-19 22:25:35.316633 -73 -81 -75 -77 -83 
2016-05-19 22:25:35.586668 -75 -80 -80 -70 -77 
2016-05-19 22:25:35.794691 -69 -74 -79 -77 -70 
2016-05-19 22:25:35.941715 -76 -73 -81 -75 -71 
2016-05-19 22:25:36.150738 -70 -79 -79 -77 -70 
2016-05-19 22:25:36.301761 -72 -79 -86 -79 -77 
2016-05-19 22:25:36.511788 -80 -78 -82 -77 -73 
2016-05-19 22:25:36.989848 -71 -75 -81 -80 -73 
2016-05-19 22:25:37.206880 -71 -76 -79 -80 -78 
2016-05-19 22:25:37.413904 -66 -73 -79 -78 -78 
2016-05-19 22:25:37.594926 -67 -73 -83 -77 -66 
2016-05-19 22:25:37.802951 -70 -73 -81 -78 -77 
2016-05-19 22:25:37.911972 -69 -78 -88 -75 -78 
2016-05-19 22:25:38.159008 -70 -78 -78 -75 -73 
2016-05-19 22:25:38.318018 -70 -77 -91 -78 -78 
2016-05-19 22:25:38.519052 -77 -79 -81 -77 -72 
2016-05-19 22:25:38.781082 -72 -77 -81 -75 -78 
2016-05-19 22:25:38.884096 -74 -74 -85 -75 -77 
2016-05-19 22:25:39.097128 -65 -76 -78 -76 -79 
2016-05-19 22:25:39.421167 -72 -79 -82 -78 -78 
2016-05-19 22:25:39.840220 -71 -78 -81 -78 -72 
2016-05-19 22:25:40.050248 -70 -75 -79 -79 -83 
2016-05-19 22:25:40.155262 -60 -76 -86 -85 -72 
2016-05-19 22:25:40.261275 -73 -86 -79 -75 -77 
2016-05-19 22:25:40.442302 -70 -80 -85 -75 -76 
2016-05-19 22:25:40.653324 -63 -74 -87 -73 -71 
2016-05-19 22:25:41.115386 -80 -77 -87 -75 -77 
2016-05-19 22:25:41.317417 -67 -81 -82 -79 -72 
2016-05-19 22:25:41.526441 -66 -78 -84 -78 -72 
2016-05-19 22:25:41.632458 -66 -72 -82 -78 -76 
2016-05-19 22:25:41.788473 -63 -78 -89 -77 -69 
2016-05-19 22:25:42.046509 -65 -73 -86 -71 -69 
2016-05-19 22:25:42.357592 -65 -77 -79 -81 -68 
2016-05-19 22:25:42.519573 -69 -83 -88 -73 -65 
2016-05-19 22:25:42.936626 -63 -75 -82 -75 -70 
2016-05-19 22:25:43.045640 -64 -81 -82 -79 -68 
2016-05-19 22:25:43.252670 -65 -84 -81 -74 -63 
2016-05-19 22:25:43.366682 -63 -83 -83 -76 -73 
2016-05-19 22:25:43.536703 -65 -76 -77 -76 -68 
2016-05-19 22:25:43.723727 -63 -78 -81 -76 -68 
2016-05-19 22:25:44.036768 -62 -76 -82 -73 -70 
2016-05-19 22:25:44.137785 -60 -81 -78 -88 -60 
2016-05-19 22:25:44.340808 -65 -78 -80 -75 -68 
2016-05-19 22:25:44.556838 -63 -77 -78 -72 -65 
2016-05-19 22:25:44.774865 -64 -79 -82 -72 -66 
2016-05-19 22:25:44.876883 -70 -73 -87 -78 -66 
2016-05-19 22:25:44.983890 -64 -78 -78 -78 -65 
2016-05-19 22:25:45.087911 -68 -79 -85 -84 -64 
2016-05-19 22:25:45.273928 -66 -78 -80 -71 -64 
2016-05-19 22:25:45.455955 -70 -82 -86 -76 -70 
2016-05-19 22:25:45.660981 -70 -81 -79 -74 -69 
2016-05-19 22:25:45.769006 -70 -70 -78 -80 -79 
2016-05-19 22:25:45.973026 -68 -79 -83 -75 -65 
2016-05-19 22:25:46.153050 -76 -79 -79 -69 -66 
2016-05-19 22:25:46.366099 -67 -77 -84 -85 -66 
2016-05-19 22:25:46.470087 -71 -81 -79 -79 -75 
2016-05-19 22:25:46.854134 -68 -84 -76 -75 -61 
2016-05-19 22:25:46.961160 -70 -87 -80 -76 -62 
2016-05-19 22:25:47.106169 -72 -86 -78 -83 -70 
2016-05-19 22:25:47.428215 -71 -81 -82 -80 -64 
2016-05-19 22:25:47.684243 -73 -83 -76 -75 -64 
2016-05-19 22:25:47.842279 -70 -76 -78 -80 -63 
2016-05-19 22:25:48.060294 -70 -85 -78 -83 -66 
2016-05-19 22:25:48.421342 -69 -82 -77 -82 -67 
2016-05-19 22:25:48.575363 -68 -86 -84 -73 -73 
2016-05-19 22:25:49.413484 -73 -80 -85 -75 -63 
2016-05-19 22:25:49.618511 -78 -82 -84 -71 -61 
2016-05-19 22:25:49.780527 -74 -83 -85 -77 -63 
2016-05-19 22:25:49.886541 -76 -80 -86 -81 -62 
2016-05-19 22:25:50.034563 -71 -87 -84 -77 -63 
2016-05-19 22:25:50.138578 -75 -84 -83 -84 -59 
2016-05-19 22:25:50.246588 -71 -86 -86 -76 -63 
2016-05-19 22:25:50.408614 -81 -80 -84 -77 -62 
2016-05-19 22:25:50.616636 -79 -84 -85 -75 -62 
2016-05-19 22:25:50.776656 -76 -82 -85 -82 -64 
2016-05-19 22:25:50.880670 -75 -83 -84 -69 -62 
2016-05-19 22:25:51.034681 -75 -80 -85 -80 -61 
2016-05-19 22:25:51.152698 -78 -86 -80 -80 -62 
2016-05-19 22:25:51.256713 -76 -87 -87 -70 -59 
2016-05-19 22:25:51.792782 -75 -85 -81 -71 -62 
2016-05-19 22:25:51.964809 -73 -84 -82 -86 -62 
2016-05-19 22:25:52.138836 -69 -82 -81 -74 -62 
2016-05-19 22:25:52.380859 -83 -81 -79 -73 -62 
2016-05-19 22:25:52.484869 -68 -86 -89 -73 -64 
2016-05-19 22:25:52.692899 -67 -83 -84 -77 -66 
2016-05-19 22:25:52.792913 -72 -79 -82 -79 -63 
2016-05-19 22:25:52.895926 -71 -79 -86 -77 -67 
2016-05-19 22:25:53.114952 -73 -82 -83 -73 -59 
2016-05-19 22:25:53.259971 -71 -78 -80 -75 -64 
2016-05-19 22:25:53.479012 -74 -83 -83 -81 -64 
2016-05-19 22:25:53.609026 -69 -79 -83 -80 -67 
2016-05-19 22:25:53.792043 -78 -74 -88 -77 -61 
2016-05-19 22:25:54.001081 -78 -75 -84 -77 -60 
2016-05-19 22:25:54.220097 -68 -80 -80 -78 -68 
2016-05-19 22:25:54.343115 -68 -87 -87 -75 -64 
2016-05-19 22:25:54.577153 -70 -82 -86 -80 -64 
2016-05-19 22:25:54.694173 -68 -76 -75 -74 -69 
2016-05-19 22:25:54.800180 -71 -85 -84 -85 -70 
2016-05-19 22:25:55.072217 -68 -81 -80 -82 -68 
2016-05-19 22:25:55.278244 -68 -82 -85 -81 -66 
2016-05-19 22:25:55.807314 -73 -83 -84 -78 -64 
2016-05-19 22:25:56.256373 -66 -78 -82 -81 -66 
2016-05-19 22:25:56.452409 -71 -82 -81 -82 -63 
2016-05-19 22:25:56.553411 -72 -76 -86 -80 -68 
2016-05-19 22:25:56.660424 -68 -83 -86 -81 -61 
2016-05-19 22:25:56.956464 -71 -74 -81 -78 -68 
2016-05-19 22:25:57.217499 -66 -80 -82 -75 -69 
2016-05-19 22:25:57.481525 -68 -87 -85 -76 -67 
2016-05-19 22:25:57.584543 -76 -72 -80 -76 -62 
2016-05-19 22:25:57.795563 -70 -78 -86 -84 -65 
2016-05-19 22:25:58.006593 -73 -80 -77 -77 -71 
2016-05-19 22:25:58.274632 -73 -74 -84 -77 -75 
2016-05-19 22:25:58.445648 -63 -79 -76 -79 -70 
2016-05-19 22:25:58.965716 -73 -76 -81 -76 -70 
2016-05-19 22:25:59.375777 -67 -75 -80 -81 -70 
2016-05-19 22:25:59.579812 -79 -79 -79 -74 -71 
2016-05-19 22:25:59.685817 -68 -78 -89 -74 -78 
2016-05-19 22:25:59.790831 -82 -84 -89 -76 -66 
2016-05-19 22:26:00.001861 -71 -79 -77 -70 -77 
2016-05-19 22:26:00.208888 -72 -77 -83 -81 -77 
2016-05-19 22:26:00.312902 -71 -74 -81 -82 -76 
2016-05-19 22:26:00.649952 -69 -79 -83 -75 -70 
2016-05-19 22:26:00.750956 -64 -81 -81 -72 -68 
2016-05-19 22:26:00.856973 -68 -88 -81 -75 -77 
2016-05-19 22:26:00.963988 -73 -74 -75 -82 -69 
2016-05-19 22:26:01.172014 -71 -80 -78 -77 -68 
2016-05-19 22:26:01.311048 -63 -80 -79 -77 -68 
2016-05-19 22:26:01.417047 -65 -83 -79 -81 -69 
2016-05-19 22:26:01.624074 -63 -77 -80 -78 -74 
2016-05-19 22:26:01.936111 -70 -76 -83 -79 -72 
2016-05-19 22:26:02.346177 -73 -79 -83 -80 -65 
2016-05-19 22:26:02.763224 -74 -78 -83 -79 -73 
2016-05-19 22:26:02.978250 -77 -77 -84 -80 -70 
2016-05-19 22:26:03.084265 -76 -78 -85 -81 -74 
2016-05-19 22:26:03.241282 -73 -82 -86 -80 -67 
2016-05-19 22:26:03.403307 -79 -81 -84 -79 -68 
2016-05-19 22:26:03.553347 -78 -80 -82 -80 -71 
2016-05-19 22:26:03.971379 -77 -75 -85 -91 -68 
2016-05-19 22:26:04.170403 -81 -75 -84 -84 -68 
2016-05-19 22:26:04.275416 -73 -78 -82 -87 -69 
159
