2016-05-19 22:49:19.915796 -63 -62 -67 -66 -59 
2016-05-19 22:49:20.015811 -65 -65 -69 -62 -55 
2016-05-19 22:49:20.324850 -63 -62 -66 -62 -56 
2016-05-19 22:49:20.535901 -67 -63 -67 -65 -55 
2016-05-19 22:49:20.738899 -68 -66 -72 -67 -65 
2016-05-19 22:49:20.889048 -69 -74 -79 -65 -52 
2016-05-19 22:49:21.058939 -64 -70 -71 -68 -55 
2016-05-19 22:49:21.172953 -59 -62 -78 -70 -58 
2016-05-19 22:49:21.338975 -67 -69 -70 -80 -62 
2016-05-19 22:49:21.694023 -67 -64 -78 -67 -62 
2016-05-19 22:49:21.798034 -74 -63 -78 -65 -50 
2016-05-19 22:49:22.113205 -63 -70 -76 -62 -66 
2016-05-19 22:49:22.220091 -64 -70 -75 -70 -60 
2016-05-19 22:49:22.328104 -74 -67 -82 -68 -57 
2016-05-19 22:49:22.540132 -59 -62 -73 -72 -51 
2016-05-19 22:49:23.275227 -66 -77 -73 -67 -55 
2016-05-19 22:49:23.378245 -68 -70 -74 -63 -52 
2016-05-19 22:49:23.585397 -71 -60 -73 -70 -54 
2016-05-19 22:49:23.695283 -61 -69 -83 -75 -64 
2016-05-19 22:49:23.796343 -70 -72 -70 -67 -65 
2016-05-19 22:49:23.902311 -71 -70 -71 -66 -51 
2016-05-19 22:49:24.008328 -75 -69 -76 -63 -55 
2016-05-19 22:49:24.114335 -70 -69 -83 -71 -51 
2016-05-19 22:49:24.425516 -71 -67 -79 -77 -55 
2016-05-19 22:49:24.529397 -72 -62 -75 -82 -57 
2016-05-19 22:49:24.837432 -73 -63 -78 -78 -56 
2016-05-19 22:49:25.045459 -69 -65 -79 -72 -63 
2016-05-19 22:49:25.168478 -74 -65 -75 -75 -55 
2016-05-19 22:49:25.275489 -72 -65 -81 -76 -57 
2016-05-19 22:49:25.382503 -67 -65 -77 -72 -59 
2016-05-19 22:49:25.569668 -73 -63 -70 -72 -57 
2016-05-19 22:49:25.706546 -72 -64 -81 -70 -59 
2016-05-19 22:49:25.806559 -71 -63 -80 -72 -67 
2016-05-19 22:49:25.916573 -66 -64 -81 -68 -57 
2016-05-19 22:49:26.019594 -70 -66 -81 -77 -55 
2016-05-19 22:49:26.232613 -67 -67 -78 -72 -55 
2016-05-19 22:49:26.339630 -68 -67 -85 -66 -62 
2016-05-19 22:49:26.507649 -71 -65 -83 -74 -54 
2016-05-19 22:49:26.712676 -72 -66 -75 -66 -54 
2016-05-19 22:49:26.859698 -72 -69 -77 -75 -51 
2016-05-19 22:49:27.071728 -66 -65 -78 -75 -53 
2016-05-19 22:49:27.172736 -68 -64 -80 -67 -55 
2016-05-19 22:49:27.279751 -72 -65 -77 -75 -63 
2016-05-19 22:49:27.491779 -70 -68 -79 -72 -53 
2016-05-19 22:49:27.670802 -68 -69 -75 -67 -59 
2016-05-19 22:49:27.877829 -68 -69 -75 -66 -53 
2016-05-19 22:49:27.984841 -72 -66 -76 -71 -51 
2016-05-19 22:49:28.084853 -72 -67 -77 -67 -56 
2016-05-19 22:49:28.189867 -72 -66 -79 -67 -51 
2016-05-19 22:49:28.316886 -67 -67 -76 -68 -62 
2016-05-19 22:49:28.519914 -71 -67 -75 -68 -54 
2016-05-19 22:49:28.621926 -69 -69 -75 -66 -49 
2016-05-19 22:49:28.928963 -67 -68 -74 -66 -55 
2016-05-19 22:49:29.033977 -69 -68 -79 -69 -51 
2016-05-19 22:49:29.138991 -68 -65 -75 -70 -58 
2016-05-19 22:49:29.242136 -69 -67 -74 -70 -52 
2016-05-19 22:49:29.343025 -83 -66 -74 -66 -58 
2016-05-19 22:49:29.453050 -68 -69 -73 -70 -51 
2016-05-19 22:49:29.559055 -68 -67 -73 -64 -58 
2016-05-19 22:49:29.720099 -69 -67 -72 -67 -58 
2016-05-19 22:49:29.873091 -74 -70 -72 -69 -59 
2016-05-19 22:49:30.044112 -78 -66 -73 -66 -59 
2016-05-19 22:49:30.240137 -74 -63 -73 -67 -51 
2016-05-19 22:49:30.374155 -69 -67 -79 -69 -59 
2016-05-19 22:49:30.581182 -74 -67 -79 -69 -58 
2016-05-19 22:49:30.792209 -68 -68 -79 -67 -54 
2016-05-19 22:49:31.119253 -69 -67 -75 -69 -53 
2016-05-19 22:49:31.224266 -67 -66 -78 -71 -59 
2016-05-19 22:49:31.330408 -82 -68 -75 -69 -51 
2016-05-19 22:49:31.434294 -68 -65 -73 -71 -59 
2016-05-19 22:49:31.538309 -77 -68 -75 -71 -50 
2016-05-19 22:49:31.719330 -67 -66 -77 -73 -54 
2016-05-19 22:49:31.915357 -71 -65 -73 -71 -63 
2016-05-19 22:49:32.020371 -74 -65 -78 -74 -58 
2016-05-19 22:49:32.126384 -67 -67 -81 -75 -62 
2016-05-19 22:49:32.244399 -73 -66 -78 -72 -52 
2016-05-19 22:49:32.460427 -67 -65 -71 -68 -57 
2016-05-19 22:49:32.700459 -72 -66 -76 -73 -58 
2016-05-19 22:49:32.902485 -67 -66 -76 -73 -59 
2016-05-19 22:49:33.004499 -71 -67 -77 -71 -58 
2016-05-19 22:49:33.161519 -70 -67 -73 -72 -53 
2016-05-19 22:49:33.476564 -71 -65 -76 -71 -61 
2016-05-19 22:49:33.575573 -68 -65 -76 -70 -51 
2016-05-19 22:49:33.777599 -72 -67 -78 -70 -51 
2016-05-19 22:49:33.884614 -79 -64 -74 -70 -57 
2016-05-19 22:49:33.988628 -67 -67 -76 -70 -52 
2016-05-19 22:49:34.138779 -77 -63 -75 -76 -59 
2016-05-19 22:49:34.258663 -71 -64 -76 -74 -58 
2016-05-19 22:49:34.379684 -75 -65 -80 -82 -55 
2016-05-19 22:49:34.488693 -70 -65 -82 -78 -57 
2016-05-19 22:49:34.682846 -77 -69 -77 -77 -61 
2016-05-19 22:49:34.783731 -70 -67 -77 -67 -55 
2016-05-19 22:49:34.906876 -76 -74 -70 -62 -57 
2016-05-19 22:49:35.020763 -66 -69 -75 -68 -64 
2016-05-19 22:49:35.127776 -68 -70 -77 -58 -61 
2016-05-19 22:49:35.232789 -64 -71 -75 -59 -67 
2016-05-19 22:49:35.397811 -60 -66 -69 -60 -69 
2016-05-19 22:49:35.507825 -64 -71 -77 -62 -68 
2016-05-19 22:49:35.620840 -58 -71 -78 -67 -77 
2016-05-19 22:49:35.723854 -61 -68 -70 -60 -59 
2016-05-19 22:49:36.144909 -68 -71 -76 -67 -63 
2016-05-19 22:49:36.248923 -63 -66 -78 -70 -67 
2016-05-19 22:49:36.373967 -57 -80 -68 -71 -61 
2016-05-19 22:49:36.578967 -58 -69 -70 -65 -67 
2016-05-19 22:49:36.767990 -63 -82 -75 -67 -78 
2016-05-19 22:49:36.869004 -77 -76 -72 -70 -62 
2016-05-19 22:49:37.201047 -62 -73 -77 -67 -64 
2016-05-19 22:49:37.405074 -68 -67 -74 -67 -58 
2016-05-19 22:49:37.721114 -72 -77 -68 -67 -62 
2016-05-19 22:49:37.827257 -65 -68 -65 -73 -55 
2016-05-19 22:49:37.938142 -64 -83 -75 -72 -56 
2016-05-19 22:49:38.111165 -55 -72 -71 -75 -57 
2016-05-19 22:49:38.216180 -66 -87 -80 -67 -58 
2016-05-19 22:49:38.320194 -56 -68 -72 -69 -48 
2016-05-19 22:49:38.470213 -60 -74 -75 -74 -57 
2016-05-19 22:49:38.634235 -60 -78 -73 -71 -51 
2016-05-19 22:49:38.743248 -54 -75 -76 -76 -53 
2016-05-19 22:49:38.963406 -55 -71 -77 -71 -57 
2016-05-19 22:49:39.104312 -71 -72 -75 -69 -66 
2016-05-19 22:49:39.212323 -65 -71 -85 -68 -66 
2016-05-19 22:49:39.409336 -73 -73 -80 -79 -64 
2016-05-19 22:49:39.612361 -68 -76 -79 -80 -63 
2016-05-19 22:49:39.799387 -68 -76 -81 -80 -63 
2016-05-19 22:49:39.900399 -79 -75 -79 -71 -65 
2016-05-19 22:49:40.033425 -70 -70 -79 -76 -63 
2016-05-19 22:49:40.224442 -70 -71 -77 -83 -69 
2016-05-19 22:49:40.416467 -72 -81 -81 -77 -65 
2016-05-19 22:49:40.751512 -70 -73 -79 -74 -62 
2016-05-19 22:49:40.960538 -67 -77 -77 -77 -60 
2016-05-19 22:49:41.068567 -67 -70 -74 -76 -62 
2016-05-19 22:49:41.172572 -72 -71 -79 -74 -62 
2016-05-19 22:49:41.388617 -64 -74 -77 -75 -62 
2016-05-19 22:49:41.583623 -74 -74 -76 -74 -60 
2016-05-19 22:49:41.694631 -62 -81 -77 -77 -61 
2016-05-19 22:49:41.799648 -64 -68 -80 -77 -60 
2016-05-19 22:49:41.905661 -63 -81 -82 -76 -63 
2016-05-19 22:49:42.010674 -68 -79 -82 -78 -59 
2016-05-19 22:49:42.119721 -77 -76 -79 -74 -62 
2016-05-19 22:49:42.434728 -64 -79 -75 -79 -59 
2016-05-19 22:49:42.542744 -73 -73 -76 -76 -62 
2016-05-19 22:49:42.667889 -69 -67 -78 -79 -63 
2016-05-19 22:49:42.770774 -63 -74 -77 -77 -62 
2016-05-19 22:49:42.872788 -66 -67 -81 -76 -63 
2016-05-19 22:49:42.981801 -63 -74 -77 -79 -69 
2016-05-19 22:49:43.175843 -74 -72 -79 -83 -64 
2016-05-19 22:49:43.393859 -70 -74 -79 -82 -70 
2016-05-19 22:49:43.594879 -66 -73 -78 -82 -61 
2016-05-19 22:49:43.703900 -63 -75 -83 -75 -65 
2016-05-19 22:49:43.881920 -63 -70 -80 -80 -60 
2016-05-19 22:49:43.988061 -66 -73 -79 -82 -62 
2016-05-19 22:49:44.094944 -63 -72 -79 -82 -59 
2016-05-19 22:49:44.196960 -81 -72 -80 -78 -60 
2016-05-19 22:49:44.237991 -72 -80 -78 -82 -63 
2016-05-19 22:49:44.341980 -68 -81 -77 -78 -62 
2016-05-19 22:49:44.452993 -62 -69 -78 -87 -62 
2016-05-19 22:49:44.752034 -71 -80 -78 -81 -61 
2016-05-19 22:49:44.856047 -72 -83 -76 -76 -60 
2016-05-19 22:49:45.284231 -70 -72 -77 -76 -59 
2016-05-19 22:49:45.493149 -73 -71 -79 -77 -61 
2016-05-19 22:49:45.921188 -70 -83 -78 -77 -59 
2016-05-19 22:49:46.137214 -63 -82 -78 -76 -62 
2016-05-19 22:49:46.335245 -69 -70 -79 -75 -64 
2016-05-19 22:49:46.753294 -66 -71 -78 -76 -62 
2016-05-19 22:49:46.968324 -69 -84 -78 -77 -62 
2016-05-19 22:49:47.171348 -65 -71 -77 -76 -61 
2016-05-19 22:49:47.280360 -64 -87 -77 -79 -63 
2016-05-19 22:49:47.383378 -72 -71 -79 -74 -63 
2016-05-19 22:49:47.593404 -72 -76 -77 -76 -61 
2016-05-19 22:49:47.714425 -63 -81 -76 -79 -63 
2016-05-19 22:49:47.918446 -68 -70 -79 -78 -63 
2016-05-19 22:49:48.235486 -70 -73 -75 -76 -62 
2016-05-19 22:49:48.446516 -63 -78 -77 -75 -64 
2016-05-19 22:49:48.554533 -74 -83 -78 -79 -64 
2016-05-19 22:49:48.758584 -65 -75 -78 -76 -64 
2016-05-19 22:49:49.066597 -67 -75 -78 -75 -64 
2016-05-19 22:49:49.171609 -68 -81 -77 -79 -64 
2016-05-19 22:49:49.282640 -64 -83 -78 -74 -58 
2016-05-19 22:49:49.496654 -69 -81 -78 -79 -64 
2016-05-19 22:49:49.601686 -76 -85 -78 -82 -58 
2016-05-19 22:49:49.912722 -77 -69 -78 -74 -61 
2016-05-19 22:49:50.122736 -67 -69 -77 -77 -63 
2016-05-19 22:49:50.232751 -75 -79 -79 -79 -63 
2016-05-19 22:49:50.339769 -75 -83 -79 -85 -58 
2016-05-19 22:49:50.844958 -65 -71 -78 -80 -60 
2016-05-19 22:49:50.949846 -68 -78 -82 -80 -62 
2016-05-19 22:49:51.055854 -63 -69 -81 -73 -58 
2016-05-19 22:49:51.155867 -70 -75 -74 -81 -61 
2016-05-19 22:49:51.309018 -61 -68 -73 -73 -61 
2016-05-19 22:49:51.475908 -66 -73 -80 -80 -59 
2016-05-19 22:49:51.583924 -74 -77 -80 -75 -61 
2016-05-19 22:49:51.795949 -60 -74 -81 -73 -58 
2016-05-19 22:49:51.989107 -60 -81 -76 -84 -57 
2016-05-19 22:49:52.204005 -69 -81 -77 -72 -57 
2016-05-19 22:49:52.512049 -66 -68 -77 -74 -59 
2016-05-19 22:49:52.620064 -61 -79 -73 -83 -61 
2016-05-19 22:49:52.724074 -68 -68 -80 -72 -60 
2016-05-19 22:49:52.829088 -73 -71 -73 -77 -62 
2016-05-19 22:49:52.940106 -61 -68 -80 -72 -59 
2016-05-19 22:49:53.042115 -73 -71 -80 -79 -61 
2016-05-19 22:49:53.152156 -61 -77 -80 -78 -59 
2016-05-19 22:49:53.255148 -72 -71 -80 -73 -61 
2016-05-19 22:49:53.363157 -62 -78 -79 -78 -59 
2016-05-19 22:49:53.470182 -69 -71 -81 -73 -61 
2016-05-19 22:49:53.579201 -72 -77 -80 -79 -59 
2016-05-19 22:49:53.687200 -62 -72 -81 -79 -60 
2016-05-19 22:49:53.893356 -69 -74 -80 -79 -59 
2016-05-19 22:49:54.000245 -73 -77 -79 -78 -59 
2016-05-19 22:49:54.113295 -62 -68 -80 -79 -60 
2016-05-19 22:49:54.431302 -71 -69 -76 -72 -59 
2016-05-19 22:49:54.536316 -63 -69 -81 -78 -59 
2016-05-19 22:49:54.643333 -71 -78 -73 -72 -60 
2016-05-19 22:49:54.857362 -71 -70 -79 -72 -59 
2016-05-19 22:49:55.060409 -75 -70 -79 -72 -59 
2016-05-19 22:49:55.164410 -62 -77 -74 -78 -61 
2016-05-19 22:49:55.266404 -74 -72 -79 -81 -59 
2016-05-19 22:49:55.395441 -68 -77 -73 -78 -59 
2016-05-19 22:49:55.602450 -68 -72 -76 -76 -59 
2016-05-19 22:49:55.708464 -62 -72 -79 -83 -60 
2016-05-19 22:49:55.819493 -72 -78 -74 -72 -61 
2016-05-19 22:49:55.923499 -62 -68 -79 -83 -59 
2016-05-19 22:49:56.029638 -73 -78 -74 -72 -61 
2016-05-19 22:49:56.139526 -71 -72 -74 -83 -59 
2016-05-19 22:49:56.347574 -71 -75 -81 -75 -61 
2016-05-19 22:49:56.537572 -61 -73 -78 -77 -62 
2016-05-19 22:49:56.644585 -75 -72 -81 -78 -60 
2016-05-19 22:49:56.747600 -61 -78 -79 -84 -62 
2016-05-19 22:49:56.855617 -75 -69 -81 -78 -60 
2016-05-19 22:49:56.962627 -62 -77 -74 -82 -61 
2016-05-19 22:49:57.077645 -75 -72 -79 -78 -61 
2016-05-19 22:49:57.177656 -62 -69 -80 -80 -61 
2016-05-19 22:49:57.280673 -75 -72 -74 -77 -60 
2016-05-19 22:49:57.598710 -75 -72 -81 -76 -60 
2016-05-19 22:49:57.811735 -70 -73 -81 -75 -59 
2016-05-19 22:49:57.997764 -70 -74 -73 -72 -60 
2016-05-19 22:49:58.101905 -62 -68 -81 -79 -60 
2016-05-19 22:49:58.230797 -73 -72 -81 -72 -59 
2016-05-19 22:49:58.337807 -62 -68 -73 -79 -60 
2016-05-19 22:49:58.441818 -70 -72 -81 -72 -60 
2016-05-19 22:49:58.552855 -62 -68 -79 -81 -60 
2016-05-19 22:49:58.728865 -62 -70 -81 -76 -59 
2016-05-19 22:49:58.937886 -73 -72 -80 -81 -59 
2016-05-19 22:49:59.045907 -67 -78 -80 -71 -59 
2016-05-19 22:49:59.155919 -62 -72 -74 -79 -60 
2016-05-19 22:49:59.263928 -73 -67 -81 -80 -60 
2016-05-19 22:49:59.374071 -62 -78 -74 -80 -59 
2016-05-19 22:49:59.481972 -73 -72 -80 -81 -60 
2016-05-19 22:49:59.585975 -70 -78 -74 -80 -60 
2016-05-19 22:49:59.690988 -74 -72 -80 -72 -60 
2016-05-19 22:49:59.811997 -63 -77 -80 -80 -59 
2016-05-19 22:49:59.913013 -74 -68 -80 -81 -60 
2016-05-19 22:50:00.019028 -62 -77 -80 -79 -60 
2016-05-19 22:50:00.209058 -69 -77 -81 -81 -59 
2016-05-19 22:50:00.313066 -75 -68 -79 -80 -60 
2016-05-19 22:50:00.511096 -75 -72 -77 -73 -60 
2016-05-19 22:50:00.820132 -68 -68 -79 -73 -59 
2016-05-19 22:50:00.922142 -62 -76 -80 -79 -60 
2016-05-19 22:50:01.135173 -75 -77 -80 -79 -60 
2016-05-19 22:50:01.246317 -70 -72 -79 -73 -59 
2016-05-19 22:50:01.350331 -75 -69 -80 -79 -60 
2016-05-19 22:50:01.483217 -70 -70 -74 -73 -59 
2016-05-19 22:50:01.690248 -62 -75 -74 -76 -59 
2016-05-19 22:50:01.799259 -75 -72 -80 -81 -60 
2016-05-19 22:50:01.905272 -63 -69 -74 -72 -59 
2016-05-19 22:50:02.010290 -75 -72 -80 -80 -60 
2016-05-19 22:50:02.188310 -63 -77 -74 -79 -59 
2016-05-19 22:50:02.294452 -71 -68 -79 -72 -60 
2016-05-19 22:50:02.727377 -69 -77 -75 -80 -60 
2016-05-19 22:50:02.918534 -72 -68 -79 -72 -61 
2016-05-19 22:50:03.164437 -69 -72 -74 -77 -60 
2016-05-19 22:50:03.339460 -74 -72 -81 -72 -61 
2016-05-19 22:50:03.443474 -63 -77 -74 -79 -62 
2016-05-19 22:50:03.550616 -73 -72 -79 -82 -61 
2016-05-19 22:50:03.658502 -75 -78 -81 -79 -62 
2016-05-19 22:50:03.790647 -73 -73 -76 -75 -62 
2016-05-19 22:50:03.989557 -63 -72 -80 -76 -61 
2016-05-19 22:50:04.192570 -69 -74 -79 -80 -61 
2016-05-19 22:50:04.300586 -75 -77 -81 -71 -59 
2016-05-19 22:50:04.406729 -63 -72 -79 -80 -61 
2016-05-19 22:50:04.518743 -75 -72 -81 -72 -61 
2016-05-19 22:50:04.725643 -71 -68 -80 -81 -59 
2016-05-19 22:50:04.933690 -67 -68 -81 -80 -60 
2016-05-19 22:50:05.143703 -68 -68 -77 -80 -60 
2016-05-19 22:50:05.438865 -71 -75 -80 -75 -60 
2016-05-19 22:50:05.649767 -70 -75 -77 -82 -62 
2016-05-19 22:50:05.754789 -62 -73 -80 -82 -61 
2016-05-19 22:50:05.889803 -74 -68 -81 -82 -59 
2016-05-19 22:50:05.993831 -62 -72 -73 -79 -60 
2016-05-19 22:50:06.210848 -69 -79 -74 -76 -62 
2016-05-19 22:50:06.405861 -67 -67 -74 -71 -61 
2016-05-19 22:50:06.585897 -71 -73 -81 -79 -59 
2016-05-19 22:50:06.690899 -75 -77 -76 -72 -61 
2016-05-19 22:50:06.817912 -63 -72 -74 -82 -60 
2016-05-19 22:50:06.937928 -77 -69 -79 -79 -60 
2016-05-19 22:50:07.131960 -69 -71 -79 -78 -59 
2016-05-19 22:50:07.231985 -62 -77 -80 -72 -61 
2016-05-19 22:50:07.349985 -75 -78 -78 -78 -59 
2016-05-19 22:50:07.457996 -62 -72 -74 -72 -61 
2016-05-19 22:50:07.560022 -73 -79 -79 -78 -60 
2016-05-19 22:50:07.875060 -64 -75 -73 -80 -59 
2016-05-19 22:50:07.981068 -71 -71 -80 -80 -59 
2016-05-19 22:50:08.174093 -73 -75 -79 -72 -59 
2016-05-19 22:50:08.384120 -70 -71 -81 -76 -59 
2016-05-19 22:50:08.487265 -75 -78 -73 -80 -60 
2016-05-19 22:50:08.597148 -62 -72 -79 -72 -59 
2016-05-19 22:50:08.702162 -75 -68 -73 -81 -60 
2016-05-19 22:50:09.008237 -70 -71 -80 -75 -59 
2016-05-19 22:50:09.130240 -62 -78 -73 -72 -60 
2016-05-19 22:50:09.236231 -76 -71 -81 -78 -59 
2016-05-19 22:50:09.339245 -71 -69 -79 -72 -60 
2016-05-19 22:50:09.548272 -70 -74 -73 -72 -59 
2016-05-19 22:50:09.653288 -78 -72 -79 -78 -59 
2016-05-19 22:50:09.756302 -62 -77 -80 -81 -60 
2016-05-19 22:50:10.051369 -78 -72 -79 -75 -59 
2016-05-19 22:50:10.161372 -63 -76 -72 -78 -60 
2016-05-19 22:50:10.329374 -71 -70 -73 -79 -59 
2016-05-19 22:50:10.465392 -63 -69 -80 -81 -60 
2016-05-19 22:50:10.673418 -71 -68 -76 -79 -60 
2016-05-19 22:50:10.848442 -74 -73 -79 -78 -59 
2016-05-19 22:50:10.949460 -62 -76 -80 -78 -60 
2016-05-19 22:50:11.050469 -77 -71 -73 -80 -59 
2016-05-19 22:50:11.372528 -71 -74 -80 -79 -60 
2016-05-19 22:50:11.477521 -63 -72 -80 -80 -59 
2016-05-19 22:50:11.580537 -82 -69 -80 -77 -57 
2016-05-19 22:50:11.690551 -62 -72 -80 -72 -60 
2016-05-19 22:50:12.020597 -73 -72 -80 -76 -61 
2016-05-19 22:50:12.233624 -75 -68 -79 -74 -60 
2016-05-19 22:50:12.595670 -74 -73 -77 -79 -59 
2016-05-19 22:50:12.702681 -75 -72 -73 -72 -59 
2016-05-19 22:50:12.907708 -78 -79 -81 -73 -57 
2016-05-19 22:50:13.008724 -61 -68 -80 -78 -61 
2016-05-19 22:50:13.123739 -75 -68 -81 -81 -59 
2016-05-19 22:50:13.335895 -70 -68 -80 -77 -60 
2016-05-19 22:50:13.443789 -62 -84 -81 -73 -58 
2016-05-19 22:50:13.653810 -78 -81 -81 -76 -59 
2016-05-19 22:50:13.757824 -74 -71 -80 -81 -60 
335
