2016-05-19 22:47:40.876869 -71 -65 -76 -65 -59 
2016-05-19 22:47:40.979995 -72 -65 -69 -63 -65 
2016-05-19 22:47:41.088882 -65 -64 -65 -62 -62 
2016-05-19 22:47:41.294908 -62 -65 -68 -65 -63 
2016-05-19 22:47:41.437926 -62 -62 -64 -63 -60 
2016-05-19 22:47:41.543940 -66 -62 -63 -63 -63 
2016-05-19 22:47:41.864981 -65 -63 -65 -65 -59 
2016-05-19 22:47:42.131020 -63 -62 -69 -63 -55 
2016-05-19 22:47:42.233030 -65 -62 -62 -61 -61 
2016-05-19 22:47:42.335043 -59 -60 -77 -61 -59 
2016-05-19 22:47:42.444186 -58 -58 -64 -62 -58 
2016-05-19 22:47:42.650084 -58 -61 -69 -64 -64 
2016-05-19 22:47:42.917116 -62 -70 -78 -71 -68 
2016-05-19 22:47:43.018133 -62 -60 -74 -64 -62 
2016-05-19 22:47:43.123147 -60 -81 -63 -78 -68 
2016-05-19 22:47:43.230161 -54 -67 -66 -63 -62 
2016-05-19 22:47:43.378179 -56 -69 -74 -57 -64 
2016-05-19 22:47:43.587204 -63 -66 -67 -82 -66 
2016-05-19 22:47:43.689220 -54 -68 -64 -58 -68 
2016-05-19 22:47:43.791237 -67 -63 -63 -65 -58 
2016-05-19 22:47:43.932381 -63 -72 -71 -55 -62 
2016-05-19 22:47:44.082268 -63 -68 -68 -67 -58 
2016-05-19 22:47:44.184285 -67 -65 -85 -58 -59 
2016-05-19 22:47:44.473330 -56 -80 -63 -61 -57 
2016-05-19 22:47:44.651358 -69 -75 -63 -66 -59 
2016-05-19 22:47:44.755397 -66 -63 -64 -77 -54 
2016-05-19 22:47:44.855378 -64 -66 -74 -64 -60 
2016-05-19 22:47:45.046419 -62 -68 -69 -76 -58 
2016-05-19 22:47:45.250423 -65 -70 -69 -73 -58 
2016-05-19 22:47:45.353437 -66 -72 -63 -74 -65 
2016-05-19 22:47:45.555463 -71 -67 -73 -58 -66 
2016-05-19 22:47:45.774492 -63 -71 -69 -68 -60 
2016-05-19 22:47:45.881510 -63 -65 -88 -68 -64 
2016-05-19 22:47:45.985520 -69 -66 -65 -68 -69 
2016-05-19 22:47:46.164672 -74 -71 -70 -60 -68 
2016-05-19 22:47:46.268558 -61 -65 -67 -70 -66 
2016-05-19 22:47:46.375571 -75 -67 -78 -60 -62 
2016-05-19 22:47:46.479585 -62 -77 -73 -65 -77 
2016-05-19 22:47:46.599604 -62 -66 -71 -76 -59 
2016-05-19 22:47:46.700742 -62 -65 -67 -69 -65 
2016-05-19 22:47:46.808627 -60 -68 -80 -62 -67 
2016-05-19 22:47:47.019655 -65 -70 -61 -59 -63 
2016-05-19 22:47:47.228684 -68 -76 -66 -77 -65 
2016-05-19 22:47:47.348826 -61 -75 -70 -75 -63 
2016-05-19 22:47:47.650737 -71 -69 -61 -68 -70 
2016-05-19 22:47:47.775754 -62 -62 -60 -70 -68 
2016-05-19 22:47:47.965778 -60 -66 -77 -71 -61 
2016-05-19 22:47:48.075793 -66 -63 -61 -68 -68 
2016-05-19 22:47:48.178807 -72 -63 -74 -63 -58 
2016-05-19 22:47:48.329832 -68 -71 -65 -75 -64 
2016-05-19 22:47:48.595860 -75 -62 -66 -65 -59 
2016-05-19 22:47:48.696877 -68 -62 -69 -63 -59 
2016-05-19 22:47:48.855895 -68 -65 -64 -69 -79 
2016-05-19 22:47:48.957037 -68 -64 -64 -67 -58 
2016-05-19 22:47:49.063922 -70 -65 -66 -67 -58 
2016-05-19 22:47:49.271952 -69 -62 -66 -62 -60 
2016-05-19 22:47:49.378963 -68 -82 -65 -65 -67 
2016-05-19 22:47:49.543991 -69 -64 -62 -66 -58 
2016-05-19 22:47:49.650009 -67 -63 -67 -62 -58 
2016-05-19 22:47:49.767026 -69 -60 -70 -69 -64 
2016-05-19 22:47:49.874035 -68 -61 -60 -67 -60 
2016-05-19 22:47:49.980049 -66 -69 -67 -69 -58 
2016-05-19 22:47:50.088063 -67 -64 -65 -68 -59 
2016-05-19 22:47:50.203069 -69 -65 -68 -65 -79 
2016-05-19 22:47:50.310085 -70 -65 -68 -63 -57 
2016-05-19 22:47:50.413227 -82 -72 -68 -65 -60 
2016-05-19 22:47:50.520112 -68 -65 -67 -69 -61 
2016-05-19 22:47:50.629128 -63 -70 -68 -68 -59 
2016-05-19 22:47:50.731140 -79 -65 -69 -68 -59 
2016-05-19 22:47:50.843152 -71 -65 -62 -67 -59 
2016-05-19 22:47:51.052185 -84 -71 -65 -66 -61 
2016-05-19 22:47:51.224205 -69 -62 -73 -64 -62 
2016-05-19 22:47:51.361222 -60 -66 -67 -68 -55 
2016-05-19 22:47:51.574249 -69 -63 -73 -65 -60 
2016-05-19 22:47:51.683261 -56 -61 -70 -72 -60 
2016-05-19 22:47:51.894292 -59 -60 -71 -68 -60 
2016-05-19 22:47:52.001306 -69 -60 -66 -65 -59 
2016-05-19 22:47:52.109321 -60 -79 -66 -81 -58 
2016-05-19 22:47:52.219334 -66 -59 -65 -72 -62 
2016-05-19 22:47:52.394357 -62 -69 -65 -73 -62 
2016-05-19 22:47:52.592388 -62 -64 -67 -73 -62 
2016-05-19 22:47:52.701525 -62 -62 -65 -70 -63 
2016-05-19 22:47:52.805539 -65 -68 -68 -72 -62 
2016-05-19 22:47:52.915425 -63 -63 -70 -69 -64 
2016-05-19 22:47:53.016438 -65 -72 -81 -74 -61 
2016-05-19 22:47:53.126452 -63 -61 -70 -68 -63 
2016-05-19 22:47:53.298472 -65 -68 -80 -68 -64 
2016-05-19 22:47:53.398485 -65 -70 -64 -69 -61 
2016-05-19 22:47:53.687530 -68 -61 -75 -70 -63 
2016-05-19 22:47:53.789541 -65 -61 -65 -69 -63 
2016-05-19 22:47:53.952567 -70 -62 -64 -69 -63 
2016-05-19 22:47:54.132588 -67 -65 -69 -72 -62 
2016-05-19 22:47:54.339615 -66 -66 -72 -72 -62 
2016-05-19 22:47:54.548642 -64 -63 -73 -67 -62 
2016-05-19 22:47:55.028705 -67 -66 -70 -71 -63 
2016-05-19 22:47:55.239760 -66 -69 -67 -73 -63 
2016-05-19 22:47:55.346751 -61 -68 -72 -67 -64 
2016-05-19 22:47:55.450763 -69 -74 -66 -64 -62 
2016-05-19 22:47:55.666792 -63 -63 -65 -68 -66 
2016-05-19 22:47:55.874820 -71 -68 -72 -69 -66 
2016-05-19 22:47:56.051842 -73 -69 -70 -65 -69 
2016-05-19 22:47:56.158853 -66 -74 -78 -69 -61 
2016-05-19 22:47:56.350012 -63 -69 -81 -72 -58 
2016-05-19 22:47:56.456895 -60 -77 -67 -63 -58 
2016-05-19 22:47:56.564909 -62 -72 -67 -67 -57 
2016-05-19 22:47:56.774938 -59 -68 -78 -63 -60 
2016-05-19 22:47:56.882956 -60 -73 -63 -65 -56 
2016-05-19 22:47:56.988961 -57 -79 -75 -66 -58 
2016-05-19 22:47:57.098976 -69 -73 -62 -65 -65 
2016-05-19 22:47:57.258004 -62 -72 -69 -80 -61 
2016-05-19 22:47:57.364010 -63 -71 -66 -68 -67 
2016-05-19 22:47:57.468033 -60 -68 -79 -69 -57 
2016-05-19 22:47:57.571041 -56 -74 -67 -65 -71 
2016-05-19 22:47:57.676053 -52 -64 -77 -61 -64 
2016-05-19 22:47:57.777067 -57 -61 -66 -69 -59 
2016-05-19 22:47:57.884078 -54 -61 -68 -76 -55 
2016-05-19 22:47:58.098114 -55 -66 -68 -75 -59 
2016-05-19 22:47:58.305137 -61 -71 -61 -76 -60 
2016-05-19 22:47:58.449152 -58 -75 -63 -61 -63 
2016-05-19 22:47:58.661183 -66 -69 -68 -62 -67 
2016-05-19 22:47:58.979221 -61 -71 -66 -70 -61 
2016-05-19 22:47:59.143250 -65 -70 -59 -61 -62 
2016-05-19 22:47:59.310413 -64 -68 -62 -65 -60 
2016-05-19 22:47:59.522295 -59 -71 -67 -67 -58 
2016-05-19 22:47:59.715320 -63 -70 -82 -71 -72 
2016-05-19 22:47:59.921348 -70 -67 -73 -71 -64 
2016-05-19 22:48:00.027362 -50 -73 -75 -71 -58 
2016-05-19 22:48:00.136376 -85 -72 -67 -74 -66 
2016-05-19 22:48:00.345423 -59 -75 -64 -66 -66 
2016-05-19 22:48:00.547422 -61 -68 -64 -63 -61 
2016-05-19 22:48:00.610431 -59 -68 -54 -71 -65 
2016-05-19 22:48:00.871465 -65 -68 -62 -72 -61 
2016-05-19 22:48:00.975478 -69 -71 -72 -63 -62 
2016-05-19 22:48:01.184502 -62 -71 -60 -67 -68 
2016-05-19 22:48:01.303528 -58 -64 -66 -69 -60 
2016-05-19 22:48:01.412535 -58 -75 -66 -70 -69 
2016-05-19 22:48:01.521550 -69 -61 -67 -66 -64 
2016-05-19 22:48:01.662696 -53 -69 -71 -67 -63 
2016-05-19 22:48:01.847592 -60 -74 -69 -59 -62 
2016-05-19 22:48:01.976609 -71 -73 -67 -58 -68 
2016-05-19 22:48:02.081622 -56 -70 -72 -65 -65 
2016-05-19 22:48:02.281648 -58 -64 -65 -67 -64 
2016-05-19 22:48:02.398793 -63 -68 -63 -58 -63 
2016-05-19 22:48:02.591689 -56 -65 -73 -64 -64 
2016-05-19 22:48:02.693706 -60 -69 -61 -68 -58 
2016-05-19 22:48:02.794713 -61 -73 -61 -61 -62 
2016-05-19 22:48:02.903733 -68 -68 -61 -70 -62 
2016-05-19 22:48:03.079755 -61 -78 -62 -60 -62 
2016-05-19 22:48:03.248778 -67 -69 -65 -70 -62 
2016-05-19 22:48:03.354786 -57 -71 -82 -68 -62 
2016-05-19 22:48:03.524808 -63 -75 -68 -71 -70 
2016-05-19 22:48:03.631825 -57 -74 -68 -65 -63 
2016-05-19 22:48:03.739843 -65 -71 -68 -66 -65 
2016-05-19 22:48:03.948870 -68 -65 -73 -58 -60 
2016-05-19 22:48:04.120889 -69 -70 -72 -59 -78 
2016-05-19 22:48:04.436945 -61 -71 -70 -59 -60 
2016-05-19 22:48:04.584946 -63 -75 -69 -62 -58 
2016-05-19 22:48:04.693967 -61 -78 -61 -58 -62 
2016-05-19 22:48:04.800977 -61 -72 -76 -71 -59 
2016-05-19 22:48:04.910993 -60 -82 -62 -60 -62 
2016-05-19 22:48:05.020004 -57 -81 -71 -73 -60 
2016-05-19 22:48:05.128020 -59 -84 -58 -62 -64 
2016-05-19 22:48:05.232034 -58 -69 -75 -76 -62 
2016-05-19 22:48:05.337048 -66 -78 -62 -60 -73 
2016-05-19 22:48:05.436072 -57 -72 -68 -64 -71 
2016-05-19 22:48:05.701095 -69 -74 -59 -70 -61 
2016-05-19 22:48:05.806108 -68 -81 -64 -65 -65 
2016-05-19 22:48:05.914127 -60 -68 -59 -73 -65 
2016-05-19 22:48:06.074147 -72 -71 -62 -74 -63 
2016-05-19 22:48:06.283174 -59 -68 -61 -68 -60 
2016-05-19 22:48:06.386185 -65 -71 -77 -63 -66 
2016-05-19 22:48:06.597212 -60 -76 -63 -68 -59 
2016-05-19 22:48:06.699229 -63 -73 -71 -76 -66 
2016-05-19 22:48:07.022268 -63 -69 -69 -58 -67 
2016-05-19 22:48:07.185286 -62 -69 -68 -58 -63 
2016-05-19 22:48:07.292304 -56 -65 -65 -61 -68 
2016-05-19 22:48:07.394320 -69 -65 -69 -56 -74 
2016-05-19 22:48:07.832373 -60 -70 -71 -65 -61 
2016-05-19 22:48:07.934391 -58 -75 -68 -65 -67 
2016-05-19 22:48:08.039530 -59 -65 -79 -77 -61 
2016-05-19 22:48:08.263431 -57 -64 -71 -65 -62 
2016-05-19 22:48:08.472457 -59 -73 -68 -73 -60 
2016-05-19 22:48:08.764498 -56 -80 -72 -60 -64 
2016-05-19 22:48:08.871511 -60 -72 -66 -59 -62 
2016-05-19 22:48:09.024533 -59 -72 -66 -58 -62 
2016-05-19 22:48:09.125540 -62 -63 -73 -69 -62 
2016-05-19 22:48:09.229560 -60 -75 -68 -59 -64 
2016-05-19 22:48:09.401586 -61 -69 -70 -60 -66 
2016-05-19 22:48:09.609620 -59 -68 -69 -70 -63 
2016-05-19 22:48:09.828634 -62 -75 -72 -64 -65 
2016-05-19 22:48:09.934651 -68 -74 -65 -64 -61 
2016-05-19 22:48:10.039790 -54 -69 -64 -75 -65 
2016-05-19 22:48:10.139679 -61 -89 -65 -69 -64 
2016-05-19 22:48:10.276693 -60 -75 -63 -73 -66 
2016-05-19 22:48:10.377706 -63 -69 -68 -58 -68 
2016-05-19 22:48:10.485718 -65 -70 -65 -64 -70 
2016-05-19 22:48:10.692747 -61 -70 -59 -64 -72 
2016-05-19 22:48:10.863898 -67 -74 -60 -68 -59 
2016-05-19 22:48:10.966782 -58 -76 -64 -62 -67 
2016-05-19 22:48:11.112802 -62 -68 -62 -66 -64 
2016-05-19 22:48:11.288825 -62 -82 -60 -68 -62 
2016-05-19 22:48:11.391967 -57 -72 -60 -69 -62 
2016-05-19 22:48:11.505850 -59 -69 -74 -64 -62 
2016-05-19 22:48:11.612878 -71 -72 -70 -72 -61 
2016-05-19 22:48:11.812893 -63 -76 -60 -64 -61 
2016-05-19 22:48:11.921907 -62 -72 -59 -65 -65 
2016-05-19 22:48:12.028921 -61 -71 -63 -67 -54 
2016-05-19 22:48:12.232948 -58 -66 -60 -73 -62 
2016-05-19 22:48:12.366966 -58 -66 -64 -73 -69 
2016-05-19 22:48:12.552990 -57 -65 -60 -74 -60 
2016-05-19 22:48:12.746012 -58 -66 -63 -61 -61 
2016-05-19 22:48:12.871045 -59 -64 -59 -67 -62 
2016-05-19 22:48:13.064186 -59 -69 -68 -66 -61 
2016-05-19 22:48:13.176202 -62 -63 -58 -63 -63 
2016-05-19 22:48:13.281083 -62 -71 -65 -62 -62 
2016-05-19 22:48:13.406099 -65 -68 -58 -67 -57 
2016-05-19 22:48:13.514116 -60 -74 -59 -68 -80 
2016-05-19 22:48:13.721140 -68 -68 -69 -66 -65 
2016-05-19 22:48:13.825161 -56 -62 -57 -66 -62 
2016-05-19 22:48:13.930175 -62 -65 -61 -65 -62 
2016-05-19 22:48:14.031180 -54 -65 -74 -68 -70 
2016-05-19 22:48:14.244211 -56 -68 -69 -68 -67 
2016-05-19 22:48:14.443244 -74 -77 -71 -66 -60 
2016-05-19 22:48:14.548259 -78 -75 -68 -68 -66 
2016-05-19 22:48:14.764314 -62 -74 -67 -70 -61 
2016-05-19 22:48:14.869297 -62 -74 -64 -75 -61 
2016-05-19 22:48:14.967306 -57 -75 -65 -72 -59 
2016-05-19 22:48:15.158331 -59 -77 -65 -74 -54 
2016-05-19 22:48:15.315355 -62 -70 -71 -71 -62 
2016-05-19 22:48:15.489375 -61 -81 -68 -69 -60 
2016-05-19 22:48:15.708402 -59 -73 -65 -68 -62 
2016-05-19 22:48:15.814416 -57 -73 -69 -68 -52 
2016-05-19 22:48:15.925435 -72 -85 -66 -73 -63 
2016-05-19 22:48:16.023444 -63 -69 -74 -69 -58 
2016-05-19 22:48:16.211466 -64 -66 -68 -72 -60 
2016-05-19 22:48:16.435501 -59 -70 -70 -72 -61 
2016-05-19 22:48:16.540515 -68 -75 -70 -68 -69 
2016-05-19 22:48:16.756536 -61 -69 -71 -70 -59 
2016-05-19 22:48:16.858553 -55 -71 -67 -68 -52 
2016-05-19 22:48:16.964566 -70 -68 -79 -68 -61 
2016-05-19 22:48:17.071577 -56 -68 -64 -67 -52 
2016-05-19 22:48:17.182595 -69 -75 -88 -68 -52 
2016-05-19 22:48:17.302611 -55 -66 -73 -75 -53 
2016-05-19 22:48:17.403624 -59 -68 -65 -69 -54 
2016-05-19 22:48:17.681657 -57 -66 -63 -74 -53 
2016-05-19 22:48:17.786671 -55 -59 -80 -70 -63 
2016-05-19 22:48:17.905693 -55 -73 -64 -68 -52 
2016-05-19 22:48:18.111714 -59 -74 -66 -77 -57 
2016-05-19 22:48:18.240862 -60 -62 -63 -70 -61 
2016-05-19 22:48:18.350751 -63 -74 -80 -66 -52 
2016-05-19 22:48:18.523770 -63 -67 -62 -78 -52 
2016-05-19 22:48:18.629784 -57 -72 -81 -65 -55 
2016-05-19 22:48:18.740802 -68 -69 -63 -67 -59 
2016-05-19 22:48:18.844813 -58 -72 -76 -67 -55 
2016-05-19 22:48:18.993831 -64 -68 -70 -68 -56 
2016-05-19 22:48:19.161851 -58 -69 -65 -67 -57 
2016-05-19 22:48:19.586913 -61 -69 -63 -69 -64 
2016-05-19 22:48:19.689062 -58 -74 -84 -67 -55 
2016-05-19 22:48:19.828953 -62 -68 -70 -68 -66 
2016-05-19 22:48:19.931982 -59 -78 -65 -72 -61 
2016-05-19 22:48:20.039976 -68 -69 -70 -68 -67 
2016-05-19 22:48:20.246007 -59 -71 -68 -76 -62 
2016-05-19 22:48:20.353146 -55 -69 -67 -75 -62 
2016-05-19 22:48:20.459030 -62 -69 -68 -68 -58 
2016-05-19 22:48:20.728065 -53 -68 -69 -72 -61 
2016-05-19 22:48:20.943094 -51 -70 -70 -69 -61 
2016-05-19 22:48:21.150115 -61 -68 -67 -69 -62 
2016-05-19 22:48:21.370141 -59 -70 -70 -69 -59 
2016-05-19 22:48:21.580169 -58 -72 -71 -70 -64 
2016-05-19 22:48:21.685183 -62 -68 -70 -72 -60 
2016-05-19 22:48:21.788196 -57 -69 -68 -70 -68 
2016-05-19 22:48:21.892206 -61 -66 -66 -68 -67 
2016-05-19 22:48:22.038239 -51 -67 -64 -69 -66 
2016-05-19 22:48:22.244256 -56 -67 -63 -71 -63 
2016-05-19 22:48:22.347267 -56 -65 -73 -72 -56 
2016-05-19 22:48:22.449412 -50 -67 -65 -71 -65 
2016-05-19 22:48:22.558297 -56 -65 -66 -73 -63 
2016-05-19 22:48:22.720318 -56 -65 -66 -71 -65 
2016-05-19 22:48:22.824357 -61 -64 -65 -82 -65 
2016-05-19 22:48:22.929347 -56 -65 -74 -73 -65 
2016-05-19 22:48:23.036364 -62 -65 -65 -81 -66 
2016-05-19 22:48:23.291397 -55 -66 -69 -72 -61 
2016-05-19 22:48:23.455414 -59 -66 -64 -77 -65 
2016-05-19 22:48:23.625438 -59 -70 -61 -75 -56 
2016-05-19 22:48:23.874469 -63 -73 -63 -68 -59 
2016-05-19 22:48:24.043491 -62 -70 -62 -66 -56 
2016-05-19 22:48:24.190513 -59 -91 -73 -69 -78 
2016-05-19 22:48:24.296527 -58 -71 -67 -68 -59 
2016-05-19 22:48:24.609703 -63 -62 -67 -72 -65 
2016-05-19 22:48:24.759596 -72 -70 -62 -63 -66 
2016-05-19 22:48:24.940615 -53 -62 -72 -79 -59 
2016-05-19 22:48:25.121769 -51 -65 -72 -71 -61 
2016-05-19 22:48:25.228662 -57 -78 -76 -75 -66 
2016-05-19 22:48:25.438680 -54 -70 -71 -75 -61 
2016-05-19 22:48:25.543694 -52 -72 -74 -77 -51 
2016-05-19 22:48:25.905871 -62 -71 -76 -70 -53 
2016-05-19 22:48:26.009885 -53 -69 -70 -72 -57 
2016-05-19 22:48:26.220782 -55 -65 -75 -72 -60 
2016-05-19 22:48:26.384804 -59 -77 -66 -75 -63 
2016-05-19 22:48:26.653840 -60 -67 -74 -76 -62 
2016-05-19 22:48:26.830919 -61 -62 -77 -68 -57 
2016-05-19 22:48:26.932866 -60 -65 -74 -70 -63 
2016-05-19 22:48:27.070887 -61 -65 -70 -67 -54 
2016-05-19 22:48:27.173901 -62 -72 -74 -76 -55 
2016-05-19 22:48:27.278913 -79 -66 -70 -72 -60 
2016-05-19 22:48:27.383938 -63 -68 -72 -68 -65 
2016-05-19 22:48:27.519945 -61 -71 -66 -70 -62 
2016-05-19 22:48:27.658963 -61 -74 -72 -74 -74 
2016-05-19 22:48:27.766980 -55 -67 -67 -62 -73 
2016-05-19 22:48:27.868990 -63 -71 -73 -62 -62 
2016-05-19 22:48:28.209056 -56 -74 -69 -74 -67 
2016-05-19 22:48:28.428061 -58 -73 -74 -68 -69 
2016-05-19 22:48:28.532081 -60 -60 -81 -76 -71 
2016-05-19 22:48:28.642221 -54 -72 -74 -72 -76 
2016-05-19 22:48:28.840118 -56 -67 -73 -68 -69 
2016-05-19 22:48:29.010269 -57 -61 -73 -74 -78 
2016-05-19 22:48:29.122283 -61 -68 -73 -72 -67 
2016-05-19 22:48:29.286176 -59 -68 -73 -67 -70 
2016-05-19 22:48:29.478204 -57 -58 -78 -75 -71 
2016-05-19 22:48:29.585222 -59 -82 -75 -68 -85 
2016-05-19 22:48:29.688232 -58 -60 -76 -80 -68 
2016-05-19 22:48:29.794251 -56 -68 -76 -69 -80 
2016-05-19 22:48:29.950273 -55 -73 -73 -72 -68 
2016-05-19 22:48:30.109291 -56 -71 -74 -79 -73 
2016-05-19 22:48:30.314458 -56 -59 -79 -72 -65 
2016-05-19 22:48:30.586483 -56 -64 -74 -74 -66 
2016-05-19 22:48:30.690497 -59 -60 -77 -65 -76 
2016-05-19 22:48:30.795380 -58 -70 -77 -73 -66 
2016-05-19 22:48:30.900394 -62 -59 -77 -64 -76 
2016-05-19 22:48:31.003404 -59 -70 -88 -80 -71 
2016-05-19 22:48:31.216436 -57 -60 -77 -78 -66 
2016-05-19 22:48:31.427467 -57 -61 -70 -76 -67 
2016-05-19 22:48:31.575483 -58 -64 -78 -64 -70 
2016-05-19 22:48:31.779518 -57 -62 -82 -75 -68 
2016-05-19 22:48:31.927539 -57 -68 -74 -76 -74 
2016-05-19 22:48:32.018537 -61 -60 -79 -80 -74 
2016-05-19 22:48:32.301579 -56 -67 -74 -78 -71 
2016-05-19 22:48:32.404599 -61 -66 -70 -81 -72 
2016-05-19 22:48:32.678623 -56 -63 -75 -80 -66 
2016-05-19 22:48:32.795641 -61 -62 -74 -78 -77 
2016-05-19 22:48:32.900655 -59 -70 -69 -71 -70 
2016-05-19 22:48:33.161689 -62 -68 -74 -69 -70 
2016-05-19 22:48:33.318708 -58 -67 -77 -91 -73 
2016-05-19 22:48:33.492745 -60 -66 -73 -64 -80 
2016-05-19 22:48:33.630751 -64 -66 -75 -65 -72 
2016-05-19 22:48:33.845778 -63 -69 -75 -63 -71 
2016-05-19 22:48:33.946921 -60 -71 -74 -67 -70 
2016-05-19 22:48:34.013797 -77 -68 -78 -78 -74 
2016-05-19 22:48:34.281840 -67 -78 -74 -69 -71 
2016-05-19 22:48:34.388879 -61 -81 -75 -79 -70 
2016-05-19 22:48:34.598874 -66 -74 -72 -67 -72 
2016-05-19 22:48:34.704891 -62 -71 -75 -66 -71 
2016-05-19 22:48:34.814909 -63 -68 -73 -77 -74 
2016-05-19 22:48:34.921919 -60 -71 -73 -66 -66 
2016-05-19 22:48:35.023929 -61 -67 -73 -80 -74 
2016-05-19 22:48:35.327978 -64 -82 -75 -67 -67 
2016-05-19 22:48:35.827167 -64 -74 -73 -67 -67 
2016-05-19 22:48:35.906047 -63 -71 -73 -70 -65 
2016-05-19 22:48:36.194082 -64 -87 -72 -72 -71 
2016-05-19 22:48:36.295099 -61 -72 -73 -80 -69 
2016-05-19 22:48:36.544128 -63 -78 -74 -71 -67 
2016-05-19 22:48:36.655146 -70 -74 -68 -72 -65 
2016-05-19 22:48:36.790166 -63 -74 -77 -89 -66 
2016-05-19 22:48:36.913198 -63 -78 -71 -73 -67 
2016-05-19 22:48:37.118211 -79 -73 -75 -81 -68 
2016-05-19 22:48:37.312231 -61 -77 -70 -75 -68 
2016-05-19 22:48:37.416245 -62 -75 -71 -81 -68 
2016-05-19 22:48:37.520274 -62 -84 -71 -72 -67 
2016-05-19 22:48:37.622272 -65 -66 -71 -78 -69 
2016-05-19 22:48:37.833305 -60 -69 -76 -75 -66 
2016-05-19 22:48:38.024321 -64 -85 -66 -76 -62 
2016-05-19 22:48:38.224347 -61 -65 -66 -70 -63 
2016-05-19 22:48:38.327365 -61 -67 -66 -66 -71 
2016-05-19 22:48:38.368374 -60 -66 -67 -76 -64 
2016-05-19 22:48:38.656401 -62 -58 -72 -67 -60 
2016-05-19 22:48:38.883558 -60 -63 -65 -76 -69 
2016-05-19 22:48:39.092456 -57 -65 -70 -78 -63 
2016-05-19 22:48:39.284479 -57 -65 -71 -64 -62 
2016-05-19 22:48:39.508524 -58 -67 -73 -80 -62 
2016-05-19 22:48:39.611568 -60 -65 -69 -71 -62 
2016-05-19 22:48:39.719555 -62 -75 -73 -69 -63 
2016-05-19 22:48:39.830561 -56 -66 -67 -66 -67 
2016-05-19 22:48:39.938579 -62 -63 -73 -72 -74 
2016-05-19 22:48:40.047589 -62 -65 -76 -68 -78 
2016-05-19 22:48:40.236613 -55 -70 -69 -86 -69 
2016-05-19 22:48:40.435769 -67 -72 -69 -73 -85 
2016-05-19 22:48:40.538657 -58 -76 -68 -67 -68 
2016-05-19 22:48:40.646678 -60 -71 -69 -89 -69 
2016-05-19 22:48:40.749679 -66 -68 -67 -67 -72 
2016-05-19 22:48:40.965722 -66 -66 -70 -73 -67 
2016-05-19 22:48:41.067844 -60 -68 -69 -86 -64 
2016-05-19 22:48:41.385757 -63 -64 -74 -73 -68 
2016-05-19 22:48:41.795811 -68 -63 -68 -68 -63 
2016-05-19 22:48:41.911835 -66 -63 -75 -65 -73 
2016-05-19 22:48:42.112852 -64 -63 -79 -79 -59 
2016-05-19 22:48:42.352882 -68 -62 -78 -65 -64 
2016-05-19 22:48:42.562910 -63 -62 -68 -73 -64 
2016-05-19 22:48:42.765976 -63 -63 -80 -71 -57 
2016-05-19 22:48:42.973967 -68 -61 -66 -69 -65 
2016-05-19 22:48:43.181991 -74 -61 -70 -70 -63 
2016-05-19 22:48:43.283003 -67 -62 -64 -74 -57 
2016-05-19 22:48:43.406020 -65 -62 -64 -70 -70 
2016-05-19 22:48:43.506033 -77 -66 -69 -65 -63 
2016-05-19 22:48:43.715068 -65 -62 -70 -76 -56 
2016-05-19 22:48:43.926095 -72 -67 -70 -75 -59 
2016-05-19 22:48:44.037103 -68 -65 -70 -66 -62 
2016-05-19 22:48:44.206124 -64 -63 -68 -68 -64 
2016-05-19 22:48:44.307138 -77 -64 -72 -75 -59 
2016-05-19 22:48:44.414167 -60 -60 -69 -69 -59 
2016-05-19 22:48:44.619192 -68 -62 -71 -68 -64 
2016-05-19 22:48:44.740198 -69 -65 -70 -82 -63 
2016-05-19 22:48:44.953222 -66 -64 -68 -71 -60 
2016-05-19 22:48:45.268393 -65 -70 -66 -75 -62 
2016-05-19 22:48:45.387279 -71 -67 -66 -77 -63 
2016-05-19 22:48:45.673316 -66 -68 -69 -74 -58 
2016-05-19 22:48:45.775326 -69 -66 -66 -72 -59 
2016-05-19 22:48:45.874347 -66 -60 -68 -67 -59 
2016-05-19 22:48:45.981357 -70 -69 -72 -78 -59 
2016-05-19 22:48:46.123376 -66 -61 -65 -68 -58 
2016-05-19 22:48:46.230390 -66 -75 -66 -66 -61 
2016-05-19 22:48:46.506425 -69 -59 -66 -70 -57 
2016-05-19 22:48:46.612567 -66 -65 -68 -73 -58 
2016-05-19 22:48:46.742458 -74 -72 -68 -77 -58 
2016-05-19 22:48:46.954487 -66 -75 -68 -71 -59 
2016-05-19 22:48:47.064502 -71 -68 -74 -76 -61 
2016-05-19 22:48:47.389553 -70 -74 -73 -68 -60 
2016-05-19 22:48:47.491555 -67 -79 -72 -71 -61 
2016-05-19 22:48:47.598568 -70 -72 -83 -67 -60 
2016-05-19 22:48:47.785590 -63 -74 -79 -70 -61 
2016-05-19 22:48:47.891606 -73 -78 -76 -68 -64 
2016-05-19 22:48:48.102633 -71 -75 -72 -68 -65 
2016-05-19 22:48:48.223651 -69 -65 -71 -63 -67 
2016-05-19 22:48:48.329668 -65 -69 -69 -76 -57 
2016-05-19 22:48:48.621701 -68 -67 -71 -70 -62 
2016-05-19 22:48:48.733716 -72 -66 -67 -69 -62 
2016-05-19 22:48:48.962745 -67 -68 -69 -77 -58 
2016-05-19 22:48:49.157771 -75 -74 -68 -67 -62 
2016-05-19 22:48:49.374803 -66 -75 -69 -68 -59 
2016-05-19 22:48:49.478819 -66 -70 -66 -78 -59 
2016-05-19 22:48:49.689859 -71 -70 -68 -72 -61 
2016-05-19 22:48:49.801863 -74 -59 -72 -82 -58 
2016-05-19 22:48:49.906877 -69 -77 -67 -65 -55 
2016-05-19 22:48:50.086893 -72 -59 -67 -79 -63 
2016-05-19 22:48:50.125027 -73 -78 -73 -68 -60 
2016-05-19 22:48:50.230916 -69 -59 -70 -73 -63 
2016-05-19 22:48:50.526959 -69 -65 -69 -72 -58 
2016-05-19 22:48:50.631971 -74 -69 -70 -70 -61 
2016-05-19 22:48:50.827996 -70 -83 -68 -73 -61 
2016-05-19 22:48:51.045147 -71 -69 -67 -68 -61 
2016-05-19 22:48:51.160038 -69 -82 -71 -67 -58 
2016-05-19 22:48:51.284049 -67 -77 -67 -77 -62 
2016-05-19 22:48:51.391059 -68 -60 -69 -66 -59 
2016-05-19 22:48:51.493204 -68 -74 -69 -76 -63 
2016-05-19 22:48:51.601087 -63 -60 -70 -71 -55 
2016-05-19 22:48:51.708137 -59 -66 -68 -74 -63 
2016-05-19 22:48:51.901259 -73 -60 -75 -70 -61 
2016-05-19 22:48:52.059150 -65 -65 -71 -65 -57 
2016-05-19 22:48:52.168166 -63 -75 -66 -75 -64 
2016-05-19 22:48:52.270184 -67 -75 -72 -67 -62 
2016-05-19 22:48:52.480211 -69 -68 -72 -68 -63 
2016-05-19 22:48:52.589348 -67 -68 -81 -73 -58 
2016-05-19 22:48:52.696231 -66 -71 -68 -61 -64 
2016-05-19 22:48:53.010280 -67 -71 -75 -63 -65 
2016-05-19 22:48:53.214302 -66 -70 -68 -63 -57 
2016-05-19 22:48:53.354320 -68 -69 -71 -72 -54 
2016-05-19 22:48:53.570351 -63 -70 -69 -64 -63 
2016-05-19 22:48:53.700370 -64 -62 -72 -59 -60 
2016-05-19 22:48:53.801376 -60 -65 -71 -73 -71 
2016-05-19 22:48:54.014406 -64 -65 -71 -70 -72 
2016-05-19 22:48:54.188429 -59 -62 -73 -66 -69 
2016-05-19 22:48:54.296440 -69 -65 -81 -70 -66 
2016-05-19 22:48:54.404463 -67 -59 -73 -71 -64 
2016-05-19 22:48:54.606487 -69 -66 -68 -70 -57 
2016-05-19 22:48:54.669635 -65 -83 -73 -78 -54 
2016-05-19 22:48:54.855528 -66 -70 -68 -71 -55 
2016-05-19 22:48:55.060556 -64 -71 -71 -64 -59 
2016-05-19 22:48:55.168564 -69 -65 -68 -69 -72 
2016-05-19 22:48:55.345593 -68 -75 -75 -65 -56 
2016-05-19 22:48:55.453731 -65 -65 -69 -63 -61 
2016-05-19 22:48:55.657629 -67 -67 -71 -66 -68 
2016-05-19 22:48:55.861646 -67 -67 -75 -65 -63 
2016-05-19 22:48:55.972663 -62 -67 -69 -63 -64 
2016-05-19 22:48:56.081673 -62 -70 -70 -65 -77 
2016-05-19 22:48:56.245825 -65 -65 -73 -68 -54 
2016-05-19 22:48:56.349733 -72 -65 -74 -72 -60 
2016-05-19 22:48:56.557738 -67 -71 -76 -68 -65 
2016-05-19 22:48:57.013925 -63 -67 -76 -67 -64 
2016-05-19 22:48:57.221822 -65 -64 -69 -60 -62 
2016-05-19 22:48:57.323837 -72 -68 -64 -63 -59 
2016-05-19 22:48:57.515866 -62 -64 -63 -61 -69 
2016-05-19 22:48:57.826900 -64 -61 -69 -62 -72 
2016-05-19 22:48:57.941915 -72 -61 -63 -62 -75 
2016-05-19 22:48:58.048932 -65 -62 -71 -63 -67 
2016-05-19 22:48:58.247958 -68 -64 -66 -63 -62 
2016-05-19 22:48:58.450988 -67 -63 -68 -68 -61 
2016-05-19 22:48:58.556002 -66 -63 -71 -68 -63 
2016-05-19 22:48:58.662141 -69 -62 -73 -65 -68 
2016-05-19 22:48:58.769038 -65 -58 -66 -66 -53 
2016-05-19 22:48:58.875040 -62 -62 -74 -63 -67 
2016-05-19 22:48:58.979054 -68 -57 -68 -66 -52 
2016-05-19 22:48:59.194082 -68 -58 -72 -68 -58 
2016-05-19 22:48:59.499122 -65 -61 -67 -64 -66 
2016-05-19 22:48:59.727149 -65 -61 -68 -68 -67 
2016-05-19 22:48:59.835195 -62 -62 -72 -63 -53 
2016-05-19 22:49:00.040195 -64 -62 -71 -65 -60 
2016-05-19 22:49:00.147207 -64 -55 -66 -68 -68 
2016-05-19 22:49:00.246348 -63 -63 -69 -66 -54 
2016-05-19 22:49:00.339268 -65 -61 -73 -68 -69 
2016-05-19 22:49:00.441249 -65 -63 -66 -65 -53 
2016-05-19 22:49:00.543258 -66 -54 -70 -63 -68 
2016-05-19 22:49:00.748285 -65 -61 -71 -65 -67 
2016-05-19 22:49:00.957310 -64 -59 -68 -65 -61 
2016-05-19 22:49:01.094459 -61 -60 -71 -61 -64 
2016-05-19 22:49:01.199344 -75 -55 -65 -65 -53 
2016-05-19 22:49:01.304358 -68 -62 -70 -63 -59 
2016-05-19 22:49:01.516388 -69 -59 -68 -64 -57 
2016-05-19 22:49:01.618402 -63 -59 -67 -67 -56 
2016-05-19 22:49:01.721415 -62 -58 -81 -62 -63 
2016-05-19 22:49:01.928439 -63 -60 -75 -66 -60 
2016-05-19 22:49:02.032467 -62 -60 -66 -64 -64 
2016-05-19 22:49:02.138472 -62 -60 -74 -69 -59 
2016-05-19 22:49:02.261491 -60 -60 -67 -66 -62 
2016-05-19 22:49:02.466514 -62 -60 -67 -66 -64 
2016-05-19 22:49:02.963575 -63 -62 -67 -62 -59 
2016-05-19 22:49:03.162598 -62 -56 -67 -63 -59 
2016-05-19 22:49:03.282614 -64 -60 -70 -64 -58 
2016-05-19 22:49:03.499669 -60 -59 -66 -65 -60 
2016-05-19 22:49:03.598662 -60 -59 -68 -64 -60 
2016-05-19 22:49:03.737673 -60 -57 -85 -66 -57 
2016-05-19 22:49:03.842687 -66 -59 -70 -65 -62 
2016-05-19 22:49:03.952701 -62 -57 -86 -67 -57 
2016-05-19 22:49:04.053717 -67 -59 -68 -63 -61 
2016-05-19 22:49:04.159735 -61 -55 -71 -66 -57 
2016-05-19 22:49:04.259748 -61 -59 -67 -63 -61 
2016-05-19 22:49:04.432771 -65 -59 -71 -64 -60 
2016-05-19 22:49:04.532811 -65 -54 -66 -69 -55 
2016-05-19 22:49:04.833819 -69 -54 -66 -66 -58 
2016-05-19 22:49:04.947831 -66 -60 -79 -65 -52 
2016-05-19 22:49:05.253873 -67 -57 -65 -63 -63 
2016-05-19 22:49:05.568917 -68 -63 -74 -63 -56 
2016-05-19 22:49:05.785943 -62 -60 -76 -64 -58 
2016-05-19 22:49:05.991973 -63 -57 -76 -64 -61 
2016-05-19 22:49:06.200997 -67 -65 -76 -64 -59 
2016-05-19 22:49:06.402027 -67 -62 -81 -61 -58 
2016-05-19 22:49:06.618056 -65 -73 -72 -66 -58 
2016-05-19 22:49:06.728063 -65 -61 -72 -65 -58 
2016-05-19 22:49:06.941093 -58 -62 -74 -79 -56 
2016-05-19 22:49:07.349148 -62 -67 -71 -65 -62 
2016-05-19 22:49:07.472167 -65 -63 -71 -68 -65 
2016-05-19 22:49:07.663318 -69 -64 -75 -72 -55 
2016-05-19 22:49:07.766201 -59 -75 -70 -68 -57 
2016-05-19 22:49:08.078239 -59 -64 -66 -64 -54 
2016-05-19 22:49:08.186257 -54 -71 -70 -70 -52 
2016-05-19 22:49:08.286270 -57 -60 -84 -62 -65 
2016-05-19 22:49:08.390285 -59 -71 -74 -62 -51 
2016-05-19 22:49:08.499299 -55 -68 -71 -61 -54 
2016-05-19 22:49:08.713322 -66 -74 -71 -64 -52 
2016-05-19 22:49:08.818337 -61 -63 -85 -65 -52 
2016-05-19 22:49:08.926354 -56 -71 -69 -61 -55 
2016-05-19 22:49:09.018363 -61 -64 -72 -66 -54 
2016-05-19 22:49:09.125379 -51 -73 -70 -64 -54 
2016-05-19 22:49:09.355410 -60 -66 -72 -63 -53 
2016-05-19 22:49:09.459437 -60 -64 -72 -65 -59 
2016-05-19 22:49:09.564455 -58 -69 -78 -65 -56 
2016-05-19 22:49:09.754486 -53 -64 -72 -62 -57 
2016-05-19 22:49:09.939505 -61 -65 -71 -71 -63 
2016-05-19 22:49:10.044500 -63 -66 -72 -56 -52 
2016-05-19 22:49:10.153511 -73 -70 -74 -74 -65 
2016-05-19 22:49:10.278527 -79 -66 -79 -69 -52 
2016-05-19 22:49:10.424549 -66 -65 -70 -65 -56 
2016-05-19 22:49:10.628573 -70 -62 -77 -63 -65 
2016-05-19 22:49:10.811600 -66 -70 -73 -66 -61 
2016-05-19 22:49:10.918610 -78 -64 -70 -62 -58 
2016-05-19 22:49:11.019632 -77 -63 -77 -76 -61 
2016-05-19 22:49:11.228651 -68 -73 -66 -72 -59 
2016-05-19 22:49:11.331668 -67 -75 -72 -72 -50 
2016-05-19 22:49:11.436681 -81 -68 -66 -64 -68 
2016-05-19 22:49:11.546695 -61 -72 -72 -60 -56 
2016-05-19 22:49:11.647847 -64 -62 -83 -65 -61 
2016-05-19 22:49:11.766725 -64 -62 -71 -61 -58 
2016-05-19 22:49:11.864737 -69 -66 -67 -65 -51 
2016-05-19 22:49:12.053759 -66 -67 -70 -65 -59 
2016-05-19 22:49:12.183909 -66 -72 -71 -59 -63 
2016-05-19 22:49:12.291793 -59 -64 -66 -63 -64 
2016-05-19 22:49:12.396808 -66 -67 -80 -57 -57 
2016-05-19 22:49:12.553825 -59 -62 -68 -64 -61 
2016-05-19 22:49:12.701847 -63 -60 -69 -60 -63 
2016-05-19 22:49:12.912878 -60 -65 -72 -61 -55 
2016-05-19 22:49:13.128031 -64 -65 -67 -65 -59 
2016-05-19 22:49:13.230918 -62 -65 -65 -65 -60 
2016-05-19 22:49:13.412944 -62 -63 -68 -63 -60 
2016-05-19 22:49:13.720981 -64 -65 -78 -62 -62 
2016-05-19 22:49:13.962011 -63 -60 -74 -62 -55 
2016-05-19 22:49:14.185041 -58 -63 -68 -61 -61 
2016-05-19 22:49:14.291054 -68 -68 -68 -64 -51 
2016-05-19 22:49:14.496219 -63 -63 -69 -61 -56 
2016-05-19 22:49:14.598107 -58 -63 -70 -60 -61 
2016-05-19 22:49:14.705115 -63 -68 -89 -63 -61 
2016-05-19 22:49:14.812130 -58 -61 -69 -61 -60 
2016-05-19 22:49:14.915142 -67 -68 -68 -64 -52 
2016-05-19 22:49:15.103163 -59 -63 -90 -59 -61 
2016-05-19 22:49:15.416331 -67 -63 -70 -64 -56 
2016-05-19 22:49:15.516214 -63 -61 -67 -60 -62 
2016-05-19 22:49:15.620228 -58 -68 -71 -64 -52 
2016-05-19 22:49:15.723245 -68 -62 -66 -60 -59 
2016-05-19 22:49:15.886262 -69 -65 -70 -61 -52 
2016-05-19 22:49:15.949274 -59 -61 -68 -62 -59 
2016-05-19 22:49:16.048412 -66 -68 -70 -58 -52 
2016-05-19 22:49:16.155297 -67 -61 -68 -63 -61 
2016-05-19 22:49:16.259308 -66 -68 -69 -59 -53 
2016-05-19 22:49:16.466338 -66 -63 -68 -64 -56 
2016-05-19 22:49:16.668368 -65 -63 -68 -60 -57 
2016-05-19 22:49:16.769392 -65 -63 -68 -65 -60 
2016-05-19 22:49:17.086419 -66 -63 -79 -62 -58 
2016-05-19 22:49:17.187432 -66 -68 -68 -66 -60 
2016-05-19 22:49:17.351455 -65 -66 -80 -61 -58 
2016-05-19 22:49:17.499479 -60 -62 -84 -61 -58 
2016-05-19 22:49:17.625493 -65 -62 -68 -60 -61 
2016-05-19 22:49:18.027542 -62 -65 -68 -62 -59 
2016-05-19 22:49:18.240572 -63 -66 -68 -61 -57 
2016-05-19 22:49:18.452598 -66 -66 -69 -61 -59 
2016-05-19 22:49:18.564610 -60 -61 -67 -66 -60 
2016-05-19 22:49:18.664759 -65 -68 -68 -61 -55 
2016-05-19 22:49:18.775641 -61 -64 -81 -66 -59 
2016-05-19 22:49:18.876653 -65 -68 -68 -60 -55 
2016-05-19 22:49:18.983681 -61 -63 -67 -65 -59 
2016-05-19 22:49:19.190695 -65 -65 -80 -66 -56 
2016-05-19 22:49:19.389726 -66 -63 -81 -61 -59 
2016-05-19 22:49:19.498748 -61 -62 -69 -66 -56 
2016-05-19 22:49:19.602755 -66 -70 -82 -60 -59 
2016-05-19 22:49:19.704901 -66 -62 -67 -66 -59 
2016-05-19 22:49:19.900795 -63 -62 -68 -60 -57 
2016-05-19 22:49:20.007808 -65 -65 -67 -66 -55 
2016-05-19 22:49:20.324850 -63 -62 -67 -62 -56 
2016-05-19 22:49:20.535901 -67 -63 -67 -65 -55 
2016-05-19 22:49:20.738899 -68 -66 -72 -67 -65 
2016-05-19 22:49:20.889048 -69 -74 -79 -65 -52 
2016-05-19 22:49:21.058939 -64 -70 -71 -68 -55 
2016-05-19 22:49:21.172953 -59 -62 -78 -70 -58 
2016-05-19 22:49:21.338975 -67 -69 -70 -80 -62 
2016-05-19 22:49:21.694023 -67 -64 -78 -67 -62 
2016-05-19 22:49:21.798034 -74 -63 -78 -65 -50 
2016-05-19 22:49:22.113205 -63 -70 -76 -62 -66 
2016-05-19 22:49:22.220091 -64 -70 -75 -70 -60 
2016-05-19 22:49:22.328104 -74 -67 -82 -68 -57 
2016-05-19 22:49:22.540132 -59 -62 -73 -72 -51 
2016-05-19 22:49:23.275227 -66 -77 -73 -67 -55 
2016-05-19 22:49:23.378245 -68 -70 -74 -63 -52 
2016-05-19 22:49:23.585397 -71 -60 -73 -70 -54 
2016-05-19 22:49:23.695283 -61 -69 -83 -75 -64 
2016-05-19 22:49:23.796343 -70 -72 -70 -67 -65 
2016-05-19 22:49:23.902311 -71 -70 -71 -66 -51 
2016-05-19 22:49:24.008328 -75 -69 -76 -63 -55 
2016-05-19 22:49:24.114335 -70 -69 -83 -71 -51 
2016-05-19 22:49:24.425516 -71 -67 -79 -77 -55 
2016-05-19 22:49:24.529397 -72 -62 -75 -82 -57 
2016-05-19 22:49:24.837432 -73 -63 -78 -78 -56 
2016-05-19 22:49:25.045459 -69 -65 -79 -72 -63 
2016-05-19 22:49:25.168478 -74 -65 -75 -75 -55 
2016-05-19 22:49:25.275489 -72 -65 -81 -76 -57 
2016-05-19 22:49:25.382503 -67 -65 -77 -72 -59 
2016-05-19 22:49:25.569668 -73 -63 -70 -72 -57 
2016-05-19 22:49:25.706546 -72 -64 -81 -70 -59 
2016-05-19 22:49:25.806559 -71 -63 -80 -72 -67 
2016-05-19 22:49:25.916573 -66 -64 -81 -68 -57 
2016-05-19 22:49:26.019594 -70 -66 -81 -77 -55 
2016-05-19 22:49:26.232613 -67 -67 -78 -72 -55 
2016-05-19 22:49:26.339630 -68 -67 -85 -66 -62 
2016-05-19 22:49:26.507649 -71 -65 -83 -74 -54 
2016-05-19 22:49:26.712676 -72 -66 -75 -66 -54 
2016-05-19 22:49:26.859698 -72 -69 -77 -75 -51 
2016-05-19 22:49:27.071728 -66 -65 -78 -75 -53 
2016-05-19 22:49:27.172736 -68 -64 -80 -67 -55 
2016-05-19 22:49:27.279751 -72 -65 -77 -75 -63 
2016-05-19 22:49:27.491779 -70 -68 -79 -72 -53 
2016-05-19 22:49:27.670802 -68 -69 -75 -67 -59 
2016-05-19 22:49:27.877829 -68 -69 -75 -66 -53 
2016-05-19 22:49:27.984841 -72 -66 -76 -71 -51 
2016-05-19 22:49:28.084853 -72 -67 -77 -67 -56 
2016-05-19 22:49:28.189867 -72 -66 -79 -67 -51 
2016-05-19 22:49:28.316886 -67 -67 -76 -68 -62 
2016-05-19 22:49:28.519914 -71 -67 -75 -68 -54 
2016-05-19 22:49:28.621926 -69 -69 -75 -66 -49 
2016-05-19 22:49:28.928963 -67 -68 -74 -66 -55 
2016-05-19 22:49:29.033977 -69 -68 -79 -69 -51 
2016-05-19 22:49:29.138991 -68 -65 -75 -70 -58 
2016-05-19 22:49:29.242136 -69 -67 -74 -70 -52 
2016-05-19 22:49:29.343025 -83 -66 -74 -66 -58 
2016-05-19 22:49:29.453050 -68 -69 -73 -70 -51 
2016-05-19 22:49:29.559055 -68 -67 -73 -64 -58 
2016-05-19 22:49:29.720099 -69 -67 -72 -67 -58 
2016-05-19 22:49:29.873091 -74 -70 -72 -69 -59 
2016-05-19 22:49:30.044112 -78 -66 -73 -66 -59 
2016-05-19 22:49:30.240137 -74 -63 -73 -67 -51 
2016-05-19 22:49:30.374155 -69 -67 -79 -69 -59 
2016-05-19 22:49:30.581182 -74 -67 -79 -69 -58 
2016-05-19 22:49:30.792209 -68 -68 -79 -67 -54 
2016-05-19 22:49:31.119253 -69 -67 -75 -69 -53 
2016-05-19 22:49:31.224266 -67 -66 -78 -71 -59 
2016-05-19 22:49:31.330408 -82 -68 -75 -69 -51 
2016-05-19 22:49:31.434294 -68 -65 -73 -71 -59 
2016-05-19 22:49:31.538309 -77 -68 -75 -71 -50 
2016-05-19 22:49:31.719330 -67 -66 -77 -73 -54 
2016-05-19 22:49:31.915357 -71 -65 -73 -71 -63 
2016-05-19 22:49:32.020371 -74 -65 -78 -74 -58 
2016-05-19 22:49:32.126384 -67 -67 -81 -75 -62 
2016-05-19 22:49:32.244399 -73 -66 -78 -72 -52 
2016-05-19 22:49:32.460427 -67 -65 -71 -68 -57 
2016-05-19 22:49:32.700459 -72 -66 -76 -73 -58 
2016-05-19 22:49:32.902485 -67 -66 -76 -73 -59 
2016-05-19 22:49:33.004499 -71 -67 -77 -71 -58 
2016-05-19 22:49:33.161519 -70 -67 -73 -72 -53 
2016-05-19 22:49:33.476564 -71 -65 -76 -71 -61 
2016-05-19 22:49:33.575573 -68 -65 -76 -70 -51 
2016-05-19 22:49:33.777599 -72 -67 -78 -70 -51 
2016-05-19 22:49:33.884614 -79 -64 -74 -70 -57 
2016-05-19 22:49:33.988628 -67 -67 -76 -70 -52 
2016-05-19 22:49:34.138779 -77 -63 -75 -76 -59 
2016-05-19 22:49:34.258663 -71 -64 -76 -74 -58 
2016-05-19 22:49:34.379684 -75 -65 -80 -82 -55 
2016-05-19 22:49:34.488693 -70 -65 -82 -78 -57 
2016-05-19 22:49:34.682846 -77 -69 -77 -77 -61 
2016-05-19 22:49:34.783731 -70 -67 -77 -67 -55 
2016-05-19 22:49:34.906876 -76 -74 -70 -62 -57 
2016-05-19 22:49:35.020763 -66 -69 -75 -68 -64 
2016-05-19 22:49:35.127776 -68 -70 -77 -58 -61 
2016-05-19 22:49:35.232789 -64 -71 -75 -59 -67 
2016-05-19 22:49:35.397811 -60 -66 -69 -60 -69 
2016-05-19 22:49:35.507825 -64 -71 -77 -62 -68 
2016-05-19 22:49:35.620840 -58 -71 -78 -67 -77 
2016-05-19 22:49:35.723854 -61 -68 -70 -60 -59 
2016-05-19 22:49:36.144909 -68 -71 -76 -67 -63 
2016-05-19 22:49:36.248923 -63 -66 -78 -70 -67 
2016-05-19 22:49:36.373967 -57 -80 -68 -71 -61 
2016-05-19 22:49:36.578967 -58 -69 -70 -65 -67 
2016-05-19 22:49:36.767990 -63 -82 -75 -67 -78 
2016-05-19 22:49:36.869004 -77 -76 -72 -70 -62 
2016-05-19 22:49:37.201047 -62 -73 -77 -67 -64 
2016-05-19 22:49:37.405074 -68 -67 -74 -67 -58 
2016-05-19 22:49:37.721114 -72 -77 -68 -67 -62 
2016-05-19 22:49:37.827257 -65 -68 -65 -73 -55 
2016-05-19 22:49:37.938142 -64 -83 -75 -72 -56 
2016-05-19 22:49:38.111165 -55 -72 -71 -75 -57 
2016-05-19 22:49:38.216180 -66 -87 -80 -67 -58 
2016-05-19 22:49:38.320194 -56 -68 -72 -69 -48 
2016-05-19 22:49:38.470213 -60 -74 -75 -74 -57 
2016-05-19 22:49:38.634235 -60 -78 -73 -71 -51 
2016-05-19 22:49:38.743248 -54 -75 -76 -76 -53 
2016-05-19 22:49:38.963406 -55 -71 -77 -71 -57 
2016-05-19 22:49:39.104312 -71 -72 -75 -69 -66 
2016-05-19 22:49:39.212323 -65 -71 -85 -68 -66 
2016-05-19 22:49:39.409336 -73 -73 -80 -79 -64 
2016-05-19 22:49:39.612361 -68 -76 -79 -80 -63 
2016-05-19 22:49:39.799387 -68 -76 -81 -80 -63 
2016-05-19 22:49:39.900399 -79 -75 -79 -71 -65 
2016-05-19 22:49:40.033425 -70 -70 -79 -76 -63 
2016-05-19 22:49:40.224442 -70 -71 -77 -83 -69 
2016-05-19 22:49:40.416467 -72 -81 -81 -77 -65 
2016-05-19 22:49:40.751512 -70 -73 -79 -74 -62 
2016-05-19 22:49:40.960538 -67 -77 -77 -77 -60 
2016-05-19 22:49:41.068567 -67 -70 -74 -76 -62 
2016-05-19 22:49:41.172572 -72 -71 -79 -74 -62 
2016-05-19 22:49:41.388617 -64 -74 -77 -75 -62 
2016-05-19 22:49:41.583623 -74 -74 -76 -74 -60 
2016-05-19 22:49:41.694631 -62 -81 -77 -77 -61 
2016-05-19 22:49:41.799648 -64 -68 -80 -77 -60 
2016-05-19 22:49:41.905661 -63 -81 -82 -76 -63 
2016-05-19 22:49:42.010674 -68 -79 -82 -78 -59 
2016-05-19 22:49:42.119721 -77 -76 -79 -74 -62 
2016-05-19 22:49:42.434728 -64 -79 -75 -79 -59 
2016-05-19 22:49:42.542744 -73 -73 -76 -76 -62 
2016-05-19 22:49:42.667889 -69 -67 -78 -79 -63 
2016-05-19 22:49:42.770774 -63 -74 -77 -77 -62 
2016-05-19 22:49:42.872788 -66 -67 -81 -76 -63 
2016-05-19 22:49:42.981801 -63 -74 -77 -79 -69 
2016-05-19 22:49:43.175843 -74 -72 -79 -83 -64 
2016-05-19 22:49:43.393859 -70 -74 -79 -82 -70 
2016-05-19 22:49:43.594879 -66 -73 -78 -82 -61 
2016-05-19 22:49:43.703900 -63 -75 -83 -75 -65 
2016-05-19 22:49:43.881920 -63 -70 -80 -80 -60 
2016-05-19 22:49:43.988061 -66 -73 -79 -82 -62 
2016-05-19 22:49:44.094944 -63 -72 -79 -82 -59 
2016-05-19 22:49:44.196960 -81 -72 -80 -78 -60 
2016-05-19 22:49:44.237991 -72 -80 -78 -82 -63 
2016-05-19 22:49:44.341980 -68 -81 -77 -78 -62 
2016-05-19 22:49:44.452993 -62 -69 -78 -87 -62 
2016-05-19 22:49:44.752034 -71 -80 -78 -81 -61 
2016-05-19 22:49:44.856047 -72 -83 -76 -76 -60 
2016-05-19 22:49:45.284231 -70 -72 -77 -76 -59 
2016-05-19 22:49:45.493149 -73 -71 -79 -77 -61 
2016-05-19 22:49:45.921188 -70 -83 -78 -77 -59 
2016-05-19 22:49:46.137214 -63 -82 -78 -76 -62 
2016-05-19 22:49:46.335245 -69 -70 -79 -75 -64 
2016-05-19 22:49:46.753294 -66 -71 -78 -76 -62 
2016-05-19 22:49:46.968324 -69 -84 -78 -77 -62 
2016-05-19 22:49:47.171348 -65 -71 -77 -76 -61 
2016-05-19 22:49:47.280360 -64 -87 -77 -79 -63 
2016-05-19 22:49:47.383378 -72 -71 -79 -74 -63 
2016-05-19 22:49:47.593404 -72 -76 -77 -76 -61 
2016-05-19 22:49:47.714425 -63 -81 -76 -79 -63 
2016-05-19 22:49:47.918446 -68 -70 -79 -78 -63 
2016-05-19 22:49:48.235486 -70 -73 -75 -76 -62 
2016-05-19 22:49:48.446516 -63 -78 -77 -75 -64 
2016-05-19 22:49:48.554533 -74 -83 -78 -79 -64 
2016-05-19 22:49:48.758584 -65 -75 -78 -76 -64 
2016-05-19 22:49:49.066597 -67 -75 -78 -75 -64 
2016-05-19 22:49:49.171609 -68 -81 -77 -79 -64 
2016-05-19 22:49:49.282640 -64 -83 -78 -74 -58 
2016-05-19 22:49:49.496654 -69 -81 -78 -79 -64 
2016-05-19 22:49:49.601686 -76 -85 -78 -82 -58 
2016-05-19 22:49:49.912722 -77 -69 -78 -74 -61 
2016-05-19 22:49:50.122736 -67 -69 -77 -77 -63 
2016-05-19 22:49:50.232751 -75 -79 -79 -79 -63 
2016-05-19 22:49:50.339769 -75 -83 -79 -85 -58 
2016-05-19 22:49:50.844958 -65 -71 -78 -80 -60 
2016-05-19 22:49:50.949846 -68 -78 -82 -80 -62 
2016-05-19 22:49:51.055854 -63 -69 -81 -73 -58 
2016-05-19 22:49:51.155867 -70 -75 -74 -81 -61 
2016-05-19 22:49:51.309018 -61 -68 -73 -73 -61 
2016-05-19 22:49:51.475908 -66 -73 -80 -80 -59 
2016-05-19 22:49:51.583924 -74 -77 -80 -75 -61 
2016-05-19 22:49:51.795949 -60 -74 -81 -73 -58 
2016-05-19 22:49:51.989107 -60 -81 -76 -84 -57 
2016-05-19 22:49:52.204005 -69 -81 -77 -72 -57 
2016-05-19 22:49:52.512049 -66 -68 -77 -74 -59 
2016-05-19 22:49:52.620064 -61 -79 -73 -83 -61 
2016-05-19 22:49:52.724074 -68 -68 -80 -72 -60 
2016-05-19 22:49:52.829088 -73 -71 -73 -77 -62 
2016-05-19 22:49:52.940106 -61 -68 -80 -72 -59 
2016-05-19 22:49:53.042115 -73 -71 -80 -79 -61 
2016-05-19 22:49:53.152156 -61 -77 -80 -78 -59 
2016-05-19 22:49:53.255148 -72 -71 -80 -73 -61 
2016-05-19 22:49:53.363157 -62 -78 -79 -78 -59 
2016-05-19 22:49:53.470182 -69 -71 -81 -73 -61 
2016-05-19 22:49:53.579201 -72 -77 -80 -79 -59 
2016-05-19 22:49:53.687200 -62 -72 -81 -79 -60 
2016-05-19 22:49:53.893356 -69 -74 -80 -79 -59 
2016-05-19 22:49:54.000245 -73 -77 -79 -78 -59 
2016-05-19 22:49:54.113295 -62 -68 -80 -79 -60 
2016-05-19 22:49:54.431302 -71 -69 -76 -72 -59 
2016-05-19 22:49:54.536316 -63 -69 -81 -78 -59 
2016-05-19 22:49:54.643333 -71 -78 -73 -72 -60 
2016-05-19 22:49:54.857362 -71 -70 -79 -72 -59 
2016-05-19 22:49:55.060409 -75 -70 -79 -72 -59 
2016-05-19 22:49:55.164410 -62 -77 -74 -78 -61 
2016-05-19 22:49:55.266404 -74 -72 -79 -81 -59 
2016-05-19 22:49:55.395441 -68 -77 -73 -78 -59 
2016-05-19 22:49:55.602450 -68 -72 -76 -76 -59 
2016-05-19 22:49:55.708464 -62 -72 -79 -83 -60 
2016-05-19 22:49:55.819493 -72 -78 -74 -72 -61 
2016-05-19 22:49:55.923499 -62 -68 -79 -83 -59 
2016-05-19 22:49:56.029638 -73 -78 -74 -72 -61 
2016-05-19 22:49:56.139526 -71 -72 -74 -83 -59 
2016-05-19 22:49:56.347574 -71 -75 -81 -75 -61 
2016-05-19 22:49:56.537572 -61 -73 -78 -77 -62 
2016-05-19 22:49:56.644585 -75 -72 -81 -78 -60 
2016-05-19 22:49:56.747600 -61 -78 -79 -84 -62 
2016-05-19 22:49:56.855617 -75 -69 -81 -78 -60 
2016-05-19 22:49:56.962627 -62 -77 -74 -82 -61 
2016-05-19 22:49:57.077645 -75 -72 -79 -78 -61 
2016-05-19 22:49:57.177656 -62 -69 -80 -80 -61 
2016-05-19 22:49:57.280673 -75 -72 -74 -77 -60 
2016-05-19 22:49:57.598710 -75 -72 -81 -76 -60 
2016-05-19 22:49:57.811735 -70 -73 -81 -75 -59 
2016-05-19 22:49:57.997764 -70 -74 -73 -72 -60 
2016-05-19 22:49:58.101905 -62 -68 -81 -79 -60 
2016-05-19 22:49:58.230797 -73 -72 -81 -72 -59 
2016-05-19 22:49:58.337807 -62 -68 -73 -79 -60 
2016-05-19 22:49:58.441818 -70 -72 -81 -72 -60 
2016-05-19 22:49:58.552855 -62 -68 -79 -81 -60 
2016-05-19 22:49:58.728865 -62 -70 -81 -76 -59 
2016-05-19 22:49:58.937886 -73 -72 -80 -81 -59 
2016-05-19 22:49:59.045907 -67 -78 -80 -71 -59 
2016-05-19 22:49:59.155919 -62 -72 -74 -79 -60 
2016-05-19 22:49:59.263928 -73 -67 -81 -80 -60 
2016-05-19 22:49:59.374071 -62 -78 -74 -80 -59 
2016-05-19 22:49:59.481972 -73 -72 -80 -81 -60 
2016-05-19 22:49:59.585975 -70 -78 -74 -80 -60 
2016-05-19 22:49:59.690988 -74 -72 -80 -72 -60 
2016-05-19 22:49:59.811997 -63 -77 -80 -80 -59 
2016-05-19 22:49:59.913013 -74 -68 -80 -81 -60 
2016-05-19 22:50:00.019028 -62 -77 -80 -79 -60 
2016-05-19 22:50:00.209058 -69 -77 -81 -81 -59 
2016-05-19 22:50:00.313066 -75 -68 -79 -80 -60 
2016-05-19 22:50:00.511096 -75 -72 -77 -73 -60 
2016-05-19 22:50:00.820132 -68 -68 -79 -73 -59 
2016-05-19 22:50:00.922142 -62 -76 -80 -79 -60 
2016-05-19 22:50:01.135173 -75 -77 -80 -79 -60 
2016-05-19 22:50:01.246317 -70 -72 -79 -73 -59 
2016-05-19 22:50:01.350331 -75 -69 -80 -79 -60 
2016-05-19 22:50:01.483217 -70 -70 -74 -73 -59 
2016-05-19 22:50:01.690248 -62 -75 -74 -76 -59 
2016-05-19 22:50:01.799259 -75 -72 -80 -81 -60 
2016-05-19 22:50:01.905272 -63 -69 -74 -72 -59 
2016-05-19 22:50:02.010290 -75 -72 -80 -80 -60 
2016-05-19 22:50:02.188310 -63 -77 -74 -79 -59 
2016-05-19 22:50:02.294452 -71 -68 -79 -72 -60 
2016-05-19 22:50:02.727377 -69 -77 -75 -80 -60 
2016-05-19 22:50:02.918534 -72 -68 -79 -72 -61 
2016-05-19 22:50:03.164437 -69 -72 -74 -77 -60 
2016-05-19 22:50:03.339460 -74 -72 -81 -72 -61 
2016-05-19 22:50:03.443474 -63 -77 -74 -79 -62 
2016-05-19 22:50:03.550616 -73 -72 -79 -82 -61 
2016-05-19 22:50:03.658502 -75 -78 -81 -79 -62 
2016-05-19 22:50:03.790647 -73 -73 -76 -75 -62 
2016-05-19 22:50:03.989557 -63 -72 -80 -76 -61 
2016-05-19 22:50:04.192570 -69 -74 -79 -80 -61 
2016-05-19 22:50:04.300586 -75 -77 -81 -71 -59 
2016-05-19 22:50:04.406729 -63 -72 -79 -80 -61 
2016-05-19 22:50:04.518743 -75 -72 -81 -72 -61 
2016-05-19 22:50:04.725643 -71 -68 -80 -81 -59 
2016-05-19 22:50:04.933690 -67 -68 -81 -80 -60 
2016-05-19 22:50:05.143703 -68 -68 -77 -80 -60 
2016-05-19 22:50:05.438865 -71 -75 -80 -75 -60 
2016-05-19 22:50:05.649767 -70 -75 -77 -82 -62 
2016-05-19 22:50:05.754789 -62 -73 -80 -82 -61 
2016-05-19 22:50:05.889803 -74 -68 -81 -82 -59 
2016-05-19 22:50:05.993831 -62 -72 -73 -79 -60 
2016-05-19 22:50:06.210848 -69 -79 -74 -76 -62 
2016-05-19 22:50:06.405861 -67 -67 -74 -71 -61 
2016-05-19 22:50:06.585897 -71 -73 -81 -79 -59 
2016-05-19 22:50:06.690899 -75 -77 -76 -72 -61 
2016-05-19 22:50:06.817912 -63 -72 -74 -82 -60 
2016-05-19 22:50:06.937928 -77 -69 -79 -79 -60 
2016-05-19 22:50:07.131960 -69 -71 -79 -78 -59 
2016-05-19 22:50:07.231985 -62 -77 -80 -72 -61 
2016-05-19 22:50:07.349985 -75 -78 -78 -78 -59 
2016-05-19 22:50:07.457996 -62 -72 -74 -72 -61 
2016-05-19 22:50:07.560022 -73 -79 -79 -78 -60 
2016-05-19 22:50:07.875060 -64 -75 -73 -80 -59 
2016-05-19 22:50:07.981068 -71 -71 -80 -80 -59 
2016-05-19 22:50:08.174093 -73 -75 -79 -72 -59 
2016-05-19 22:50:08.384120 -70 -71 -81 -76 -59 
2016-05-19 22:50:08.487265 -75 -78 -73 -80 -60 
2016-05-19 22:50:08.597148 -62 -72 -79 -72 -59 
2016-05-19 22:50:08.702162 -75 -68 -73 -81 -60 
2016-05-19 22:50:09.008237 -70 -71 -80 -75 -59 
2016-05-19 22:50:09.130240 -62 -78 -73 -72 -60 
2016-05-19 22:50:09.236231 -76 -71 -81 -78 -59 
2016-05-19 22:50:09.339245 -71 -69 -79 -72 -60 
2016-05-19 22:50:09.548272 -70 -74 -73 -72 -59 
2016-05-19 22:50:09.653288 -78 -72 -79 -78 -59 
2016-05-19 22:50:09.756302 -62 -77 -80 -81 -60 
2016-05-19 22:50:10.051369 -78 -72 -79 -75 -59 
2016-05-19 22:50:10.161372 -63 -76 -72 -78 -60 
2016-05-19 22:50:10.329374 -71 -70 -73 -79 -59 
2016-05-19 22:50:10.465392 -63 -69 -80 -81 -60 
2016-05-19 22:50:10.673418 -71 -68 -76 -79 -60 
2016-05-19 22:50:10.848442 -74 -73 -79 -78 -59 
2016-05-19 22:50:10.949460 -62 -76 -80 -78 -60 
2016-05-19 22:50:11.050469 -77 -71 -73 -80 -59 
2016-05-19 22:50:11.372528 -71 -74 -80 -79 -60 
2016-05-19 22:50:11.477521 -63 -72 -80 -80 -59 
2016-05-19 22:50:11.580537 -82 -69 -80 -77 -57 
2016-05-19 22:50:11.690551 -62 -72 -80 -72 -60 
2016-05-19 22:50:12.020597 -73 -72 -80 -76 -61 
2016-05-19 22:50:12.233624 -75 -68 -79 -74 -60 
2016-05-19 22:50:12.595670 -74 -73 -77 -79 -59 
2016-05-19 22:50:12.702681 -75 -72 -73 -72 -59 
2016-05-19 22:50:12.907708 -78 -79 -81 -73 -57 
2016-05-19 22:50:13.008724 -61 -68 -80 -78 -61 
2016-05-19 22:50:13.123739 -75 -68 -81 -81 -59 
2016-05-19 22:50:13.335895 -70 -68 -80 -77 -60 
2016-05-19 22:50:13.443789 -62 -84 -81 -73 -58 
2016-05-19 22:50:13.653810 -78 -81 -81 -76 -59 
2016-05-19 22:50:13.757824 -74 -71 -80 -81 -60 
966
