2016-05-19 23:07:02.647155 -62 -58 -66 -65 -59 
2016-05-19 23:07:02.864051 -50 -67 -59 -60 -64 
2016-05-19 23:07:03.121083 -55 -60 -65 -75 -57 
2016-05-19 23:07:03.337114 -64 -60 -63 -73 -68 
2016-05-19 23:07:03.518136 -57 -60 -63 -71 -68 
2016-05-19 23:07:03.620155 -59 -62 -65 -64 -69 
2016-05-19 23:07:03.757167 -50 -61 -65 -62 -70 
2016-05-19 23:07:03.860185 -53 -63 -62 -59 -64 
2016-05-19 23:07:03.964194 -60 -64 -66 -74 -72 
2016-05-19 23:07:04.152219 -52 -62 -66 -78 -57 
2016-05-19 23:07:04.255362 -48 -79 -62 -71 -57 
2016-05-19 23:07:04.464260 -51 -64 -61 -59 -63 
2016-05-19 23:07:04.579275 -54 -59 -82 -71 -67 
2016-05-19 23:07:04.781304 -56 -59 -71 -62 -60 
2016-05-19 23:07:04.886322 -61 -57 -59 -69 -62 
2016-05-19 23:07:04.990334 -52 -60 -77 -62 -58 
2016-05-19 23:07:05.197349 -55 -65 -71 -64 -62 
2016-05-19 23:07:05.301358 -59 -65 -75 -71 -67 
2016-05-19 23:07:05.409377 -48 -66 -67 -63 -58 
2016-05-19 23:07:05.511387 -60 -67 -70 -70 -65 
2016-05-19 23:07:05.712416 -48 -71 -72 -69 -66 
2016-05-19 23:07:05.817429 -48 -81 -70 -66 -56 
2016-05-19 23:07:05.929444 -60 -71 -69 -77 -67 
2016-05-19 23:07:06.032457 -48 -69 -68 -80 -58 
2016-05-19 23:07:06.243486 -59 -69 -65 -75 -66 
2016-05-19 23:07:06.367503 -62 -71 -68 -59 -73 
2016-05-19 23:07:06.469514 -56 -73 -70 -79 -58 
2016-05-19 23:07:06.570532 -54 -68 -59 -69 -68 
2016-05-19 23:07:06.705549 -48 -76 -78 -57 -62 
2016-05-19 23:07:06.912573 -48 -78 -63 -65 -63 
2016-05-19 23:07:07.071591 -59 -64 -59 -77 -59 
2016-05-19 23:07:07.226612 -63 -69 -64 -71 -65 
2016-05-19 23:07:07.393643 -49 -68 -66 -62 -58 
2016-05-19 23:07:07.498656 -54 -65 -65 -76 -57 
2016-05-19 23:07:07.612675 -62 -74 -67 -78 -64 
2016-05-19 23:07:07.714684 -57 -72 -67 -60 -59 
2016-05-19 23:07:07.823831 -66 -62 -59 -76 -60 
2016-05-19 23:07:07.925716 -57 -74 -64 -61 -57 
2016-05-19 23:07:08.034726 -66 -62 -68 -76 -61 
2016-05-19 23:07:08.235759 -48 -78 -65 -59 -59 
2016-05-19 23:07:08.539785 -54 -77 -59 -67 -58 
2016-05-19 23:07:08.683805 -49 -69 -66 -71 -75 
2016-05-19 23:07:08.789818 -65 -65 -58 -59 -59 
2016-05-19 23:07:09.076854 -49 -68 -59 -59 -61 
2016-05-19 23:07:09.400901 -62 -68 -63 -59 -61 
2016-05-19 23:07:09.610929 -53 -63 -62 -61 -62 
2016-05-19 23:07:09.819952 -54 -62 -61 -61 -70 
2016-05-19 23:07:09.921963 -60 -61 -60 -71 -86 
2016-05-19 23:07:10.024107 -63 -64 -65 -80 -59 
2016-05-19 23:07:10.126990 -62 -60 -63 -60 -72 
2016-05-19 23:07:10.232152 -62 -62 -65 -69 -60 
2016-05-19 23:07:10.341024 -60 -62 -59 -73 -74 
2016-05-19 23:07:10.542047 -63 -63 -62 -82 -64 
2016-05-19 23:07:10.759075 -62 -63 -62 -66 -65 
2016-05-19 23:07:10.958101 -56 -75 -63 -72 -67 
2016-05-19 23:07:11.060114 -58 -61 -58 -60 -59 
2016-05-19 23:07:11.261158 -61 -64 -63 -58 -61 
2016-05-19 23:07:11.363154 -65 -62 -59 -63 -59 
2016-05-19 23:07:11.467168 -49 -63 -67 -62 -62 
2016-05-19 23:07:11.590184 -64 -62 -63 -60 -59 
2016-05-19 23:07:11.800340 -49 -69 -66 -58 -63 
2016-05-19 23:07:12.122251 -49 -64 -62 -63 -61 
2016-05-19 23:07:12.249269 -48 -65 -65 -58 -57 
2016-05-19 23:07:12.457300 -49 -81 -60 -75 -64 
2016-05-19 23:07:12.565335 -52 -62 -77 -66 -60 
2016-05-19 23:07:12.772342 -52 -70 -67 -69 -62 
2016-05-19 23:07:12.939367 -58 -61 -60 -71 -62 
2016-05-19 23:07:13.047378 -53 -76 -73 -58 -62 
2016-05-19 23:07:13.181403 -64 -59 -60 -71 -59 
2016-05-19 23:07:13.450433 -55 -62 -63 -60 -62 
2016-05-19 23:07:13.552601 -66 -60 -59 -63 -61 
2016-05-19 23:07:13.711464 -52 -58 -69 -64 -52 
2016-05-19 23:07:13.816603 -56 -63 -63 -64 -54 
2016-05-19 23:07:13.926492 -69 -53 -61 -63 -71 
2016-05-19 23:07:14.129515 -51 -60 -68 -62 -60 
2016-05-19 23:07:14.242527 -59 -53 -65 -54 -60 
2016-05-19 23:07:14.443556 -52 -56 -64 -61 -71 
2016-05-19 23:07:14.650584 -50 -58 -54 -64 -64 
2016-05-19 23:07:14.819606 -62 -68 -55 -56 -58 
2016-05-19 23:07:15.005629 -57 -56 -64 -69 -55 
2016-05-19 23:07:15.084641 -60 -63 -53 -59 -61 
2016-05-19 23:07:15.216786 -66 -62 -63 -61 -62 
2016-05-19 23:07:15.429703 -66 -59 -57 -66 -59 
2016-05-19 23:07:15.534698 -82 -52 -60 -72 -65 
2016-05-19 23:07:15.640841 -60 -62 -59 -63 -64 
2016-05-19 23:07:15.928879 -51 -59 -67 -72 -57 
2016-05-19 23:07:16.038765 -56 -60 -61 -73 -61 
2016-05-19 23:07:16.137775 -52 -61 -71 -58 -62 
2016-05-19 23:07:16.304928 -58 -62 -61 -56 -60 
2016-05-19 23:07:16.412811 -68 -66 -65 -63 -62 
2016-05-19 23:07:16.517855 -66 -64 -57 -69 -66 
2016-05-19 23:07:16.619841 -57 -62 -53 -61 -59 
2016-05-19 23:07:16.784991 -57 -54 -57 -71 -60 
2016-05-19 23:07:16.962882 -57 -52 -59 -65 -53 
2016-05-19 23:07:17.136915 -53 -59 -59 -66 -48 
2016-05-19 23:07:17.293929 -49 -56 -60 -67 -58 
2016-05-19 23:07:17.609107 -51 -60 -61 -65 -48 
2016-05-19 23:07:17.713124 -50 -59 -60 -71 -48 
2016-05-19 23:07:17.815004 -56 -59 -57 -63 -60 
2016-05-19 23:07:17.978022 -49 -59 -54 -61 -48 
2016-05-19 23:07:18.261063 -52 -60 -60 -72 -52 
2016-05-19 23:07:18.369206 -50 -65 -56 -71 -58 
2016-05-19 23:07:18.478086 -52 -59 -60 -68 -46 
2016-05-19 23:07:18.579109 -49 -66 -56 -68 -59 
2016-05-19 23:07:18.684118 -55 -63 -61 -62 -49 
2016-05-19 23:07:18.793263 -52 -61 -57 -63 -57 
2016-05-19 23:07:19.000158 -56 -60 -60 -65 -59 
2016-05-19 23:07:19.208176 -53 -63 -60 -62 -50 
2016-05-19 23:07:19.317196 -62 -66 -63 -58 -51 
2016-05-19 23:07:19.494216 -52 -71 -58 -60 -47 
2016-05-19 23:07:19.736253 -65 -57 -66 -68 -50 
2016-05-19 23:07:19.857392 -61 -63 -72 -66 -51 
2016-05-19 23:07:20.061290 -64 -60 -72 -75 -52 
2016-05-19 23:07:20.485345 -61 -54 -60 -64 -50 
2016-05-19 23:07:20.660369 -56 -57 -79 -65 -49 
2016-05-19 23:07:20.795385 -72 -63 -73 -64 -51 
2016-05-19 23:07:20.916404 -58 -53 -61 -65 -52 
2016-05-19 23:07:21.019415 -52 -56 -63 -68 -48 
2016-05-19 23:07:21.125430 -62 -61 -65 -64 -55 
2016-05-19 23:07:21.219442 -54 -59 -68 -63 -51 
2016-05-19 23:07:21.324455 -57 -59 -63 -69 -49 
2016-05-19 23:07:21.612497 -57 -66 -65 -67 -64 
2016-05-19 23:07:21.868523 -66 -67 -71 -67 -49 
2016-05-19 23:07:21.976541 -52 -64 -67 -69 -48 
2016-05-19 23:07:22.084554 -62 -65 -68 -69 -49 
2016-05-19 23:07:22.239574 -61 -66 -62 -71 -49 
2016-05-19 23:07:22.449611 -56 -60 -65 -62 -62 
2016-05-19 23:07:22.551623 -51 -57 -68 -63 -55 
2016-05-19 23:07:22.723642 -57 -64 -66 -65 -48 
2016-05-19 23:07:22.824658 -65 -64 -72 -66 -53 
2016-05-19 23:07:22.962681 -52 -56 -69 -69 -49 
2016-05-19 23:07:23.110696 -50 -57 -66 -72 -55 
2016-05-19 23:07:23.322728 -51 -64 -63 -68 -55 
2016-05-19 23:07:23.425867 -56 -59 -71 -60 -51 
2016-05-19 23:07:23.546752 -54 -58 -64 -65 -59 
2016-05-19 23:07:23.652772 -58 -63 -69 -65 -49 
2016-05-19 23:07:23.753902 -57 -61 -67 -68 -68 
2016-05-19 23:07:23.903795 -58 -63 -60 -66 -49 
2016-05-19 23:07:24.282853 -55 -67 -67 -75 -51 
2016-05-19 23:07:24.388860 -48 -61 -59 -63 -56 
2016-05-19 23:07:24.600890 -53 -63 -62 -63 -48 
2016-05-19 23:07:24.882933 -55 -64 -62 -67 -47 
2016-05-19 23:07:25.088952 -58 -61 -66 -73 -48 
2016-05-19 23:07:25.189968 -58 -64 -68 -72 -57 
2016-05-19 23:07:25.292985 -49 -64 -69 -63 -50 
2016-05-19 23:07:25.400994 -59 -63 -60 -71 -59 
2016-05-19 23:07:25.505000 -49 -65 -68 -64 -49 
2016-05-19 23:07:25.608018 -60 -62 -59 -68 -59 
2016-05-19 23:07:25.717029 -60 -62 -70 -62 -48 
2016-05-19 23:07:25.885051 -58 -61 -66 -64 -57 
2016-05-19 23:07:25.985064 -49 -59 -65 -67 -47 
2016-05-19 23:07:26.173092 -55 -60 -58 -77 -48 
2016-05-19 23:07:26.321114 -73 -59 -71 -61 -50 
2016-05-19 23:07:26.427122 -51 -60 -68 -77 -48 
2016-05-19 23:07:26.585143 -69 -63 -69 -59 -52 
2016-05-19 23:07:26.904184 -55 -63 -65 -68 -49 
2016-05-19 23:07:27.003200 -59 -65 -71 -60 -48 
2016-05-19 23:07:27.105210 -49 -62 -60 -74 -55 
2016-05-19 23:07:27.209221 -55 -69 -66 -67 -50 
2016-05-19 23:07:27.314366 -51 -61 -61 -61 -48 
2016-05-19 23:07:27.416258 -65 -61 -68 -65 -50 
2016-05-19 23:07:27.519315 -58 -62 -62 -62 -49 
2016-05-19 23:07:27.685285 -59 -60 -66 -62 -49 
2016-05-19 23:07:27.785315 -49 -61 -66 -66 -49 
2016-05-19 23:07:27.889317 -62 -65 -66 -59 -50 
2016-05-19 23:07:27.997328 -65 -66 -68 -72 -52 
2016-05-19 23:07:28.121342 -61 -65 -66 -66 -51 
2016-05-19 23:07:28.332370 -56 -63 -72 -68 -51 
2016-05-19 23:07:28.441384 -62 -62 -79 -68 -58 
2016-05-19 23:07:28.585403 -63 -59 -67 -68 -51 
2016-05-19 23:07:28.905445 -61 -66 -65 -59 -57 
2016-05-19 23:07:29.009456 -58 -58 -71 -69 -70 
2016-05-19 23:07:29.167480 -52 -62 -68 -58 -54 
2016-05-19 23:07:29.379504 -60 -54 -62 -65 -55 
2016-05-19 23:07:29.580533 -58 -62 -65 -72 -59 
2016-05-19 23:07:29.744553 -52 -57 -62 -62 -57 
2016-05-19 23:07:29.951583 -55 -57 -73 -64 -58 
2016-05-19 23:07:30.060595 -50 -60 -77 -74 -60 
2016-05-19 23:07:30.163613 -51 -64 -69 -65 -55 
2016-05-19 23:07:30.265623 -54 -59 -63 -63 -60 
2016-05-19 23:07:30.391638 -57 -61 -76 -60 -60 
2016-05-19 23:07:30.499651 -54 -64 -66 -63 -58 
2016-05-19 23:07:30.606668 -56 -65 -64 -74 -63 
2016-05-19 23:07:30.941712 -49 -66 -70 -69 -58 
2016-05-19 23:07:31.043728 -63 -53 -74 -65 -57 
2016-05-19 23:07:31.149735 -51 -63 -66 -68 -50 
2016-05-19 23:07:31.256752 -56 -59 -74 -63 -52 
2016-05-19 23:07:31.364764 -51 -69 -74 -74 -59 
2016-05-19 23:07:31.576823 -48 -65 -76 -64 -64 
2016-05-19 23:07:31.779818 -51 -57 -66 -67 -61 
2016-05-19 23:07:31.881835 -60 -64 -62 -64 -60 
2016-05-19 23:07:32.184870 -51 -64 -67 -71 -58 
2016-05-19 23:07:32.286888 -51 -58 -72 -71 -54 
2016-05-19 23:07:32.501922 -51 -59 -64 -62 -57 
2016-05-19 23:07:32.604932 -48 -59 -65 -68 -55 
2016-05-19 23:07:32.878976 -46 -64 -67 -77 -63 
2016-05-19 23:07:32.982995 -47 -56 -69 -59 -60 
2016-05-19 23:07:33.296026 -49 -57 -71 -66 -60 
2016-05-19 23:07:33.398039 -59 -59 -65 -68 -61 
2016-05-19 23:07:33.551060 -48 -58 -66 -74 -59 
2016-05-19 23:07:33.653073 -51 -53 -70 -71 -72 
2016-05-19 23:07:33.752086 -44 -69 -67 -60 -53 
2016-05-19 23:07:33.857099 -60 -55 -62 -62 -62 
2016-05-19 23:07:34.056127 -53 -56 -68 -66 -63 
2016-05-19 23:07:34.158140 -51 -57 -62 -68 -71 
2016-05-19 23:07:34.297157 -52 -60 -65 -65 -60 
2016-05-19 23:07:34.509190 -52 -64 -65 -64 -54 
2016-05-19 23:07:34.724217 -44 -60 -66 -63 -63 
2016-05-19 23:07:34.897235 -47 -57 -68 -64 -65 
2016-05-19 23:07:35.001266 -49 -65 -65 -68 -58 
2016-05-19 23:07:35.172271 -47 -56 -72 -69 -63 
2016-05-19 23:07:35.380295 -54 -62 -71 -72 -60 
2016-05-19 23:07:35.487312 -49 -59 -66 -67 -58 
2016-05-19 23:07:35.592325 -54 -65 -77 -68 -68 
2016-05-19 23:07:35.697340 -46 -57 -67 -64 -56 
2016-05-19 23:07:35.804358 -57 -73 -77 -65 -60 
2016-05-19 23:07:35.912369 -49 -56 -69 -65 -68 
2016-05-19 23:07:36.034390 -57 -58 -74 -63 -64 
2016-05-19 23:07:36.271414 -51 -66 -72 -65 -59 
2016-05-19 23:07:36.482442 -52 -70 -74 -64 -70 
2016-05-19 23:07:36.586469 -50 -59 -68 -63 -62 
2016-05-19 23:07:36.882494 -48 -57 -83 -66 -64 
2016-05-19 23:07:36.991508 -52 -62 -67 -66 -60 
2016-05-19 23:07:37.093536 -48 -61 -69 -63 -67 
2016-05-19 23:07:37.201529 -61 -55 -69 -65 -74 
2016-05-19 23:07:37.304546 -48 -61 -80 -62 -68 
2016-05-19 23:07:37.538584 -54 -65 -70 -63 -61 
2016-05-19 23:07:37.642594 -45 -57 -79 -68 -66 
2016-05-19 23:07:37.749612 -57 -65 -66 -68 -63 
2016-05-19 23:07:37.856622 -45 -59 -69 -65 -71 
2016-05-19 23:07:38.046652 -50 -60 -72 -64 -65 
2016-05-19 23:07:38.152661 -54 -68 -67 -62 -64 
2016-05-19 23:07:38.255672 -49 -61 -80 -62 -61 
2016-05-19 23:07:38.566715 -52 -63 -73 -68 -66 
2016-05-19 23:07:38.777742 -51 -60 -75 -68 -66 
2016-05-19 23:07:38.917761 -48 -68 -73 -67 -61 
2016-05-19 23:07:39.346829 -49 -59 -66 -64 -61 
2016-05-19 23:07:39.450826 -50 -55 -69 -62 -68 
2016-05-19 23:07:39.611981 -48 -57 -67 -67 -61 
2016-05-19 23:07:39.712864 -52 -59 -79 -65 -65 
2016-05-19 23:07:39.816879 -52 -67 -65 -66 -64 
2016-05-19 23:07:39.936897 -53 -68 -66 -65 -64 
2016-05-19 23:07:40.340076 -57 -64 -67 -67 -67 
2016-05-19 23:07:40.452960 -48 -62 -73 -65 -61 
2016-05-19 23:07:40.561974 -50 -62 -68 -69 -66 
2016-05-19 23:07:40.663989 -57 -57 -71 -65 -69 
2016-05-19 23:07:40.869015 -52 -58 -66 -65 -68 
2016-05-19 23:07:41.018034 -50 -59 -63 -67 -64 
2016-05-19 23:07:41.158053 -54 -58 -67 -68 -63 
2016-05-19 23:07:41.361076 -52 -63 -72 -63 -58 
2016-05-19 23:07:41.568128 -55 -62 -71 -61 -65 
2016-05-19 23:07:41.674113 -49 -63 -66 -68 -58 
2016-05-19 23:07:41.858137 -55 -63 -68 -62 -65 
2016-05-19 23:07:41.961147 -57 -60 -67 -68 -63 
2016-05-19 23:07:42.280204 -48 -63 -69 -62 -57 
2016-05-19 23:07:42.383213 -48 -57 -77 -65 -82 
2016-05-19 23:07:42.492388 -53 -56 -69 -64 -69 
2016-05-19 23:07:42.736257 -52 -62 -67 -67 -64 
2016-05-19 23:07:43.046295 -50 -56 -66 -59 -65 
2016-05-19 23:07:43.275326 -51 -59 -71 -62 -60 
2016-05-19 23:07:43.384336 -51 -65 -59 -63 -68 
2016-05-19 23:07:43.491347 -58 -70 -70 -65 -70 
2016-05-19 23:07:43.591361 -60 -66 -60 -63 -57 
2016-05-19 23:07:43.697377 -54 -78 -68 -68 -71 
2016-05-19 23:07:43.802395 -54 -63 -67 -61 -60 
2016-05-19 23:07:43.945414 -54 -60 -63 -59 -59 
2016-05-19 23:07:44.148564 -61 -56 -59 -60 -66 
2016-05-19 23:07:44.247449 -60 -59 -62 -58 -58 
2016-05-19 23:07:44.349475 -57 -50 -59 -60 -60 
2016-05-19 23:07:44.561487 -63 -61 -68 -60 -64 
2016-05-19 23:07:44.664506 -58 -58 -63 -65 -64 
2016-05-19 23:07:44.866531 -57 -59 -59 -69 -59 
2016-05-19 23:07:45.069556 -52 -67 -55 -62 -56 
2016-05-19 23:07:45.193573 -64 -59 -65 -69 -60 
2016-05-19 23:07:45.303587 -49 -69 -59 -57 -66 
2016-05-19 23:07:45.493613 -57 -60 -64 -83 -66 
2016-05-19 23:07:45.704642 -49 -56 -70 -66 -63 
2016-05-19 23:07:45.823654 -60 -54 -59 -65 -68 
2016-05-19 23:07:45.929669 -56 -58 -59 -68 -59 
2016-05-19 23:07:46.036811 -51 -57 -66 -62 -62 
2016-05-19 23:07:46.231705 -58 -58 -67 -59 -71 
2016-05-19 23:07:46.337722 -64 -69 -62 -64 -64 
2016-05-19 23:07:46.445739 -55 -63 -67 -74 -66 
2016-05-19 23:07:46.672766 -65 -65 -60 -69 -61 
2016-05-19 23:07:46.777780 -62 -65 -62 -81 -68 
2016-05-19 23:07:46.977806 -71 -66 -59 -78 -63 
2016-05-19 23:07:47.086817 -63 -65 -58 -65 -66 
2016-05-19 23:07:47.206833 -68 -68 -59 -76 -62 
2016-05-19 23:07:47.309849 -71 -62 -56 -64 -62 
2016-05-19 23:07:47.498893 -59 -66 -57 -62 -61 
2016-05-19 23:07:47.811913 -58 -58 -57 -65 -69 
2016-05-19 23:07:47.947933 -52 -57 -57 -56 -65 
2016-05-19 23:07:48.121953 -54 -59 -58 -77 -66 
2016-05-19 23:07:48.225972 -54 -52 -61 -69 -62 
2016-05-19 23:07:48.332984 -60 -57 -62 -69 -68 
2016-05-19 23:07:48.438003 -59 -53 -63 -65 -67 
2016-05-19 23:07:48.541139 -58 -69 -62 -66 -61 
2016-05-19 23:07:48.643023 -53 -57 -68 -68 -68 
2016-05-19 23:07:48.955064 -58 -63 -61 -65 -67 
2016-05-19 23:07:49.063078 -56 -58 -70 -67 -65 
2016-05-19 23:07:49.166105 -58 -62 -60 -69 -70 
2016-05-19 23:07:49.268104 -54 -62 -64 -67 -59 
2016-05-19 23:07:49.474167 -59 -59 -60 -63 -62 
2016-05-19 23:07:49.576149 -59 -59 -64 -77 -64 
2016-05-19 23:07:49.801178 -58 -56 -60 -57 -61 
2016-05-19 23:07:49.903188 -57 -51 -62 -56 -61 
2016-05-19 23:07:50.012200 -60 -66 -60 -71 -63 
2016-05-19 23:07:50.122214 -55 -51 -60 -56 -65 
2016-05-19 23:07:50.225229 -59 -54 -59 -73 -58 
2016-05-19 23:07:50.332241 -57 -51 -57 -76 -64 
2016-05-19 23:07:50.434257 -63 -61 -60 -75 -67 
2016-05-19 23:07:50.544282 -61 -52 -55 -54 -62 
2016-05-19 23:07:50.710296 -62 -64 -59 -60 -65 
2016-05-19 23:07:50.916323 -59 -62 -60 -74 -64 
2016-05-19 23:07:51.101472 -57 -52 -64 -58 -71 
2016-05-19 23:07:51.313372 -59 -58 -61 -58 -62 
2016-05-19 23:07:51.509526 -57 -55 -61 -66 -76 
2016-05-19 23:07:51.610428 -57 -53 -59 -74 -70 
2016-05-19 23:07:51.793435 -59 -59 -60 -62 -58 
2016-05-19 23:07:51.901578 -57 -60 -62 -57 -70 
2016-05-19 23:07:52.109605 -54 -56 -61 -65 -63 
2016-05-19 23:07:52.218491 -62 -52 -63 -73 -63 
2016-05-19 23:07:52.376523 -58 -55 -61 -66 -60 
2016-05-19 23:07:52.526543 -59 -59 -63 -57 -60 
2016-05-19 23:07:52.697551 -67 -54 -60 -62 -64 
2016-05-19 23:07:53.011598 -57 -62 -62 -67 -62 
2016-05-19 23:07:53.114608 -63 -58 -61 -72 -70 
2016-05-19 23:07:53.217617 -59 -59 -60 -70 -62 
2016-05-19 23:07:53.320634 -60 -62 -59 -62 -73 
2016-05-19 23:07:53.533790 -55 -53 -59 -59 -64 
2016-05-19 23:07:53.638675 -64 -51 -60 -67 -60 
2016-05-19 23:07:53.743694 -68 -62 -59 -59 -68 
2016-05-19 23:07:53.889708 -52 -52 -65 -65 -59 
2016-05-19 23:07:54.006727 -67 -64 -61 -58 -64 
2016-05-19 23:07:54.218751 -54 -60 -60 -72 -80 
2016-05-19 23:07:54.324764 -58 -61 -61 -68 -65 
2016-05-19 23:07:54.529793 -52 -68 -61 -63 -62 
2016-05-19 23:07:54.741949 -57 -53 -59 -61 -59 
2016-05-19 23:07:54.849834 -54 -53 -63 -59 -63 
2016-05-19 23:07:55.164875 -62 -59 -60 -64 -62 
2016-05-19 23:07:55.369902 -58 -57 -61 -64 -61 
2016-05-19 23:07:55.571932 -62 -64 -62 -62 -71 
2016-05-19 23:07:55.689943 -59 -62 -64 -56 -72 
2016-05-19 23:07:55.793957 -54 -61 -63 -80 -61 
2016-05-19 23:07:55.900989 -67 -56 -65 -55 -67 
2016-05-19 23:07:56.007983 -56 -61 -68 -70 -64 
2016-05-19 23:07:56.110127 -59 -56 -59 -55 -61 
2016-05-19 23:07:56.214141 -55 -59 -57 -66 -77 
2016-05-19 23:07:56.379034 -52 -59 -58 -63 -61 
2016-05-19 23:07:56.592066 -65 -65 -59 -64 -66 
2016-05-19 23:07:56.696078 -64 -58 -63 -61 -68 
2016-05-19 23:07:56.799090 -56 -58 -66 -62 -66 
2016-05-19 23:07:57.009117 -58 -62 -60 -60 -62 
2016-05-19 23:07:57.112133 -65 -60 -61 -64 -76 
2016-05-19 23:07:57.216144 -68 -65 -61 -55 -66 
2016-05-19 23:07:57.321156 -54 -70 -66 -60 -59 
2016-05-19 23:07:57.572201 -59 -66 -61 -65 -70 
2016-05-19 23:07:57.678342 -60 -69 -67 -62 -60 
2016-05-19 23:07:57.955240 -68 -61 -71 -60 -60 
2016-05-19 23:07:58.054382 -60 -64 -75 -72 -62 
2016-05-19 23:07:58.158396 -69 -60 -68 -59 -65 
2016-05-19 23:07:58.292287 -51 -65 -77 -62 -66 
2016-05-19 23:07:58.394298 -58 -65 -78 -69 -73 
2016-05-19 23:07:58.596325 -59 -64 -72 -66 -66 
2016-05-19 23:07:58.752347 -59 -56 -69 -69 -62 
2016-05-19 23:07:58.860358 -61 -53 -64 -59 -60 
2016-05-19 23:07:58.969376 -53 -66 -73 -64 -67 
2016-05-19 23:07:59.071385 -66 -63 -72 -75 -59 
2016-05-19 23:07:59.174400 -58 -62 -66 -60 -66 
2016-05-19 23:07:59.349422 -63 -65 -66 -70 -68 
2016-05-19 23:07:59.558579 -59 -60 -70 -62 -67 
2016-05-19 23:07:59.754474 -57 -69 -62 -64 -72 
2016-05-19 23:07:59.862544 -60 -61 -66 -77 -59 
2016-05-19 23:07:59.972507 -61 -61 -68 -79 -63 
2016-05-19 23:08:00.080517 -52 -59 -71 -67 -58 
2016-05-19 23:08:00.184531 -54 -55 -72 -68 -58 
2016-05-19 23:08:00.290546 -46 -61 -73 -69 -61 
2016-05-19 23:08:00.394558 -46 -54 -71 -67 -71 
2016-05-19 23:08:00.606719 -46 -57 -77 -79 -61 
2016-05-19 23:08:00.815613 -47 -61 -74 -73 -64 
2016-05-19 23:08:01.023639 -54 -64 -76 -72 -75 
2016-05-19 23:08:01.128651 -52 -56 -72 -74 -64 
2016-05-19 23:08:01.333678 -56 -61 -69 -88 -67 
2016-05-19 23:08:01.537711 -59 -67 -68 -76 -62 
2016-05-19 23:08:01.643718 -83 -76 -68 -76 -66 
2016-05-19 23:08:01.747739 -46 -58 -75 -67 -55 
2016-05-19 23:08:01.851748 -57 -67 -66 -72 -67 
2016-05-19 23:08:01.972768 -50 -61 -77 -64 -68 
2016-05-19 23:08:02.073776 -53 -72 -68 -71 -61 
2016-05-19 23:08:02.282812 -57 -64 -72 -74 -61 
2016-05-19 23:08:02.443831 -51 -67 -68 -73 -61 
2016-05-19 23:08:02.549847 -64 -71 -75 -59 -58 
2016-05-19 23:08:02.653857 -53 -61 -68 -67 -58 
2016-05-19 23:08:02.762880 -57 -72 -71 -59 -68 
2016-05-19 23:08:02.869889 -75 -62 -69 -65 -59 
2016-05-19 23:08:02.969926 -51 -57 -71 -64 -63 
2016-05-19 23:08:03.112926 -56 -62 -68 -81 -65 
2016-05-19 23:08:03.215064 -54 -55 -66 -71 -64 
2016-05-19 23:08:03.487100 -64 -59 -66 -64 -62 
2016-05-19 23:08:03.674995 -51 -62 -67 -61 -58 
2016-05-19 23:08:03.752004 -54 -55 -68 -67 -67 
2016-05-19 23:08:03.877022 -51 -62 -65 -65 -68 
2016-05-19 23:08:04.089045 -55 -75 -65 -64 -59 
2016-05-19 23:08:04.333076 -53 -65 -66 -64 -61 
2016-05-19 23:08:04.435086 -51 -59 -68 -65 -66 
2016-05-19 23:08:04.673123 -56 -66 -67 -66 -60 
2016-05-19 23:08:04.787132 -57 -67 -67 -60 -70 
2016-05-19 23:08:04.930150 -61 -63 -69 -69 -59 
2016-05-19 23:08:05.091172 -59 -66 -65 -65 -59 
2016-05-19 23:08:05.197185 -54 -60 -68 -68 -71 
2016-05-19 23:08:05.411214 -54 -61 -66 -71 -72 
2016-05-19 23:08:05.571235 -51 -56 -65 -61 -62 
2016-05-19 23:08:05.677248 -54 -61 -66 -68 -65 
2016-05-19 23:08:05.830268 -55 -54 -65 -64 -81 
2016-05-19 23:08:05.952284 -51 -70 -66 -61 -63 
2016-05-19 23:08:06.055442 -58 -66 -67 -65 -61 
2016-05-19 23:08:06.191446 -51 -63 -65 -62 -69 
2016-05-19 23:08:06.474350 -55 -60 -66 -64 -68 
2016-05-19 23:08:06.666378 -53 -59 -66 -67 -74 
2016-05-19 23:08:06.848404 -59 -58 -66 -78 -61 
2016-05-19 23:08:06.949412 -60 -61 -65 -64 -57 
2016-05-19 23:08:07.157441 -51 -58 -66 -71 -60 
2016-05-19 23:08:07.291459 -60 -57 -67 -66 -64 
2016-05-19 23:08:07.482491 -55 -63 -67 -68 -59 
2016-05-19 23:08:07.692519 -55 -60 -67 -71 -63 
2016-05-19 23:08:07.898551 -56 -61 -66 -69 -60 
2016-05-19 23:08:08.109580 -62 -62 -66 -68 -61 
2016-05-19 23:08:08.210586 -53 -67 -66 -61 -60 
2016-05-19 23:08:08.313608 -67 -73 -64 -61 -60 
2016-05-19 23:08:08.523633 -59 -63 -62 -61 -63 
2016-05-19 23:08:08.723660 -56 -75 -69 -62 -63 
2016-05-19 23:08:08.866672 -63 -62 -66 -62 -59 
2016-05-19 23:08:08.972685 -66 -62 -65 -65 -62 
2016-05-19 23:08:09.076699 -52 -61 -65 -60 -58 
2016-05-19 23:08:09.252715 -60 -64 -66 -70 -64 
2016-05-19 23:08:09.359869 -65 -62 -64 -60 -57 
2016-05-19 23:08:09.468756 -52 -63 -68 -71 -70 
2016-05-19 23:08:09.574761 -66 -60 -79 -62 -57 
2016-05-19 23:08:09.674778 -62 -66 -65 -66 -66 
2016-05-19 23:08:09.956807 -58 -62 -69 -65 -61 
2016-05-19 23:08:10.105826 -58 -62 -67 -68 -62 
2016-05-19 23:08:10.213844 -54 -62 -64 -74 -58 
2016-05-19 23:08:10.318858 -63 -58 -66 -62 -66 
2016-05-19 23:08:10.532882 -69 -64 -65 -75 -58 
2016-05-19 23:08:10.657899 -69 -61 -79 -63 -59 
2016-05-19 23:08:10.758926 -58 -66 -67 -72 -57 
2016-05-19 23:08:10.860925 -58 -66 -70 -63 -64 
2016-05-19 23:08:10.966940 -50 -61 -71 -62 -70 
2016-05-19 23:08:11.073957 -56 -62 -72 -72 -57 
2016-05-19 23:08:11.174964 -62 -65 -71 -62 -59 
2016-05-19 23:08:11.265978 -65 -69 -76 -70 -66 
2016-05-19 23:08:11.682032 -51 -65 -70 -58 -68 
2016-05-19 23:08:12.099091 -57 -56 -69 -64 -57 
2016-05-19 23:08:12.527153 -53 -64 -74 -65 -59 
2016-05-19 23:08:12.632317 -49 -61 -69 -69 -60 
2016-05-19 23:08:12.741178 -49 -62 -68 -65 -70 
2016-05-19 23:08:12.952336 -50 -59 -70 -68 -55 
2016-05-19 23:08:13.059225 -51 -69 -75 -60 -57 
2016-05-19 23:08:13.275244 -52 -55 -70 -66 -52 
2016-05-19 23:08:13.477274 -47 -58 -75 -63 -62 
2016-05-19 23:08:13.636310 -48 -60 -68 -61 -68 
2016-05-19 23:08:13.741302 -48 -60 -65 -60 -57 
2016-05-19 23:08:13.852316 -51 -67 -64 -69 -51 
2016-05-19 23:08:13.960460 -49 -60 -68 -58 -58 
2016-05-19 23:08:14.066353 -46 -57 -63 -64 -56 
2016-05-19 23:08:14.212364 -56 -64 -66 -61 -58 
2016-05-19 23:08:14.484404 -55 -56 -67 -62 -58 
2016-05-19 23:08:14.635415 -48 -61 -76 -58 -52 
2016-05-19 23:08:14.741432 -49 -57 -70 -57 -52 
2016-05-19 23:08:14.849450 -47 -62 -66 -62 -56 
2016-05-19 23:08:15.109484 -53 -58 -72 -62 -58 
2016-05-19 23:08:15.212495 -48 -66 -65 -59 -61 
2016-05-19 23:08:15.314511 -53 -53 -71 -72 -54 
2016-05-19 23:08:15.417521 -56 -59 -68 -63 -55 
2016-05-19 23:08:15.691556 -55 -66 -69 -71 -54 
2016-05-19 23:08:15.800700 -48 -61 -67 -65 -55 
2016-05-19 23:08:15.903584 -51 -53 -63 -61 -53 
2016-05-19 23:08:16.011598 -48 -65 -72 -66 -57 
2016-05-19 23:08:16.222626 -47 -60 -68 -61 -56 
2016-05-19 23:08:16.330637 -56 -58 -73 -60 -53 
2016-05-19 23:08:16.481660 -50 -60 -74 -59 -52 
2016-05-19 23:08:16.692687 -50 -60 -71 -60 -54 
2016-05-19 23:08:16.799705 -56 -63 -64 -60 -56 
2016-05-19 23:08:16.959726 -49 -55 -68 -62 -53 
2016-05-19 23:08:17.166748 -52 -57 -68 -62 -55 
2016-05-19 23:08:17.370780 -54 -59 -74 -61 -50 
2016-05-19 23:08:17.553806 -51 -63 -73 -61 -53 
2016-05-19 23:08:17.801840 -53 -59 -71 -61 -59 
2016-05-19 23:08:18.010867 -50 -61 -65 -62 -56 
2016-05-19 23:08:18.113010 -50 -68 -68 -62 -59 
2016-05-19 23:08:18.221894 -56 -54 -63 -64 -54 
2016-05-19 23:08:18.390913 -48 -60 -71 -61 -54 
2016-05-19 23:08:18.580937 -53 -64 -64 -62 -62 
2016-05-19 23:08:18.714963 -52 -56 -68 -63 -57 
2016-05-19 23:08:18.922998 -50 -64 -68 -61 -60 
2016-05-19 23:08:19.131003 -55 -61 -69 -61 -61 
2016-05-19 23:08:19.232022 -54 -59 -62 -65 -53 
2016-05-19 23:08:19.364036 -60 -59 -72 -62 -59 
2016-05-19 23:08:19.507055 -53 -62 -71 -60 -54 
2016-05-19 23:08:19.615072 -51 -58 -64 -62 -62 
2016-05-19 23:08:19.718082 -53 -64 -86 -62 -57 
2016-05-19 23:08:19.826093 -50 -61 -61 -59 -52 
2016-05-19 23:08:20.036126 -51 -61 -61 -62 -59 
2016-05-19 23:08:20.170145 -58 -61 -72 -60 -51 
2016-05-19 23:08:20.353295 -55 -68 -80 -62 -58 
2016-05-19 23:08:20.458179 -54 -61 -62 -64 -54 
2016-05-19 23:08:20.681337 -56 -61 -63 -62 -57 
2016-05-19 23:08:20.784221 -55 -59 -67 -69 -60 
2016-05-19 23:08:20.978247 -50 -68 -79 -59 -55 
2016-05-19 23:08:21.081257 -50 -66 -69 -66 -57 
2016-05-19 23:08:21.207277 -54 -68 -75 -56 -54 
2016-05-19 23:08:21.316289 -49 -71 -69 -60 -60 
2016-05-19 23:08:21.423305 -48 -61 -68 -57 -54 
2016-05-19 23:08:21.532319 -44 -57 -74 -60 -61 
2016-05-19 23:08:21.635337 -47 -61 -75 -62 -50 
2016-05-19 23:08:21.839359 -49 -63 -65 -64 -51 
2016-05-19 23:08:21.951372 -49 -59 -70 -65 -51 
2016-05-19 23:08:22.059388 -45 -65 -62 -64 -57 
2016-05-19 23:08:22.249541 -50 -62 -65 -63 -57 
2016-05-19 23:08:22.348434 -48 -59 -76 -64 -52 
2016-05-19 23:08:22.452447 -50 -57 -72 -64 -51 
2016-05-19 23:08:22.572462 -51 -59 -65 -64 -64 
2016-05-19 23:08:22.952512 -50 -70 -65 -68 -63 
2016-05-19 23:08:23.076525 -53 -66 -68 -77 -75 
2016-05-19 23:08:23.183543 -50 -71 -73 -68 -61 
2016-05-19 23:08:23.290561 -51 -77 -66 -69 -59 
2016-05-19 23:08:23.494583 -53 -66 -71 -70 -54 
2016-05-19 23:08:23.594595 -50 -56 -65 -76 -56 
2016-05-19 23:08:23.688639 -57 -63 -69 -65 -55 
2016-05-19 23:08:23.789613 -51 -64 -68 -63 -62 
2016-05-19 23:08:23.899628 -51 -62 -70 -65 -62 
2016-05-19 23:08:24.004641 -51 -54 -72 -69 -68 
2016-05-19 23:08:24.106654 -54 -62 -68 -69 -64 
2016-05-19 23:08:24.229672 -52 -65 -71 -71 -72 
2016-05-19 23:08:24.407696 -54 -59 -74 -79 -67 
2016-05-19 23:08:24.538711 -50 -61 -75 -65 -54 
2016-05-19 23:08:24.732737 -50 -77 -65 -64 -50 
2016-05-19 23:08:24.838751 -48 -59 -72 -67 -55 
2016-05-19 23:08:25.179795 -44 -58 -67 -75 -54 
2016-05-19 23:08:25.360822 -46 -63 -69 -58 -54 
2016-05-19 23:08:25.489837 -48 -63 -72 -59 -61 
2016-05-19 23:08:25.593978 -56 -57 -77 -59 -50 
2016-05-19 23:08:25.699865 -48 -62 -63 -66 -57 
2016-05-19 23:08:25.903889 -48 -66 -63 -61 -51 
2016-05-19 23:08:26.004903 -57 -59 -76 -68 -57 
2016-05-19 23:08:26.215934 -60 -59 -77 -66 -51 
2016-05-19 23:08:26.418957 -50 -68 -71 -64 -51 
2016-05-19 23:08:26.556973 -58 -60 -69 -59 -50 
2016-05-19 23:08:26.660994 -48 -56 -78 -74 -62 
2016-05-19 23:08:26.874146 -57 -67 -64 -65 -48 
2016-05-19 23:08:26.980060 -54 -59 -68 -81 -43 
2016-05-19 23:08:27.193058 -67 -63 -68 -60 -48 
2016-05-19 23:08:27.295072 -55 -64 -78 -68 -59 
2016-05-19 23:08:27.455093 -58 -60 -67 -62 -59 
2016-05-19 23:08:27.563110 -54 -55 -70 -70 -59 
2016-05-19 23:08:27.663120 -57 -62 -84 -67 -57 
2016-05-19 23:08:27.811136 -52 -66 -69 -64 -51 
2016-05-19 23:08:28.122181 -57 -64 -73 -66 -52 
2016-05-19 23:08:28.326209 -54 -59 -71 -62 -55 
2016-05-19 23:08:28.433221 -59 -72 -68 -72 -63 
2016-05-19 23:08:28.540238 -55 -57 -70 -72 -63 
2016-05-19 23:08:28.744261 -54 -68 -75 -68 -52 
2016-05-19 23:08:28.853274 -65 -55 -74 -79 -51 
2016-05-19 23:08:28.958289 -67 -69 -69 -63 -62 
2016-05-19 23:08:29.220327 -62 -57 -78 -70 -54 
2016-05-19 23:08:29.333345 -55 -59 -66 -62 -50 
2016-05-19 23:08:29.542365 -56 -63 -63 -62 -57 
2016-05-19 23:08:29.710391 -58 -53 -68 -66 -52 
2016-05-19 23:08:30.026558 -59 -53 -69 -69 -53 
2016-05-19 23:08:30.137443 -61 -62 -67 -68 -62 
2016-05-19 23:08:30.305468 -53 -58 -65 -67 -59 
2016-05-19 23:08:30.516496 -53 -51 -69 -68 -57 
2016-05-19 23:08:30.620510 -50 -60 -75 -65 -56 
2016-05-19 23:08:30.727520 -63 -53 -67 -74 -56 
2016-05-19 23:08:30.831532 -51 -58 -81 -67 -58 
2016-05-19 23:08:30.972552 -62 -62 -78 -64 -62 
2016-05-19 23:08:31.075570 -50 -70 -69 -62 -54 
2016-05-19 23:08:31.207605 -63 -62 -71 -60 -62 
2016-05-19 23:08:31.309596 -51 -62 -73 -71 -63 
2016-05-19 23:08:31.416608 -58 -57 -66 -63 -53 
2016-05-19 23:08:31.521621 -64 -61 -70 -69 -62 
2016-05-19 23:08:31.807661 -54 -62 -66 -66 -48 
2016-05-19 23:08:32.023700 -57 -63 -66 -67 -51 
2016-05-19 23:08:32.132704 -55 -62 -62 -68 -48 
2016-05-19 23:08:32.234847 -58 -65 -69 -80 -53 
2016-05-19 23:08:32.309726 -54 -62 -62 -65 -61 
2016-05-19 23:08:32.471752 -53 -53 -70 -73 -52 
2016-05-19 23:08:32.581767 -75 -66 -63 -59 -72 
2016-05-19 23:08:32.691783 -53 -58 -68 -71 -51 
2016-05-19 23:08:32.895816 -62 -75 -81 -71 -48 
2016-05-19 23:08:33.309857 -69 -57 -73 -64 -63 
2016-05-19 23:08:33.522886 -57 -59 -77 -72 -59 
2016-05-19 23:08:33.838927 -54 -56 -69 -67 -58 
2016-05-19 23:08:34.043083 -64 -56 -74 -75 -58 
2016-05-19 23:08:34.150972 -59 -66 -76 -63 -51 
2016-05-19 23:08:34.259981 -52 -53 -76 -60 -60 
2016-05-19 23:08:34.418002 -54 -60 -74 -68 -58 
2016-05-19 23:08:34.574022 -54 -66 -82 -71 -52 
2016-05-19 23:08:34.778049 -52 -62 -75 -71 -55 
2016-05-19 23:08:34.886071 -54 -60 -73 -61 -54 
2016-05-19 23:08:34.993077 -57 -60 -78 -65 -68 
2016-05-19 23:08:35.096099 -53 -52 -81 -65 -51 
2016-05-19 23:08:35.202103 -70 -56 -74 -66 -64 
2016-05-19 23:08:35.412129 -65 -57 -75 -73 -54 
2016-05-19 23:08:35.517144 -54 -59 -71 -63 -51 
2016-05-19 23:08:35.620160 -68 -64 -75 -77 -56 
2016-05-19 23:08:35.722170 -52 -60 -71 -79 -52 
2016-05-19 23:08:35.826189 -63 -62 -72 -67 -66 
2016-05-19 23:08:35.932197 -52 -59 -73 -87 -57 
2016-05-19 23:08:36.037211 -60 -63 -82 -64 -53 
2016-05-19 23:08:36.168231 -54 -63 -78 -84 -60 
2016-05-19 23:08:36.274244 -59 -58 -75 -62 -57 
2016-05-19 23:08:36.380258 -52 -63 -76 -71 -57 
2016-05-19 23:08:36.482269 -57 -61 -74 -62 -60 
2016-05-19 23:08:36.594286 -52 -63 -72 -67 -66 
2016-05-19 23:08:36.695300 -54 -55 -78 -66 -64 
2016-05-19 23:08:36.800314 -57 -56 -75 -80 -54 
2016-05-19 23:08:37.094352 -51 -55 -76 -76 -58 
2016-05-19 23:08:37.216373 -50 -54 -77 -74 -58 
2016-05-19 23:08:37.322379 -54 -59 -80 -60 -52 
2016-05-19 23:08:37.428402 -51 -55 -77 -71 -53 
2016-05-19 23:08:37.536422 -60 -54 -87 -62 -50 
2016-05-19 23:08:37.639432 -52 -58 -77 -84 -56 
2016-05-19 23:08:37.744475 -52 -58 -81 -67 -50 
2016-05-19 23:08:37.989469 -52 -54 -77 -70 -67 
2016-05-19 23:08:38.201499 -53 -60 -75 -69 -70 
2016-05-19 23:08:38.308511 -49 -59 -72 -82 -49 
2016-05-19 23:08:38.412521 -61 -56 -77 -64 -62 
2016-05-19 23:08:38.770581 -55 -56 -78 -66 -56 
2016-05-19 23:08:38.978597 -57 -53 -74 -62 -58 
2016-05-19 23:08:39.118616 -57 -54 -65 -63 -58 
2016-05-19 23:08:39.429658 -61 -55 -81 -67 -58 
2016-05-19 23:08:39.637682 -46 -71 -67 -71 -51 
2016-05-19 23:08:39.742695 -52 -63 -79 -66 -52 
2016-05-19 23:08:39.847708 -47 -58 -72 -63 -55 
2016-05-19 23:08:39.950725 -51 -54 -72 -62 -56 
2016-05-19 23:08:40.054738 -51 -57 -72 -64 -52 
2016-05-19 23:08:40.239763 -49 -69 -70 -59 -55 
2016-05-19 23:08:40.450790 -56 -59 -74 -70 -58 
2016-05-19 23:08:40.598810 -49 -73 -73 -68 -49 
2016-05-19 23:08:40.812834 -51 -59 -73 -66 -63 
2016-05-19 23:08:40.920852 -52 -55 -70 -56 -59 
2016-05-19 23:08:41.031870 -54 -55 -69 -74 -59 
2016-05-19 23:08:41.240893 -57 -57 -70 -64 -53 
2016-05-19 23:08:41.412913 -53 -68 -63 -77 -51 
2016-05-19 23:08:41.525930 -56 -60 -72 -63 -54 
2016-05-19 23:08:41.636177 -58 -57 -79 -72 -57 
2016-05-19 23:08:41.841977 -59 -57 -66 -66 -55 
2016-05-19 23:08:42.163011 -67 -66 -76 -74 -57 
2016-05-19 23:08:42.460189 -62 -61 -75 -86 -55 
2016-05-19 23:08:42.682125 -57 -60 -74 -76 -55 
2016-05-19 23:08:42.877123 -63 -60 -70 -66 -49 
2016-05-19 23:08:43.299195 -61 -58 -70 -71 -53 
2016-05-19 23:08:43.512203 -59 -60 -69 -72 -54 
2016-05-19 23:08:43.620341 -57 -57 -71 -64 -52 
2016-05-19 23:08:43.828361 -62 -59 -71 -66 -56 
2016-05-19 23:08:44.253293 -61 -61 -72 -70 -54 
2016-05-19 23:08:44.361309 -59 -61 -70 -79 -51 
2016-05-19 23:08:44.459314 -58 -57 -74 -72 -55 
2016-05-19 23:08:44.569328 -62 -65 -65 -72 -56 
2016-05-19 23:08:44.775354 -56 -58 -65 -73 -53 
2016-05-19 23:08:45.054391 -58 -59 -72 -79 -56 
2016-05-19 23:08:45.154404 -59 -56 -68 -68 -52 
2016-05-19 23:08:45.303420 -69 -56 -78 -74 -57 
2016-05-19 23:08:45.506453 -55 -57 -76 -67 -57 
2016-05-19 23:08:45.715478 -60 -65 -71 -69 -57 
2016-05-19 23:08:45.840506 -66 -61 -74 -69 -50 
2016-05-19 23:08:46.149534 -61 -58 -68 -67 -57 
2016-05-19 23:08:46.251564 -54 -55 -77 -66 -65 
2016-05-19 23:08:46.352566 -77 -55 -72 -77 -51 
2016-05-19 23:08:46.454575 -57 -60 -66 -64 -60 
2016-05-19 23:08:46.540715 -59 -57 -73 -74 -54 
2016-05-19 23:08:46.840625 -58 -57 -70 -60 -56 
2016-05-19 23:08:46.991644 -62 -59 -73 -80 -58 
2016-05-19 23:08:47.157670 -59 -59 -74 -68 -58 
2016-05-19 23:08:47.473712 -67 -60 -68 -63 -57 
2016-05-19 23:08:47.577747 -74 -59 -67 -68 -56 
2016-05-19 23:08:47.738747 -61 -56 -71 -64 -55 
2016-05-19 23:08:48.101803 -58 -62 -71 -67 -54 
2016-05-19 23:08:48.306830 -66 -59 -73 -66 -55 
2016-05-19 23:08:48.412970 -66 -59 -67 -70 -60 
2016-05-19 23:08:48.550855 -55 -62 -74 -70 -58 
2016-05-19 23:08:48.651873 -57 -63 -80 -66 -56 
2016-05-19 23:08:48.751886 -58 -65 -68 -73 -52 
2016-05-19 23:08:48.937908 -59 -67 -90 -70 -57 
2016-05-19 23:08:49.274943 -60 -66 -67 -72 -52 
2016-05-19 23:08:49.522975 -55 -65 -66 -69 -54 
2016-05-19 23:08:49.803008 -61 -66 -71 -67 -54 
2016-05-19 23:08:49.911025 -59 -58 -76 -87 -58 
2016-05-19 23:08:50.083049 -64 -56 -69 -62 -56 
2016-05-19 23:08:50.324080 -68 -63 -66 -81 -53 
2016-05-19 23:08:50.471099 -64 -63 -71 -57 -51 
2016-05-19 23:08:50.746139 -67 -61 -81 -70 -51 
2016-05-19 23:08:50.954162 -74 -58 -65 -68 -55 
2016-05-19 23:08:51.129186 -72 -56 -64 -59 -60 
2016-05-19 23:08:51.234199 -56 -59 -91 -69 -57 
2016-05-19 23:08:51.444227 -58 -56 -76 -85 -56 
2016-05-19 23:08:51.651253 -65 -59 -73 -59 -57 
2016-05-19 23:08:51.899286 -59 -60 -68 -71 -51 
2016-05-19 23:08:52.006309 -69 -57 -82 -74 -56 
2016-05-19 23:08:52.177326 -59 -59 -70 -58 -57 
2016-05-19 23:08:52.390357 -60 -59 -66 -70 -56 
2016-05-19 23:08:52.666386 -59 -61 -68 -75 -53 
2016-05-19 23:08:52.771399 -61 -58 -70 -90 -58 
2016-05-19 23:08:52.877542 -58 -60 -79 -69 -52 
2016-05-19 23:08:52.977431 -61 -59 -66 -83 -58 
2016-05-19 23:08:53.087445 -59 -69 -76 -67 -51 
2016-05-19 23:08:53.333602 -57 -61 -72 -77 -54 
2016-05-19 23:08:53.508493 -58 -69 -65 -66 -54 
2016-05-19 23:08:53.648515 -63 -61 -66 -68 -57 
2016-05-19 23:08:53.750527 -58 -59 -76 -85 -51 
2016-05-19 23:08:53.852545 -66 -66 -72 -60 -57 
2016-05-19 23:08:53.954555 -60 -59 -77 -67 -51 
2016-05-19 23:08:54.166595 -63 -61 -72 -88 -56 
2016-05-19 23:08:54.574635 -63 -61 -67 -58 -53 
2016-05-19 23:08:54.787680 -62 -58 -66 -69 -54 
2016-05-19 23:08:54.942688 -61 -61 -68 -82 -51 
2016-05-19 23:08:55.341864 -61 -58 -81 -71 -58 
2016-05-19 23:08:55.506756 -60 -64 -76 -59 -57 
2016-05-19 23:08:55.647779 -57 -65 -72 -70 -58 
2016-05-19 23:08:55.755793 -60 -58 -80 -78 -51 
2016-05-19 23:08:55.859807 -55 -64 -70 -66 -57 
2016-05-19 23:08:56.047831 -58 -59 -76 -71 -54 
2016-05-19 23:08:56.150840 -65 -65 -79 -83 -57 
2016-05-19 23:08:56.293988 -58 -58 -66 -61 -56 
2016-05-19 23:08:56.395894 -62 -59 -81 -82 -51 
2016-05-19 23:08:56.713916 -61 -64 -72 -75 -56 
2016-05-19 23:08:56.820929 -66 -58 -78 -83 -51 
2016-05-19 23:08:56.932952 -57 -64 -67 -68 -58 
2016-05-19 23:08:57.138967 -62 -60 -65 -63 -57 
2016-05-19 23:08:57.248996 -65 -56 -67 -59 -57 
2016-05-19 23:08:57.400012 -62 -59 -79 -75 -51 
2016-05-19 23:08:57.502154 -57 -58 -68 -60 -57 
2016-05-19 23:08:57.610039 -61 -59 -69 -76 -57 
2016-05-19 23:08:57.717054 -66 -68 -68 -62 -51 
2016-05-19 23:08:57.840069 -58 -66 -77 -63 -58 
2016-05-19 23:08:57.943087 -63 -57 -70 -72 -51 
2016-05-19 23:08:58.154106 -62 -57 -70 -64 -57 
2016-05-19 23:08:58.360137 -59 -57 -72 -71 -56 
2016-05-19 23:08:58.561165 -64 -59 -74 -63 -58 
2016-05-19 23:08:58.769187 -59 -56 -68 -62 -58 
2016-05-19 23:08:59.077230 -65 -57 -70 -63 -54 
2016-05-19 23:08:59.197245 -58 -59 -73 -75 -56 
2016-05-19 23:08:59.304258 -62 -58 -68 -64 -59 
2016-05-19 23:08:59.500286 -58 -68 -69 -68 -57 
2016-05-19 23:08:59.607299 -59 -58 -75 -63 -56 
2016-05-19 23:08:59.709309 -79 -59 -75 -67 -57 
2016-05-19 23:08:59.817328 -54 -60 -75 -63 -55 
2016-05-19 23:09:00.088360 -58 -64 -72 -69 -52 
2016-05-19 23:09:00.199367 -66 -59 -75 -84 -56 
2016-05-19 23:09:00.306389 -56 -68 -81 -63 -56 
2016-05-19 23:09:00.412398 -72 -58 -68 -80 -57 
2016-05-19 23:09:00.578424 -60 -57 -68 -66 -53 
2016-05-19 23:09:00.763447 -61 -56 -86 -68 -57 
2016-05-19 23:09:01.174495 -61 -60 -78 -61 -55 
2016-05-19 23:09:01.281511 -70 -55 -74 -81 -57 
2016-05-19 23:09:01.381525 -60 -59 -78 -59 -52 
2016-05-19 23:09:01.487561 -76 -61 -71 -79 -56 
2016-05-19 23:09:01.591552 -58 -57 -77 -62 -54 
2016-05-19 23:09:01.692564 -71 -56 -72 -68 -55 
2016-05-19 23:09:01.794576 -57 -57 -75 -76 -51 
2016-05-19 23:09:01.899589 -59 -63 -69 -71 -55 
2016-05-19 23:09:02.001606 -56 -59 -79 -81 -60 
2016-05-19 23:09:02.107618 -75 -56 -73 -67 -53 
2016-05-19 23:09:02.212652 -56 -58 -74 -76 -56 
2016-05-19 23:09:02.312646 -78 -62 -72 -63 -54 
2016-05-19 23:09:02.420667 -54 -58 -69 -73 -56 
2016-05-19 23:09:02.586690 -68 -61 -70 -62 -54 
2016-05-19 23:09:02.827721 -63 -64 -73 -70 -56 
2016-05-19 23:09:02.930734 -54 -76 -69 -74 -54 
2016-05-19 23:09:03.031015 -68 -59 -65 -62 -54 
2016-05-19 23:09:03.136755 -60 -72 -70 -72 -54 
2016-05-19 23:09:03.238772 -70 -59 -66 -62 -54 
2016-05-19 23:09:03.342908 -57 -70 -77 -72 -57 
2016-05-19 23:09:03.446924 -54 -59 -70 -60 -52 
2016-05-19 23:09:03.657821 -57 -58 -73 -61 -57 
2016-05-19 23:09:03.762865 -58 -58 -78 -72 -60 
2016-05-19 23:09:03.868852 -71 -67 -69 -70 -52 
2016-05-19 23:09:03.976863 -54 -58 -77 -72 -59 
2016-05-19 23:09:04.081877 -69 -67 -69 -61 -54 
2016-05-19 23:09:04.186891 -54 -58 -71 -72 -58 
2016-05-19 23:09:04.394916 -76 -63 -70 -71 -56 
2016-05-19 23:09:04.870981 -61 -61 -69 -67 -56 
2016-05-19 23:09:05.079137 -56 -58 -68 -71 -56 
2016-05-19 23:09:05.212024 -56 -64 -78 -72 -58 
2016-05-19 23:09:05.455054 -54 -58 -74 -72 -55 
2016-05-19 23:09:05.768096 -56 -61 -72 -67 -56 
2016-05-19 23:09:05.912115 -54 -68 -71 -73 -57 
2016-05-19 23:09:06.014132 -56 -59 -68 -72 -54 
2016-05-19 23:09:06.219160 -56 -59 -74 -62 -56 
2016-05-19 23:09:06.428182 -67 -59 -74 -67 -55 
2016-05-19 23:09:06.617207 -54 -57 -71 -72 -54 
2016-05-19 23:09:06.828234 -55 -62 -70 -72 -56 
2016-05-19 23:09:07.241292 -57 -63 -74 -69 -55 
2016-05-19 23:09:07.344306 -54 -57 -79 -71 -54 
2016-05-19 23:09:07.451317 -56 -67 -71 -73 -56 
2016-05-19 23:09:07.554335 -54 -57 -79 -61 -53 
2016-05-19 23:09:07.699353 -56 -62 -79 -70 -58 
2016-05-19 23:09:07.869374 -56 -67 -71 -65 -55 
2016-05-19 23:09:07.972384 -54 -59 -79 -61 -53 
2016-05-19 23:09:08.120401 -75 -59 -79 -71 -58 
2016-05-19 23:09:08.223546 -57 -68 -70 -62 -53 
2016-05-19 23:09:08.367565 -78 -57 -80 -62 -54 
2016-05-19 23:09:08.476482 -56 -68 -72 -73 -56 
2016-05-19 23:09:08.578464 -54 -57 -68 -62 -57 
2016-05-19 23:09:08.682478 -78 -65 -80 -70 -54 
2016-05-19 23:09:08.784495 -54 -57 -68 -71 -58 
2016-05-19 23:09:08.888505 -78 -66 -72 -71 -54 
2016-05-19 23:09:09.103661 -54 -57 -75 -71 -56 
2016-05-19 23:09:09.272573 -55 -62 -72 -61 -54 
2016-05-19 23:09:09.375697 -54 -56 -70 -71 -53 
2016-05-19 23:09:09.481582 -79 -67 -77 -61 -52 
2016-05-19 23:09:09.586596 -54 -57 -70 -71 -53 
2016-05-19 23:09:09.789626 -66 -64 -71 -70 -53 
2016-05-19 23:09:10.004654 -55 -61 -71 -71 -52 
2016-05-19 23:09:10.317692 -60 -62 -73 -64 -56 
2016-05-19 23:09:10.420703 -76 -64 -70 -69 -53 
2016-05-19 23:09:10.629736 -65 -61 -69 -70 -55 
2016-05-19 23:09:10.730742 -54 -59 -77 -60 -58 
2016-05-19 23:09:10.831888 -74 -57 -72 -71 -54 
2016-05-19 23:09:11.041787 -55 -61 -72 -70 -53 
2016-05-19 23:09:11.193812 -75 -58 -77 -61 -53 
2016-05-19 23:09:11.300817 -54 -59 -71 -71 -53 
2016-05-19 23:09:11.409838 -56 -67 -76 -61 -53 
2016-05-19 23:09:11.718875 -53 -59 -72 -67 -55 
2016-05-19 23:09:11.826890 -56 -58 -72 -70 -53 
2016-05-19 23:09:12.037929 -54 -62 -70 -71 -55 
2016-05-19 23:09:12.142930 -56 -66 -70 -70 -53 
2016-05-19 23:09:12.313952 -56 -66 -69 -71 -54 
2016-05-19 23:09:12.608127 -56 -59 -75 -65 -53 
2016-05-19 23:09:12.710015 -56 -58 -69 -71 -53 
2016-05-19 23:09:12.812039 -53 -64 -77 -61 -54 
2016-05-19 23:09:12.919046 -70 -58 -71 -71 -53 
2016-05-19 23:09:13.033065 -53 -65 -77 -69 -54 
2016-05-19 23:09:13.228072 -54 -65 -73 -70 -53 
2016-05-19 23:09:13.510112 -53 -62 -69 -71 -56 
2016-05-19 23:09:13.714135 -67 -58 -78 -61 -53 
2016-05-19 23:09:13.889158 -65 -57 -72 -72 -55 
2016-05-19 23:09:14.081182 -64 -58 -78 -66 -55 
2016-05-19 23:09:14.287210 -63 -58 -75 -66 -56 
2016-05-19 23:09:14.407228 -53 -68 -72 -70 -53 
2016-05-19 23:09:14.512369 -73 -59 -77 -71 -58 
2016-05-19 23:09:14.669259 -75 -68 -77 -70 -53 
2016-05-19 23:09:14.776271 -53 -58 -73 -70 -58 
2016-05-19 23:09:15.080445 -53 -60 -69 -63 -55 
2016-05-19 23:09:15.188340 -56 -57 -73 -69 -59 
2016-05-19 23:09:15.396361 -55 -62 -75 -67 -53 
2016-05-19 23:09:15.585383 -53 -57 -71 -69 -53 
2016-05-19 23:09:15.690397 -68 -58 -79 -61 -53 
2016-05-19 23:09:15.874416 -62 -58 -69 -69 -53 
2016-05-19 23:09:15.976565 -56 -65 -78 -61 -59 
2016-05-19 23:09:16.083445 -69 -57 -72 -69 -53 
2016-05-19 23:09:16.190462 -52 -66 -69 -61 -59 
2016-05-19 23:09:16.298472 -68 -57 -72 -69 -53 
2016-05-19 23:09:16.404487 -53 -68 -77 -70 -59 
2016-05-19 23:09:16.512503 -52 -58 -70 -70 -53 
2016-05-19 23:09:16.721524 -53 -64 -69 -66 -54 
2016-05-19 23:09:16.833560 -67 -70 -71 -71 -54 
2016-05-19 23:09:16.942557 -54 -59 -76 -63 -58 
2016-05-19 23:09:17.042570 -73 -71 -71 -70 -55 
2016-05-19 23:09:17.217594 -64 -71 -67 -64 -59 
2016-05-19 23:09:17.346647 -59 -58 -67 -72 -57 
2016-05-19 23:09:17.448752 -77 -58 -78 -69 -54 
2016-05-19 23:09:17.736657 -56 -59 -75 -67 -55 
2016-05-19 23:09:17.845678 -53 -63 -70 -65 -59 
2016-05-19 23:09:18.220727 -67 -61 -68 -62 -53 
2016-05-19 23:09:18.429750 -67 -58 -69 -63 -58 
2016-05-19 23:09:18.639778 -64 -62 -71 -64 -52 
2016-05-19 23:09:18.819802 -56 -63 -76 -65 -53 
2016-05-19 23:09:18.926815 -54 -59 -65 -62 -54 
2016-05-19 23:09:19.033830 -69 -57 -70 -85 -53 
2016-05-19 23:09:19.141841 -59 -63 -75 -62 -54 
2016-05-19 23:09:19.333871 -62 -67 -66 -68 -63 
2016-05-19 23:09:19.437883 -54 -71 -71 -72 -53 
2016-05-19 23:09:19.540900 -59 -63 -68 -61 -61 
2016-05-19 23:09:19.750927 -59 -63 -68 -69 -53 
2016-05-19 23:09:19.867939 -62 -58 -72 -72 -56 
2016-05-19 23:09:20.220988 -57 -62 -71 -69 -58 
2016-05-19 23:09:20.411016 -59 -58 -75 -71 -59 
879
