2016-05-19 21:49:44.852394 -79 -70 -80 -86 -85 
2016-05-19 21:49:44.956415 -86 -68 -75 -75 -84 
2016-05-19 21:49:45.147433 -75 -75 -77 -75 -77 
2016-05-19 21:49:45.258450 -80 -77 -77 -78 -85 
2016-05-19 21:49:45.361477 -84 -72 -82 -72 -75 
2016-05-19 21:49:45.661499 -77 -72 -75 -78 -85 
2016-05-19 21:49:45.765512 -70 -68 -69 -74 -87 
2016-05-19 21:49:46.192575 -76 -70 -71 -72 -72 
2016-05-19 21:49:46.401603 -79 -76 -80 -75 -79 
2016-05-19 21:49:46.924669 -82 -70 -75 -75 -82 
2016-05-19 21:49:47.043692 -76 -68 -80 -79 -77 
2016-05-19 21:49:47.148706 -83 -78 -78 -76 -85 
2016-05-19 21:49:47.355729 -72 -68 -74 -77 -79 
2016-05-19 21:49:47.459739 -79 -80 -75 -74 -69 
2016-05-19 21:49:47.674767 -73 -72 -80 -72 -73 
2016-05-19 21:49:47.790784 -75 -71 -77 -81 -72 
2016-05-19 21:49:47.895801 -73 -72 -68 -79 -81 
2016-05-19 21:49:47.999810 -81 -72 -74 -73 -75 
2016-05-19 21:49:48.408870 -79 -78 -73 -75 -75 
2016-05-19 21:49:48.508885 -79 -79 -71 -81 -83 
2016-05-19 21:49:48.920932 -83 -74 -71 -77 -84 
2016-05-19 21:49:49.027946 -79 -78 -72 -77 -83 
2016-05-19 21:49:49.449006 -78 -77 -72 -76 -77 
2016-05-19 21:49:49.586019 -82 -73 -74 -74 -78 
2016-05-19 21:49:50.206099 -73 -73 -75 -75 -78 
2016-05-19 21:49:50.311113 -73 -75 -74 -77 -84 
2016-05-19 21:49:50.419127 -75 -70 -77 -76 -81 
2016-05-19 21:49:50.526135 -73 -75 -76 -76 -85 
2016-05-19 21:49:50.734165 -76 -69 -77 -78 -88 
2016-05-19 21:49:50.838175 -75 -76 -76 -74 -78 
2016-05-19 21:49:50.939192 -75 -71 -71 -83 -78 
2016-05-19 21:49:51.230224 -74 -68 -74 -76 -79 
2016-05-19 21:49:51.361244 -76 -71 -80 -77 -79 
2016-05-19 21:49:51.571271 -74 -70 -75 -76 -79 
2016-05-19 21:49:51.756295 -74 -68 -76 -77 -76 
2016-05-19 21:49:51.969326 -73 -70 -75 -78 -81 
2016-05-19 21:49:52.071336 -73 -77 -71 -78 -79 
2016-05-19 21:49:52.280361 -74 -78 -76 -77 -82 
2016-05-19 21:49:52.382377 -74 -73 -78 -77 -80 
2016-05-19 21:49:52.591405 -75 -68 -78 -75 -81 
2016-05-19 21:49:52.747425 -74 -79 -78 -77 -81 
2016-05-19 21:49:53.045461 -77 -74 -77 -77 -80 
2016-05-19 21:49:53.172480 -76 -74 -74 -71 -75 
2016-05-19 21:49:53.378507 -78 -73 -77 -77 -83 
2016-05-19 21:49:53.483526 -74 -69 -70 -72 -86 
2016-05-19 21:49:53.589539 -77 -77 -76 -77 -80 
2016-05-19 21:49:53.805559 -76 -76 -72 -75 -77 
2016-05-19 21:49:54.055592 -77 -73 -73 -75 -81 
2016-05-19 21:49:54.241621 -86 -77 -80 -71 -85 
2016-05-19 21:49:54.453647 -85 -70 -72 -70 -83 
2016-05-19 21:49:54.661675 -80 -77 -72 -69 -80 
2016-05-19 21:49:54.860698 -86 -75 -72 -76 -79 
2016-05-19 21:49:55.023723 -76 -81 -70 -80 -86 
2016-05-19 21:49:55.426779 -75 -77 -79 -86 -80 
2016-05-19 21:49:55.658805 -76 -73 -73 -78 -80 
2016-05-19 21:49:55.763818 -77 -72 -72 -73 -85 
2016-05-19 21:49:55.866841 -77 -65 -73 -77 -84 
2016-05-19 21:49:56.075856 -78 -69 -75 -72 -86 
2016-05-19 21:49:56.177873 -76 -84 -75 -73 -83 
2016-05-19 21:49:56.321892 -83 -73 -74 -77 -81 
2016-05-19 21:49:56.689944 -81 -69 -76 -74 -85 
2016-05-19 21:49:56.792953 -79 -69 -72 -73 -83 
2016-05-19 21:49:57.006981 -80 -80 -70 -75 -81 
2016-05-19 21:49:57.108017 -82 -72 -77 -70 -78 
2016-05-19 21:49:57.376027 -76 -80 -78 -75 -84 
2016-05-19 21:49:57.665070 -77 -67 -73 -73 -82 
2016-05-19 21:49:57.768081 -77 -89 -75 -73 -77 
2016-05-19 21:49:57.934117 -78 -71 -77 -72 -78 
2016-05-19 21:49:58.204137 -74 -80 -82 -74 -84 
2016-05-19 21:49:58.414165 -80 -69 -80 -85 -80 
2016-05-19 21:49:58.724205 -77 -68 -74 -74 -80 
2016-05-19 21:49:58.827220 -82 -72 -76 -72 -81 
2016-05-19 21:49:58.955252 -83 -74 -76 -73 -76 
2016-05-19 21:49:59.058248 -79 -78 -72 -74 -81 
2016-05-19 21:49:59.268276 -84 -71 -71 -75 -80 
2016-05-19 21:49:59.371287 -84 -62 -80 -81 -84 
2016-05-19 21:49:59.768371 -82 -86 -76 -69 -81 
2016-05-19 21:49:59.976369 -82 -71 -75 -76 -78 
2016-05-19 21:50:00.085387 -86 -76 -81 -73 -77 
2016-05-19 21:50:00.191394 -88 -65 -81 -69 -82 
2016-05-19 21:50:00.333416 -80 -71 -83 -77 -83 
2016-05-19 21:50:00.753470 -81 -68 -80 -76 -77 
2016-05-19 21:50:00.962498 -79 -65 -85 -83 -74 
2016-05-19 21:50:01.135524 -78 -64 -82 -68 -86 
2016-05-19 21:50:01.256534 -86 -65 -82 -75 -75 
2016-05-19 21:50:01.460617 -82 -65 -78 -72 -83 
2016-05-19 21:50:01.623585 -89 -64 -81 -66 -81 
2016-05-19 21:50:01.789606 -76 -65 -80 -67 -81 
2016-05-19 21:50:01.906640 -83 -82 -78 -80 -81 
2016-05-19 21:50:02.010648 -75 -73 -83 -71 -84 
2016-05-19 21:50:02.155656 -85 -76 -77 -79 -78 
2016-05-19 21:50:02.286681 -85 -79 -80 -75 -80 
2016-05-19 21:50:02.393691 -76 -74 -77 -73 -81 
2016-05-19 21:50:02.597712 -83 -73 -78 -76 -79 
2016-05-19 21:50:02.812739 -80 -70 -83 -66 -81 
2016-05-19 21:50:02.921762 -80 -69 -87 -69 -78 
2016-05-19 21:50:03.070777 -77 -71 -84 -80 -84 
2016-05-19 21:50:03.207792 -80 -66 -80 -76 -82 
2016-05-19 21:50:03.312804 -75 -67 -81 -87 -80 
2016-05-19 21:50:03.434821 -81 -68 -76 -72 -82 
2016-05-19 21:50:03.634847 -80 -69 -79 -76 -79 
2016-05-19 21:50:03.738861 -82 -73 -76 -67 -83 
2016-05-19 21:50:03.844877 -83 -70 -83 -74 -83 
2016-05-19 21:50:03.949906 -84 -78 -76 -77 -81 
2016-05-19 21:50:04.269929 -80 -71 -83 -74 -79 
2016-05-19 21:50:04.371940 -76 -73 -78 -75 -80 
2016-05-19 21:50:04.504960 -88 -73 -77 -83 -78 
2016-05-19 21:50:04.608974 -76 -72 -79 -80 -84 
2016-05-19 21:50:04.717988 -78 -69 -79 -77 -80 
2016-05-19 21:50:04.867005 -78 -77 -82 -69 -88 
2016-05-19 21:50:04.970027 -79 -79 -77 -68 -84 
2016-05-19 21:50:05.147042 -79 -76 -83 -72 -80 
2016-05-19 21:50:05.455085 -82 -72 -85 -78 -82 
2016-05-19 21:50:05.557096 -87 -72 -74 -69 -78 
2016-05-19 21:50:05.769125 -76 -71 -83 -78 -82 
2016-05-19 21:50:06.285192 -79 -72 -80 -70 -79 
2016-05-19 21:50:06.488236 -78 -71 -80 -68 -78 
2016-05-19 21:50:06.698254 -82 -71 -83 -79 -84 
2016-05-19 21:50:06.801273 -81 -71 -87 -75 -81 
2016-05-19 21:50:07.102306 -80 -74 -77 -75 -83 
2016-05-19 21:50:07.348339 -76 -70 -77 -72 -78 
2016-05-19 21:50:07.528363 -77 -73 -78 -79 -88 
2016-05-19 21:50:07.634376 -91 -79 -82 -75 -82 
2016-05-19 21:50:07.736396 -74 -71 -77 -78 -85 
2016-05-19 21:50:07.845403 -77 -71 -87 -76 -82 
2016-05-19 21:50:07.948417 -72 -70 -75 -73 -79 
2016-05-19 21:50:08.055441 -80 -76 -82 -75 -87 
2016-05-19 21:50:08.164446 -74 -79 -77 -71 -76 
2016-05-19 21:50:08.378474 -80 -76 -83 -74 -79 
2016-05-19 21:50:08.587498 -85 -83 -82 -75 -75 
2016-05-19 21:50:08.693514 -72 -72 -85 -85 -78 
2016-05-19 21:50:08.905542 -76 -78 -77 -80 -78 
2016-05-19 21:50:09.015556 -80 -70 -87 -79 -84 
2016-05-19 21:50:09.118571 -75 -76 -76 -73 -80 
2016-05-19 21:50:09.222574 -76 -71 -81 -85 -80 
2016-05-19 21:50:09.358595 -75 -70 -76 -71 -84 
2016-05-19 21:50:09.463608 -77 -80 -89 -88 -78 
2016-05-19 21:50:09.625629 -75 -72 -75 -74 -79 
2016-05-19 21:50:09.833656 -91 -70 -81 -77 -82 
2016-05-19 21:50:09.944671 -87 -71 -82 -78 -81 
2016-05-19 21:50:10.064687 -90 -71 -83 -78 -85 
2016-05-19 21:50:10.218707 -87 -72 -79 -82 -81 
2016-05-19 21:50:10.374727 -83 -73 -86 -83 -79 
2016-05-19 21:50:10.484742 -91 -78 -87 -77 -78 
2016-05-19 21:50:10.795782 -81 -73 -78 -83 -83 
2016-05-19 21:50:11.630892 -78 -75 -84 -73 -82 
2016-05-19 21:50:11.948933 -90 -72 -79 -76 -79 
2016-05-19 21:50:12.151963 -75 -73 -80 -73 -81 
2016-05-19 21:50:12.256980 -77 -73 -83 -70 -79 
2016-05-19 21:50:12.363998 -79 -69 -80 -74 -82 
2016-05-19 21:50:12.575015 -81 -67 -80 -68 -82 
2016-05-19 21:50:12.682032 -78 -67 -75 -64 -83 
2016-05-19 21:50:12.877063 -74 -70 -80 -73 -84 
2016-05-19 21:50:13.085081 -76 -75 -79 -70 -80 
2016-05-19 21:50:13.297113 -80 -61 -80 -72 -86 
2016-05-19 21:50:13.405123 -80 -67 -82 -68 -84 
2016-05-19 21:50:13.511137 -85 -62 -71 -77 -84 
2016-05-19 21:50:13.716163 -77 -69 -78 -69 -80 
2016-05-19 21:50:13.821177 -75 -63 -76 -71 -88 
2016-05-19 21:50:13.924194 -77 -63 -75 -74 -79 
2016-05-19 21:50:14.123214 -84 -67 -74 -74 -75 
2016-05-19 21:50:14.347254 -76 -68 -73 -72 -77 
2016-05-19 21:50:14.455261 -85 -78 -74 -82 -81 
2016-05-19 21:50:14.562279 -85 -77 -75 -69 -82 
2016-05-19 21:50:14.738294 -77 -77 -79 -69 -77 
2016-05-19 21:50:14.948321 -82 -70 -82 -69 -83 
2016-05-19 21:50:15.199357 -82 -69 -83 -69 -85 
2016-05-19 21:50:15.365379 -85 -68 -76 -65 -81 
2016-05-19 21:50:15.508413 -81 -66 -80 -67 -81 
2016-05-19 21:50:15.618410 -80 -70 -79 -68 -83 
2016-05-19 21:50:15.916455 -84 -71 -76 -71 -78 
2016-05-19 21:50:16.088470 -89 -74 -84 -66 -76 
2016-05-19 21:50:16.248491 -83 -70 -76 -69 -87 
2016-05-19 21:50:16.351515 -82 -69 -83 -67 -84 
2016-05-19 21:50:16.459530 -83 -75 -80 -78 -83 
2016-05-19 21:50:16.672562 -88 -77 -80 -78 -87 
2016-05-19 21:50:16.773567 -76 -73 -80 -76 -80 
2016-05-19 21:50:16.879585 -78 -87 -77 -69 -86 
2016-05-19 21:50:17.081611 -86 -74 -74 -74 -81 
2016-05-19 21:50:17.393738 -79 -73 -80 -70 -82 
2016-05-19 21:50:17.711685 -83 -68 -80 -69 -82 
2016-05-19 21:50:17.828698 -86 -78 -85 -68 -82 
2016-05-19 21:50:18.148740 -79 -76 -74 -70 -81 
2016-05-19 21:50:18.530792 -75 -71 -78 -68 -75 
2016-05-19 21:50:18.634806 -90 -68 -73 -68 -72 
2016-05-19 21:50:18.782829 -78 -70 -80 -69 -80 
2016-05-19 21:50:18.961849 -76 -73 -76 -69 -73 
2016-05-19 21:50:19.066862 -83 -79 -75 -72 -73 
2016-05-19 21:50:19.380904 -82 -74 -77 -69 -83 
2016-05-19 21:50:19.507923 -75 -71 -73 -68 -83 
2016-05-19 21:50:19.711947 -80 -69 -75 -69 -85 
2016-05-19 21:50:19.930975 -77 -75 -75 -70 -81 
2016-05-19 21:50:20.036994 -79 -87 -74 -69 -79 
2016-05-19 21:50:20.222013 -84 -71 -75 -69 -76 
2016-05-19 21:50:20.327027 -79 -83 -77 -69 -80 
2016-05-19 21:50:20.429037 -84 -71 -85 -68 -86 
2016-05-19 21:50:20.537055 -81 -82 -75 -69 -80 
2016-05-19 21:50:20.636067 -86 -72 -81 -68 -88 
2016-05-19 21:50:20.844091 -78 -78 -80 -71 -82 
2016-05-19 21:50:20.987115 -79 -77 -73 -68 -76 
2016-05-19 21:50:21.137132 -81 -71 -74 -73 -78 
2016-05-19 21:50:21.242146 -86 -78 -74 -69 -83 
2016-05-19 21:50:21.438176 -80 -73 -77 -71 -88 
2016-05-19 21:50:21.963244 -80 -80 -75 -72 -78 
2016-05-19 21:50:22.204269 -80 -73 -73 -71 -83 
2016-05-19 21:50:22.384293 -88 -71 -81 -72 -75 
2016-05-19 21:50:22.756349 -77 -71 -76 -73 -78 
2016-05-19 21:50:22.862358 -76 -72 -75 -69 -76 
2016-05-19 21:50:23.016381 -80 -72 -75 -70 -82 
2016-05-19 21:50:23.289410 -77 -70 -75 -71 -75 
2016-05-19 21:50:23.471438 -78 -78 -74 -73 -90 
2016-05-19 21:50:23.651462 -80 -70 -78 -70 -80 
2016-05-19 21:50:23.863492 -80 -70 -76 -68 -83 
2016-05-19 21:50:24.233540 -79 -84 -73 -69 -87 
2016-05-19 21:50:24.347552 -79 -78 -77 -76 -80 
2016-05-19 21:50:24.659590 -81 -79 -73 -69 -82 
2016-05-19 21:50:24.879618 -77 -74 -75 -69 -86 
2016-05-19 21:50:24.987636 -78 -75 -81 -68 -76 
2016-05-19 21:50:25.133658 -81 -85 -81 -74 -76 
2016-05-19 21:50:25.328684 -82 -80 -74 -67 -77 
2016-05-19 21:50:25.430694 -79 -83 -80 -74 -85 
2016-05-19 21:50:25.753740 -86 -78 -76 -71 -88 
2016-05-19 21:50:26.017770 -79 -75 -80 -69 -74 
2016-05-19 21:50:26.120784 -77 -77 -74 -75 -74 
2016-05-19 21:50:26.275803 -83 -78 -82 -73 -83 
2016-05-19 21:50:26.387819 -83 -79 -75 -63 -85 
2016-05-19 21:50:27.119911 -79 -76 -78 -66 -81 
2016-05-19 21:50:27.349942 -80 -79 -83 -70 -83 
2016-05-19 21:50:27.488966 -76 -71 -77 -62 -84 
2016-05-19 21:50:27.594973 -88 -76 -76 -64 -86 
2016-05-19 21:50:27.757997 -75 -79 -78 -72 -80 
2016-05-19 21:50:27.862011 -78 -75 -81 -72 -80 
2016-05-19 21:50:27.965021 -90 -85 -86 -81 -81 
2016-05-19 21:50:28.072038 -85 -73 -76 -83 -81 
2016-05-19 21:50:28.183054 -76 -76 -82 -74 -77 
2016-05-19 21:50:28.787133 -83 -77 -83 -70 -77 
2016-05-19 21:50:29.253194 -81 -73 -85 -71 -79 
2016-05-19 21:50:29.648244 -77 -78 -80 -67 -78 
2016-05-19 21:50:30.167312 -80 -79 -78 -75 -85 
2016-05-19 21:50:30.303329 -82 -75 -76 -74 -79 
2016-05-19 21:50:30.833399 -78 -86 -82 -72 -83 
2016-05-19 21:50:30.997422 -75 -79 -79 -72 -78 
2016-05-19 21:50:31.206490 -73 -83 -80 -71 -77 
2016-05-19 21:50:31.324467 -75 -87 -73 -74 -88 
2016-05-19 21:50:31.431478 -74 -77 -83 -68 -76 
2016-05-19 21:50:31.636516 -71 -81 -83 -78 -79 
2016-05-19 21:50:31.855530 -69 -75 -83 -75 -80 
2016-05-19 21:50:32.042558 -74 -80 -83 -75 -82 
2016-05-19 21:50:32.201578 -72 -80 -84 -83 -92 
2016-05-19 21:50:32.307592 -68 -82 -84 -69 -86 
2016-05-19 21:50:32.489619 -72 -84 -83 -74 -84 
2016-05-19 21:50:32.683640 -81 -79 -77 -76 -82 
2016-05-19 21:50:32.866669 -88 -83 -83 -70 -81 
2016-05-19 21:50:33.244719 -81 -85 -75 -73 -82 
2016-05-19 21:50:33.351728 -74 -83 -74 -73 -81 
2016-05-19 21:50:33.636770 -84 -82 -74 -73 -74 
2016-05-19 21:50:33.878797 -80 -86 -78 -68 -76 
2016-05-19 21:50:34.148832 -74 -84 -82 -74 -77 
2016-05-19 21:50:34.251846 -69 -79 -86 -76 -75 
2016-05-19 21:50:34.353860 -72 -79 -85 -76 -79 
2016-05-19 21:50:34.606893 -69 -88 -89 -77 -74 
2016-05-19 21:50:34.715904 -79 -87 -86 -70 -78 
2016-05-19 21:50:34.924937 -77 -83 -80 -77 -73 
2016-05-19 21:50:35.085955 -71 -83 -86 -87 -78 
2016-05-19 21:50:35.291019 -72 -84 -82 -69 -90 
2016-05-19 21:50:35.391995 -76 -85 -77 -71 -79 
2016-05-19 21:50:35.579019 -69 -73 -80 -79 -78 
2016-05-19 21:50:35.785050 -69 -79 -82 -80 -81 
2016-05-19 21:50:35.994074 -71 -74 -80 -68 -77 
2016-05-19 21:50:36.343127 -83 -85 -80 -69 -77 
2016-05-19 21:50:36.447141 -73 -88 -81 -68 -81 
2016-05-19 21:50:36.771172 -79 -84 -77 -74 -84 
2016-05-19 21:50:36.975216 -74 -76 -77 -71 -83 
2016-05-19 21:50:37.114220 -74 -77 -77 -85 -84 
2016-05-19 21:50:37.219233 -76 -84 -74 -75 -81 
2016-05-19 21:50:37.359252 -76 -82 -77 -74 -80 
2016-05-19 21:50:37.571277 -85 -80 -76 -81 -86 
2016-05-19 21:50:37.672292 -75 -77 -75 -79 -85 
2016-05-19 21:50:37.841311 -78 -81 -76 -81 -81 
2016-05-19 21:50:37.979332 -75 -80 -78 -83 -83 
2016-05-19 21:50:38.083346 -83 -78 -74 -70 -84 
2016-05-19 21:50:38.186358 -75 -83 -78 -77 -80 
2016-05-19 21:50:38.357402 -77 -83 -74 -76 -82 
2016-05-19 21:50:38.460400 -74 -78 -75 -82 -85 
2016-05-19 21:50:38.673423 -74 -77 -78 -79 -81 
2016-05-19 21:50:38.896455 -76 -82 -74 -78 -84 
2016-05-19 21:50:39.000470 -76 -80 -78 -79 -80 
2016-05-19 21:50:39.209506 -80 -80 -77 -75 -81 
2016-05-19 21:50:39.307507 -75 -78 -77 -79 -84 
2016-05-19 21:50:39.492530 -79 -80 -75 -75 -84 
2016-05-19 21:50:39.593543 -79 -77 -74 -71 -77 
2016-05-19 21:50:39.928587 -75 -80 -75 -71 -81 
2016-05-19 21:50:40.034601 -83 -79 -74 -69 -79 
2016-05-19 21:50:40.356650 -75 -78 -77 -79 -85 
2016-05-19 21:50:40.694687 -82 -80 -75 -75 -81 
2016-05-19 21:50:40.801698 -77 -78 -75 -75 -86 
2016-05-19 21:50:40.902715 -79 -79 -75 -81 -78 
2016-05-19 21:50:41.057735 -74 -78 -75 -79 -87 
2016-05-19 21:50:41.162748 -77 -80 -77 -72 -92 
2016-05-19 21:50:41.263761 -79 -81 -77 -83 -88 
2016-05-19 21:50:41.367783 -79 -78 -75 -71 -78 
2016-05-19 21:50:41.471802 -76 -83 -74 -79 -88 
2016-05-19 21:50:41.576803 -82 -78 -74 -69 -80 
2016-05-19 21:50:41.687817 -75 -78 -75 -79 -87 
2016-05-19 21:50:41.794831 -77 -75 -74 -68 -90 
2016-05-19 21:50:41.900849 -75 -78 -76 -80 -78 
2016-05-19 21:50:42.011857 -80 -83 -74 -68 -85 
2016-05-19 21:50:42.117874 -71 -77 -75 -74 -78 
2016-05-19 21:50:42.224887 -77 -81 -77 -80 -83 
2016-05-19 21:50:42.360926 -77 -79 -76 -75 -79 
2016-05-19 21:50:42.652943 -77 -78 -75 -79 -85 
2016-05-19 21:50:42.850973 -79 -78 -78 -81 -84 
2016-05-19 21:50:43.169011 -76 -79 -74 -73 -78 
2016-05-19 21:50:43.271027 -77 -79 -77 -75 -85 
2016-05-19 21:50:43.473050 -79 -78 -77 -77 -78 
2016-05-19 21:50:43.626074 -74 -80 -75 -69 -86 
2016-05-19 21:50:43.954113 -78 -78 -76 -78 -85 
2016-05-19 21:50:44.105133 -82 -79 -79 -73 -84 
2016-05-19 21:50:44.214147 -74 -80 -74 -77 -78 
2016-05-19 21:50:44.316163 -76 -78 -76 -76 -84 
2016-05-19 21:50:44.531193 -75 -80 -75 -77 -85 
2016-05-19 21:50:44.669207 -75 -85 -74 -79 -77 
2016-05-19 21:50:44.779221 -84 -77 -75 -75 -85 
2016-05-19 21:50:44.905243 -76 -79 -79 -78 -80 
2016-05-19 21:50:45.097260 -77 -82 -76 -78 -83 
2016-05-19 21:50:45.300326 -80 -76 -74 -79 -87 
2016-05-19 21:50:45.406307 -79 -77 -77 -72 -79 
2016-05-19 21:50:45.563324 -80 -84 -75 -74 -79 
2016-05-19 21:50:45.738346 -78 -76 -75 -84 -84 
2016-05-19 21:50:45.845360 -77 -77 -77 -70 -78 
2016-05-19 21:50:45.952371 -84 -83 -76 -71 -86 
2016-05-19 21:50:46.147397 -77 -84 -76 -83 -77 
2016-05-19 21:50:46.351439 -71 -75 -82 -72 -80 
2016-05-19 21:50:46.515500 -76 -73 -78 -68 -81 
2016-05-19 21:50:46.619470 -77 -77 -73 -72 -83 
2016-05-19 21:50:46.726491 -74 -75 -86 -75 -84 
2016-05-19 21:50:46.835497 -69 -73 -79 -72 -84 
2016-05-19 21:50:47.195544 -72 -82 -82 -70 -83 
2016-05-19 21:50:47.376573 -76 -79 -84 -66 -82 
2016-05-19 21:50:47.587595 -75 -74 -81 -69 -80 
2016-05-19 21:50:47.690608 -77 -72 -83 -71 -83 
2016-05-19 21:50:47.793622 -82 -81 -88 -75 -81 
2016-05-19 21:50:48.003650 -80 -77 -83 -77 -82 
2016-05-19 21:50:48.186683 -81 -76 -88 -77 -83 
2016-05-19 21:50:48.288687 -76 -75 -88 -73 -83 
2016-05-19 21:50:48.564723 -83 -78 -84 -77 -82 
2016-05-19 21:50:48.874763 -85 -82 -85 -68 -81 
2016-05-19 21:50:49.214807 -81 -78 -86 -69 -81 
2016-05-19 21:50:49.510846 -79 -75 -87 -70 -79 
2016-05-19 21:50:49.614860 -83 -80 -83 -69 -81 
2016-05-19 21:50:49.773881 -83 -76 -88 -72 -82 
2016-05-19 21:50:49.977905 -79 -83 -80 -70 -86 
2016-05-19 21:50:50.385961 -83 -80 -86 -71 -78 
2016-05-19 21:50:50.594988 -81 -75 -85 -73 -77 
2016-05-19 21:50:50.803005 -80 -76 -84 -74 -78 
2016-05-19 21:50:50.906021 -81 -77 -88 -66 -86 
2016-05-19 21:50:51.124065 -81 -82 -84 -73 -78 
2016-05-19 21:50:51.444113 -81 -79 -87 -71 -80 
2016-05-19 21:50:51.554114 -82 -82 -92 -66 -85 
2016-05-19 21:50:51.862143 -78 -81 -91 -72 -79 
2016-05-19 21:50:52.064176 -83 -80 -88 -73 -80 
2016-05-19 21:50:52.164186 -82 -82 -88 -74 -88 
362
