2016-05-19 21:50:15.621412 -80 -70 -79 -69 -83 
2016-05-19 21:50:15.916455 -84 -71 -76 -72 -78 
2016-05-19 21:50:16.088470 -89 -74 -84 -66 -76 
2016-05-19 21:50:16.248491 -83 -70 -76 -69 -87 
2016-05-19 21:50:16.351515 -82 -69 -83 -67 -84 
2016-05-19 21:50:16.459530 -83 -75 -80 -78 -83 
2016-05-19 21:50:16.672562 -88 -77 -80 -78 -87 
2016-05-19 21:50:16.773567 -76 -73 -80 -76 -80 
2016-05-19 21:50:16.879585 -78 -87 -77 -69 -86 
2016-05-19 21:50:17.081611 -86 -74 -74 -74 -81 
2016-05-19 21:50:17.393738 -79 -73 -80 -70 -82 
2016-05-19 21:50:17.711685 -83 -68 -80 -69 -82 
2016-05-19 21:50:17.828698 -86 -78 -85 -68 -82 
2016-05-19 21:50:18.148740 -79 -76 -74 -70 -81 
2016-05-19 21:50:18.530792 -75 -71 -78 -68 -75 
2016-05-19 21:50:18.634806 -90 -68 -73 -68 -72 
2016-05-19 21:50:18.782829 -78 -70 -80 -69 -80 
2016-05-19 21:50:18.961849 -76 -73 -76 -69 -73 
2016-05-19 21:50:19.066862 -83 -79 -75 -72 -73 
2016-05-19 21:50:19.380904 -82 -74 -77 -69 -83 
2016-05-19 21:50:19.507923 -75 -71 -73 -68 -83 
2016-05-19 21:50:19.711947 -80 -69 -75 -69 -85 
2016-05-19 21:50:19.930975 -77 -75 -75 -70 -81 
2016-05-19 21:50:20.036994 -79 -87 -74 -69 -79 
2016-05-19 21:50:20.222013 -84 -71 -75 -69 -76 
2016-05-19 21:50:20.327027 -79 -83 -77 -69 -80 
2016-05-19 21:50:20.429037 -84 -71 -85 -68 -86 
2016-05-19 21:50:20.537055 -81 -82 -75 -69 -80 
2016-05-19 21:50:20.636067 -86 -72 -81 -68 -88 
2016-05-19 21:50:20.844091 -78 -78 -80 -71 -82 
2016-05-19 21:50:20.987115 -79 -77 -73 -68 -76 
2016-05-19 21:50:21.137132 -81 -71 -74 -73 -78 
2016-05-19 21:50:21.242146 -86 -78 -74 -69 -83 
2016-05-19 21:50:21.438176 -80 -73 -77 -71 -88 
2016-05-19 21:50:21.963244 -80 -80 -75 -72 -78 
2016-05-19 21:50:22.204269 -80 -73 -73 -71 -83 
2016-05-19 21:50:22.384293 -88 -71 -81 -72 -75 
2016-05-19 21:50:22.756349 -77 -71 -76 -73 -78 
2016-05-19 21:50:22.862358 -76 -72 -75 -69 -76 
2016-05-19 21:50:23.016381 -80 -72 -75 -70 -82 
2016-05-19 21:50:23.289410 -77 -70 -75 -71 -75 
2016-05-19 21:50:23.471438 -78 -78 -74 -73 -90 
2016-05-19 21:50:23.651462 -80 -70 -78 -70 -80 
2016-05-19 21:50:23.863492 -80 -70 -76 -68 -83 
2016-05-19 21:50:24.233540 -79 -84 -73 -69 -87 
2016-05-19 21:50:24.347552 -79 -78 -77 -76 -80 
2016-05-19 21:50:24.659590 -81 -79 -73 -69 -82 
2016-05-19 21:50:24.879618 -77 -74 -75 -69 -86 
2016-05-19 21:50:24.987636 -78 -75 -81 -68 -76 
2016-05-19 21:50:25.133658 -81 -85 -81 -74 -76 
2016-05-19 21:50:25.328684 -82 -80 -74 -67 -77 
2016-05-19 21:50:25.430694 -79 -83 -80 -74 -85 
2016-05-19 21:50:25.753740 -86 -78 -76 -71 -88 
2016-05-19 21:50:26.017770 -79 -75 -80 -69 -74 
2016-05-19 21:50:26.120784 -77 -77 -74 -75 -74 
2016-05-19 21:50:26.275803 -83 -78 -82 -73 -83 
2016-05-19 21:50:26.387819 -83 -79 -75 -63 -85 
2016-05-19 21:50:27.119911 -79 -76 -78 -66 -81 
2016-05-19 21:50:27.349942 -80 -79 -83 -70 -83 
2016-05-19 21:50:27.488966 -76 -71 -77 -62 -84 
2016-05-19 21:50:27.594973 -88 -76 -76 -64 -86 
2016-05-19 21:50:27.757997 -75 -79 -78 -72 -80 
2016-05-19 21:50:27.862011 -78 -75 -81 -72 -80 
2016-05-19 21:50:27.965021 -90 -85 -86 -81 -81 
2016-05-19 21:50:28.072038 -85 -73 -76 -83 -81 
2016-05-19 21:50:28.183054 -76 -76 -82 -74 -77 
2016-05-19 21:50:28.787133 -83 -77 -83 -70 -77 
2016-05-19 21:50:29.253194 -81 -73 -85 -71 -79 
2016-05-19 21:50:29.648244 -77 -78 -80 -67 -78 
2016-05-19 21:50:30.167312 -80 -79 -78 -75 -85 
2016-05-19 21:50:30.303329 -82 -75 -76 -74 -79 
2016-05-19 21:50:30.833399 -78 -86 -82 -72 -83 
2016-05-19 21:50:30.997422 -75 -79 -79 -72 -78 
2016-05-19 21:50:31.206490 -73 -83 -80 -71 -77 
2016-05-19 21:50:31.324467 -75 -87 -73 -74 -88 
2016-05-19 21:50:31.431478 -74 -77 -83 -68 -76 
2016-05-19 21:50:31.636516 -71 -81 -83 -78 -79 
2016-05-19 21:50:31.855530 -69 -75 -83 -75 -80 
2016-05-19 21:50:32.042558 -74 -80 -83 -75 -82 
2016-05-19 21:50:32.201578 -72 -80 -84 -83 -92 
2016-05-19 21:50:32.307592 -68 -82 -84 -69 -86 
2016-05-19 21:50:32.489619 -72 -84 -83 -74 -84 
2016-05-19 21:50:32.683640 -81 -79 -77 -76 -82 
2016-05-19 21:50:32.866669 -88 -83 -83 -70 -81 
2016-05-19 21:50:33.244719 -81 -85 -75 -73 -82 
2016-05-19 21:50:33.351728 -74 -83 -74 -73 -81 
2016-05-19 21:50:33.636770 -84 -82 -74 -73 -74 
2016-05-19 21:50:33.878797 -80 -86 -78 -68 -76 
2016-05-19 21:50:34.148832 -74 -84 -82 -74 -77 
2016-05-19 21:50:34.251846 -69 -79 -86 -76 -75 
2016-05-19 21:50:34.353860 -72 -79 -85 -76 -79 
2016-05-19 21:50:34.606893 -69 -88 -89 -77 -74 
2016-05-19 21:50:34.715904 -79 -87 -86 -70 -78 
2016-05-19 21:50:34.924937 -77 -83 -80 -77 -73 
2016-05-19 21:50:35.085955 -71 -83 -86 -87 -78 
2016-05-19 21:50:35.291019 -72 -84 -82 -69 -90 
2016-05-19 21:50:35.391995 -76 -85 -77 -71 -79 
2016-05-19 21:50:35.579019 -69 -73 -80 -79 -78 
2016-05-19 21:50:35.785050 -69 -79 -82 -80 -81 
2016-05-19 21:50:35.994074 -71 -74 -80 -68 -77 
2016-05-19 21:50:36.343127 -83 -85 -80 -69 -77 
2016-05-19 21:50:36.447141 -73 -88 -81 -68 -81 
2016-05-19 21:50:36.771172 -79 -84 -77 -74 -84 
2016-05-19 21:50:36.975216 -74 -76 -77 -71 -83 
2016-05-19 21:50:37.114220 -74 -77 -77 -85 -84 
2016-05-19 21:50:37.219233 -76 -84 -74 -75 -81 
2016-05-19 21:50:37.359252 -76 -82 -77 -74 -80 
2016-05-19 21:50:37.571277 -85 -80 -76 -81 -86 
2016-05-19 21:50:37.672292 -75 -77 -75 -79 -85 
2016-05-19 21:50:37.841311 -78 -81 -76 -81 -81 
2016-05-19 21:50:37.979332 -75 -80 -78 -83 -83 
2016-05-19 21:50:38.083346 -83 -78 -74 -70 -84 
2016-05-19 21:50:38.186358 -75 -83 -78 -77 -80 
2016-05-19 21:50:38.357402 -77 -83 -74 -76 -82 
2016-05-19 21:50:38.460400 -74 -78 -75 -82 -85 
2016-05-19 21:50:38.673423 -74 -77 -78 -79 -81 
2016-05-19 21:50:38.896455 -76 -82 -74 -78 -84 
2016-05-19 21:50:39.000470 -76 -80 -78 -79 -80 
2016-05-19 21:50:39.209506 -80 -80 -77 -75 -81 
2016-05-19 21:50:39.307507 -75 -78 -77 -79 -84 
2016-05-19 21:50:39.492530 -79 -80 -75 -75 -84 
2016-05-19 21:50:39.593543 -79 -77 -74 -71 -77 
2016-05-19 21:50:39.928587 -75 -80 -75 -71 -81 
2016-05-19 21:50:40.034601 -83 -79 -74 -69 -79 
2016-05-19 21:50:40.356650 -75 -78 -77 -79 -85 
2016-05-19 21:50:40.694687 -82 -80 -75 -75 -81 
2016-05-19 21:50:40.801698 -77 -78 -75 -75 -86 
2016-05-19 21:50:40.902715 -79 -79 -75 -81 -78 
2016-05-19 21:50:41.057735 -74 -78 -75 -79 -87 
2016-05-19 21:50:41.162748 -77 -80 -77 -72 -92 
2016-05-19 21:50:41.263761 -79 -81 -77 -83 -88 
2016-05-19 21:50:41.367783 -79 -78 -75 -71 -78 
2016-05-19 21:50:41.471802 -76 -83 -74 -79 -88 
2016-05-19 21:50:41.576803 -82 -78 -74 -69 -80 
2016-05-19 21:50:41.687817 -75 -78 -75 -79 -87 
2016-05-19 21:50:41.794831 -77 -75 -74 -68 -90 
2016-05-19 21:50:41.900849 -75 -78 -76 -80 -78 
2016-05-19 21:50:42.011857 -80 -83 -74 -68 -85 
2016-05-19 21:50:42.117874 -71 -77 -75 -74 -78 
2016-05-19 21:50:42.224887 -77 -81 -77 -80 -83 
2016-05-19 21:50:42.360926 -77 -79 -76 -75 -79 
2016-05-19 21:50:42.652943 -77 -78 -75 -79 -85 
2016-05-19 21:50:42.850973 -79 -78 -78 -81 -84 
2016-05-19 21:50:43.169011 -76 -79 -74 -73 -78 
2016-05-19 21:50:43.271027 -77 -79 -77 -75 -85 
2016-05-19 21:50:43.473050 -79 -78 -77 -77 -78 
2016-05-19 21:50:43.626074 -74 -80 -75 -69 -86 
2016-05-19 21:50:43.954113 -78 -78 -76 -78 -85 
2016-05-19 21:50:44.105133 -82 -79 -79 -73 -84 
2016-05-19 21:50:44.214147 -74 -80 -74 -77 -78 
2016-05-19 21:50:44.316163 -76 -78 -76 -76 -84 
2016-05-19 21:50:44.531193 -75 -80 -75 -77 -85 
2016-05-19 21:50:44.669207 -75 -85 -74 -79 -77 
2016-05-19 21:50:44.779221 -84 -77 -75 -75 -85 
2016-05-19 21:50:44.905243 -76 -79 -79 -78 -80 
2016-05-19 21:50:45.097260 -77 -82 -76 -78 -83 
2016-05-19 21:50:45.300326 -80 -76 -74 -79 -87 
2016-05-19 21:50:45.406307 -79 -77 -77 -72 -79 
2016-05-19 21:50:45.563324 -80 -84 -75 -74 -79 
2016-05-19 21:50:45.738346 -78 -76 -75 -84 -84 
2016-05-19 21:50:45.845360 -77 -77 -77 -70 -78 
2016-05-19 21:50:45.952371 -84 -83 -76 -71 -86 
2016-05-19 21:50:46.147397 -77 -84 -76 -83 -77 
2016-05-19 21:50:46.351439 -71 -75 -82 -72 -80 
2016-05-19 21:50:46.515500 -76 -73 -78 -68 -81 
2016-05-19 21:50:46.619470 -77 -77 -73 -72 -83 
2016-05-19 21:50:46.726491 -74 -75 -86 -75 -84 
2016-05-19 21:50:46.835497 -69 -73 -79 -72 -84 
2016-05-19 21:50:47.195544 -72 -82 -82 -70 -83 
2016-05-19 21:50:47.376573 -76 -79 -84 -66 -82 
2016-05-19 21:50:47.587595 -75 -74 -81 -69 -80 
2016-05-19 21:50:47.690608 -77 -72 -83 -71 -83 
2016-05-19 21:50:47.793622 -82 -81 -88 -75 -81 
2016-05-19 21:50:48.003650 -80 -77 -83 -77 -82 
2016-05-19 21:50:48.186683 -81 -76 -88 -77 -83 
2016-05-19 21:50:48.288687 -76 -75 -88 -73 -83 
2016-05-19 21:50:48.564723 -83 -78 -84 -77 -82 
2016-05-19 21:50:48.874763 -85 -82 -85 -68 -81 
2016-05-19 21:50:49.214807 -81 -78 -86 -69 -81 
2016-05-19 21:50:49.510846 -79 -75 -87 -70 -79 
2016-05-19 21:50:49.614860 -83 -80 -83 -69 -81 
2016-05-19 21:50:49.773881 -83 -76 -88 -72 -82 
2016-05-19 21:50:49.977905 -79 -83 -80 -70 -86 
2016-05-19 21:50:50.385961 -83 -80 -86 -71 -78 
2016-05-19 21:50:50.594988 -81 -75 -85 -73 -77 
2016-05-19 21:50:50.803005 -80 -76 -84 -74 -78 
2016-05-19 21:50:50.906021 -81 -77 -88 -66 -86 
2016-05-19 21:50:51.124065 -81 -82 -84 -73 -78 
2016-05-19 21:50:51.444113 -81 -79 -87 -71 -80 
2016-05-19 21:50:51.554114 -82 -82 -92 -66 -85 
2016-05-19 21:50:51.862143 -78 -81 -91 -72 -79 
2016-05-19 21:50:52.064176 -83 -80 -88 -73 -80 
2016-05-19 21:50:52.164186 -82 -82 -88 -74 -88 
193
