2016-05-19 21:50:31.361469 -75 -77 -83 -68 -88 
2016-05-19 21:50:31.546500 -71 -79 -83 -74 -76 
2016-05-19 21:50:31.855530 -71 -78 -83 -77 -79 
2016-05-19 21:50:32.042558 -74 -80 -83 -75 -82 
2016-05-19 21:50:32.201578 -72 -80 -84 -83 -92 
2016-05-19 21:50:32.307592 -68 -82 -84 -69 -86 
2016-05-19 21:50:32.489619 -72 -84 -83 -74 -84 
2016-05-19 21:50:32.683640 -81 -79 -77 -76 -82 
2016-05-19 21:50:32.866669 -88 -83 -83 -70 -81 
2016-05-19 21:50:33.244719 -81 -85 -75 -73 -82 
2016-05-19 21:50:33.351728 -74 -83 -74 -73 -81 
2016-05-19 21:50:33.636770 -84 -82 -74 -73 -74 
2016-05-19 21:50:33.878797 -80 -86 -78 -68 -76 
2016-05-19 21:50:34.148832 -74 -84 -82 -74 -77 
2016-05-19 21:50:34.251846 -69 -79 -86 -76 -75 
2016-05-19 21:50:34.353860 -72 -79 -85 -76 -79 
2016-05-19 21:50:34.606893 -69 -88 -89 -77 -74 
2016-05-19 21:50:34.715904 -79 -87 -86 -70 -78 
2016-05-19 21:50:34.924937 -77 -83 -80 -77 -73 
2016-05-19 21:50:35.085955 -71 -83 -86 -87 -78 
2016-05-19 21:50:35.291019 -72 -84 -82 -69 -90 
2016-05-19 21:50:35.391995 -76 -85 -77 -71 -79 
2016-05-19 21:50:35.579019 -69 -73 -80 -79 -78 
2016-05-19 21:50:35.785050 -69 -79 -82 -80 -81 
2016-05-19 21:50:35.994074 -71 -74 -80 -68 -77 
2016-05-19 21:50:36.343127 -83 -85 -80 -69 -77 
2016-05-19 21:50:36.447141 -73 -88 -81 -68 -81 
2016-05-19 21:50:36.771172 -79 -84 -77 -74 -84 
2016-05-19 21:50:36.975216 -74 -76 -77 -71 -83 
2016-05-19 21:50:37.114220 -74 -77 -77 -85 -84 
2016-05-19 21:50:37.219233 -76 -84 -74 -75 -81 
2016-05-19 21:50:37.359252 -76 -82 -77 -74 -80 
2016-05-19 21:50:37.571277 -85 -80 -76 -81 -86 
2016-05-19 21:50:37.672292 -75 -77 -75 -79 -85 
2016-05-19 21:50:37.841311 -78 -81 -76 -81 -81 
2016-05-19 21:50:37.979332 -75 -80 -78 -83 -83 
2016-05-19 21:50:38.083346 -83 -78 -74 -70 -84 
2016-05-19 21:50:38.186358 -75 -83 -78 -77 -80 
2016-05-19 21:50:38.357402 -77 -83 -74 -76 -82 
2016-05-19 21:50:38.460400 -74 -78 -75 -82 -85 
2016-05-19 21:50:38.673423 -74 -77 -78 -79 -81 
2016-05-19 21:50:38.896455 -76 -82 -74 -78 -84 
2016-05-19 21:50:39.000470 -76 -80 -78 -79 -80 
2016-05-19 21:50:39.209506 -80 -80 -77 -75 -81 
2016-05-19 21:50:39.307507 -75 -78 -77 -79 -84 
2016-05-19 21:50:39.492530 -79 -80 -75 -75 -84 
2016-05-19 21:50:39.593543 -79 -77 -74 -71 -77 
2016-05-19 21:50:39.928587 -75 -80 -75 -71 -81 
2016-05-19 21:50:40.034601 -83 -79 -74 -69 -79 
2016-05-19 21:50:40.356650 -75 -78 -77 -79 -85 
2016-05-19 21:50:40.694687 -82 -80 -75 -75 -81 
2016-05-19 21:50:40.801698 -77 -78 -75 -75 -86 
2016-05-19 21:50:40.902715 -79 -79 -75 -81 -78 
2016-05-19 21:50:41.057735 -74 -78 -75 -79 -87 
2016-05-19 21:50:41.162748 -77 -80 -77 -72 -92 
2016-05-19 21:50:41.263761 -79 -81 -77 -83 -88 
2016-05-19 21:50:41.367783 -79 -78 -75 -71 -78 
2016-05-19 21:50:41.471802 -76 -83 -74 -79 -88 
2016-05-19 21:50:41.576803 -82 -78 -74 -69 -80 
2016-05-19 21:50:41.687817 -75 -78 -75 -79 -87 
2016-05-19 21:50:41.794831 -77 -75 -74 -68 -90 
2016-05-19 21:50:41.900849 -75 -78 -76 -80 -78 
2016-05-19 21:50:42.011857 -80 -83 -74 -68 -85 
2016-05-19 21:50:42.117874 -71 -77 -75 -74 -78 
2016-05-19 21:50:42.224887 -77 -81 -77 -80 -83 
2016-05-19 21:50:42.360926 -77 -79 -76 -75 -79 
2016-05-19 21:50:42.652943 -77 -78 -75 -79 -85 
2016-05-19 21:50:42.850973 -79 -78 -78 -81 -84 
2016-05-19 21:50:43.169011 -76 -79 -74 -73 -78 
2016-05-19 21:50:43.271027 -77 -79 -77 -75 -85 
2016-05-19 21:50:43.473050 -79 -78 -77 -77 -78 
2016-05-19 21:50:43.626074 -74 -80 -75 -69 -86 
2016-05-19 21:50:43.954113 -78 -78 -76 -78 -85 
2016-05-19 21:50:44.105133 -82 -79 -79 -73 -84 
2016-05-19 21:50:44.214147 -74 -80 -74 -77 -78 
2016-05-19 21:50:44.316163 -76 -78 -76 -76 -84 
2016-05-19 21:50:44.531193 -75 -80 -75 -77 -85 
2016-05-19 21:50:44.669207 -75 -85 -74 -79 -77 
2016-05-19 21:50:44.779221 -84 -77 -75 -75 -85 
2016-05-19 21:50:44.905243 -76 -79 -79 -78 -80 
2016-05-19 21:50:45.097260 -77 -82 -76 -78 -83 
2016-05-19 21:50:45.300326 -80 -76 -74 -79 -87 
2016-05-19 21:50:45.406307 -79 -77 -77 -72 -79 
2016-05-19 21:50:45.563324 -80 -84 -75 -74 -79 
2016-05-19 21:50:45.738346 -78 -76 -75 -84 -84 
2016-05-19 21:50:45.845360 -77 -77 -77 -70 -78 
2016-05-19 21:50:45.952371 -84 -83 -76 -71 -86 
2016-05-19 21:50:46.147397 -77 -84 -76 -83 -77 
2016-05-19 21:50:46.351439 -71 -75 -82 -72 -80 
2016-05-19 21:50:46.515500 -76 -73 -78 -68 -81 
2016-05-19 21:50:46.619470 -77 -77 -73 -72 -83 
2016-05-19 21:50:46.726491 -74 -75 -86 -75 -84 
2016-05-19 21:50:46.835497 -69 -73 -79 -72 -84 
2016-05-19 21:50:47.195544 -72 -82 -82 -70 -83 
2016-05-19 21:50:47.376573 -76 -79 -84 -66 -82 
2016-05-19 21:50:47.587595 -75 -74 -81 -69 -80 
2016-05-19 21:50:47.690608 -77 -72 -83 -71 -83 
2016-05-19 21:50:47.793622 -82 -81 -88 -75 -81 
2016-05-19 21:50:48.003650 -80 -77 -83 -77 -82 
2016-05-19 21:50:48.186683 -81 -76 -88 -77 -83 
2016-05-19 21:50:48.288687 -76 -75 -88 -73 -83 
2016-05-19 21:50:48.564723 -83 -78 -84 -77 -82 
2016-05-19 21:50:48.874763 -85 -82 -85 -68 -81 
2016-05-19 21:50:49.214807 -81 -78 -86 -69 -81 
2016-05-19 21:50:49.510846 -79 -75 -87 -70 -79 
2016-05-19 21:50:49.614860 -83 -80 -83 -69 -81 
2016-05-19 21:50:49.773881 -83 -76 -88 -72 -82 
2016-05-19 21:50:49.977905 -79 -83 -80 -70 -86 
2016-05-19 21:50:50.385961 -83 -80 -86 -71 -78 
2016-05-19 21:50:50.594988 -81 -75 -85 -73 -77 
2016-05-19 21:50:50.803005 -80 -76 -84 -74 -78 
2016-05-19 21:50:50.906021 -81 -77 -88 -66 -86 
2016-05-19 21:50:51.124065 -81 -82 -84 -73 -78 
2016-05-19 21:50:51.444113 -81 -79 -87 -71 -80 
2016-05-19 21:50:51.554114 -82 -82 -92 -66 -85 
2016-05-19 21:50:51.862143 -78 -81 -91 -72 -79 
2016-05-19 21:50:52.064176 -83 -80 -88 -73 -80 
2016-05-19 21:50:52.164186 -82 -82 -88 -74 -88 
118
