2016-05-19 21:21:54.326176 -74 -84 -69 -79 -70 
2016-05-19 21:21:54.742246 -71 -73 -68 -78 -65 
2016-05-19 21:21:54.951257 -74 -71 -71 -73 -68 
2016-05-19 21:21:55.059272 -68 -70 -65 -67 -72 
2016-05-19 21:21:55.167289 -71 -63 -75 -66 -67 
2016-05-19 21:21:55.362316 -68 -71 -65 -67 -71 
2016-05-19 21:21:55.487335 -71 -70 -66 -77 -79 
2016-05-19 21:21:55.600347 -60 -72 -77 -73 -71 
2016-05-19 21:21:55.717362 -57 -66 -67 -79 -65 
2016-05-19 21:21:55.904382 -59 -70 -72 -73 -62 
2016-05-19 21:21:56.008393 -65 -67 -73 -75 -68 
2016-05-19 21:21:56.114409 -66 -73 -78 -76 -70 
2016-05-19 21:21:56.321565 -62 -75 -76 -81 -69 
2016-05-19 21:21:56.429451 -85 -75 -69 -79 -71 
2016-05-19 21:21:56.535464 -64 -77 -77 -70 -66 
2016-05-19 21:21:56.745620 -68 -73 -85 -79 -67 
2016-05-19 21:21:56.878507 -60 -76 -75 -70 -64 
2016-05-19 21:21:57.070535 -69 -76 -68 -76 -57 
2016-05-19 21:21:57.391576 -62 -73 -76 -79 -68 
2016-05-19 21:21:57.603601 -69 -70 -72 -73 -76 
2016-05-19 21:21:57.708615 -59 -75 -79 -84 -72 
2016-05-19 21:21:57.812635 -65 -78 -71 -73 -69 
2016-05-19 21:21:58.016657 -69 -66 -78 -71 -61 
2016-05-19 21:21:58.343698 -67 -79 -76 -79 -69 
2016-05-19 21:21:58.539726 -65 -69 -82 -68 -66 
2016-05-19 21:21:58.643737 -63 -68 -70 -77 -66 
2016-05-19 21:21:58.746755 -64 -70 -71 -72 -64 
2016-05-19 21:21:58.845767 -75 -83 -80 -67 -69 
2016-05-19 21:21:58.948777 -67 -74 -73 -73 -72 
2016-05-19 21:21:59.052797 -66 -69 -74 -70 -64 
2016-05-19 21:21:59.187815 -67 -72 -73 -79 -64 
2016-05-19 21:21:59.380836 -67 -72 -76 -81 -62 
2016-05-19 21:21:59.593993 -67 -79 -71 -76 -65 
2016-05-19 21:21:59.709885 -64 -79 -77 -75 -74 
2016-05-19 21:22:00.022925 -64 -76 -73 -68 -72 
2016-05-19 21:22:00.221946 -65 -80 -72 -67 -68 
2016-05-19 21:22:00.338091 -67 -73 -75 -66 -75 
2016-05-19 21:22:00.446976 -59 -73 -80 -65 -65 
2016-05-19 21:22:00.555990 -61 -72 -75 -66 -68 
2016-05-19 21:22:00.661004 -59 -73 -72 -74 -68 
2016-05-19 21:22:00.767021 -65 -71 -68 -64 -66 
2016-05-19 21:22:00.948045 -60 -74 -72 -74 -66 
2016-05-19 21:22:01.052055 -61 -70 -68 -65 -62 
2016-05-19 21:22:01.155068 -67 -73 -70 -71 -75 
2016-05-19 21:22:01.365096 -68 -69 -71 -70 -71 
2016-05-19 21:22:01.481118 -60 -77 -70 -73 -59 
2016-05-19 21:22:01.588137 -73 -68 -72 -73 -67 
2016-05-19 21:22:01.720149 -61 -70 -71 -73 -59 
2016-05-19 21:22:01.929172 -66 -69 -70 -74 -64 
2016-05-19 21:22:02.034321 -67 -77 -69 -67 -75 
2016-05-19 21:22:02.142204 -69 -67 -73 -75 -66 
2016-05-19 21:22:02.245218 -67 -74 -68 -66 -60 
2016-05-19 21:22:02.440236 -65 -75 -67 -72 -61 
2016-05-19 21:22:02.549250 -71 -69 -69 -68 -73 
2016-05-19 21:22:02.726273 -62 -70 -71 -67 -64 
2016-05-19 21:22:02.919296 -59 -71 -71 -68 -71 
2016-05-19 21:22:03.044312 -61 -77 -67 -67 -63 
2016-05-19 21:22:03.153332 -64 -70 -70 -65 -73 
2016-05-19 21:22:03.264340 -61 -70 -66 -65 -65 
2016-05-19 21:22:03.363362 -64 -69 -75 -68 -62 
2016-05-19 21:22:03.465370 -68 -69 -68 -70 -67 
2016-05-19 21:22:03.572383 -70 -69 -67 -71 -61 
2016-05-19 21:22:03.712402 -60 -69 -69 -74 -67 
2016-05-19 21:22:03.817416 -65 -75 -66 -69 -60 
2016-05-19 21:22:03.926431 -59 -69 -71 -72 -67 
2016-05-19 21:22:04.087451 -63 -68 -69 -69 -69 
2016-05-19 21:22:04.405492 -63 -74 -71 -65 -69 
2016-05-19 21:22:04.504503 -60 -72 -75 -66 -67 
2016-05-19 21:22:04.609518 -68 -70 -68 -65 -73 
2016-05-19 21:22:04.759537 -60 -70 -72 -68 -65 
2016-05-19 21:22:04.899555 -60 -68 -72 -72 -70 
2016-05-19 21:22:05.083585 -64 -69 -71 -67 -67 
2016-05-19 21:22:05.295609 -62 -72 -72 -66 -65 
2016-05-19 21:22:05.403627 -62 -68 -68 -64 -66 
2016-05-19 21:22:05.514767 -62 -71 -71 -66 -71 
2016-05-19 21:22:05.967697 -64 -69 -70 -68 -66 
2016-05-19 21:22:06.072719 -62 -75 -67 -72 -62 
2016-05-19 21:22:06.282866 -63 -72 -69 -72 -66 
2016-05-19 21:22:06.491766 -62 -66 -73 -68 -64 
2016-05-19 21:22:06.599777 -68 -69 -74 -64 -68 
2016-05-19 21:22:06.809807 -68 -68 -73 -66 -69 
2016-05-19 21:22:06.983833 -63 -69 -72 -69 -63 
2016-05-19 21:22:07.090972 -70 -70 -70 -65 -65 
2016-05-19 21:22:07.192857 -62 -68 -68 -71 -62 
2016-05-19 21:22:07.428891 -73 -67 -69 -72 -65 
2016-05-19 21:22:07.535901 -80 -77 -71 -75 -61 
2016-05-19 21:22:07.717925 -66 -80 -69 -66 -68 
2016-05-19 21:22:07.901949 -67 -68 -73 -69 -63 
2016-05-19 21:22:08.039964 -64 -68 -68 -74 -66 
2016-05-19 21:22:08.143984 -70 -72 -72 -69 -65 
2016-05-19 21:22:08.248997 -65 -68 -69 -64 -64 
2016-05-19 21:22:08.350004 -69 -71 -69 -68 -66 
2016-05-19 21:22:08.458021 -61 -67 -71 -68 -62 
2016-05-19 21:22:08.579043 -69 -69 -69 -66 -62 
2016-05-19 21:22:08.684055 -66 -68 -73 -66 -69 
2016-05-19 21:22:08.785089 -68 -72 -70 -66 -68 
2016-05-19 21:22:08.885075 -62 -68 -73 -65 -63 
2016-05-19 21:22:09.013095 -60 -71 -74 -65 -66 
2016-05-19 21:22:09.114111 -61 -70 -69 -64 -66 
2016-05-19 21:22:09.320132 -63 -69 -71 -63 -65 
2016-05-19 21:22:09.421147 -65 -74 -66 -85 -69 
2016-05-19 21:22:09.528163 -63 -75 -70 -62 -69 
2016-05-19 21:22:09.759196 -67 -73 -72 -72 -70 
2016-05-19 21:22:09.863209 -66 -69 -72 -62 -66 
2016-05-19 21:22:10.042233 -60 -73 -73 -74 -72 
2016-05-19 21:22:10.237255 -68 -70 -72 -62 -74 
2016-05-19 21:22:10.466284 -69 -83 -68 -76 -79 
2016-05-19 21:22:10.759326 -61 -75 -76 -68 -73 
2016-05-19 21:22:10.988353 -71 -78 -69 -63 -73 
2016-05-19 21:22:11.205378 -67 -72 -71 -67 -71 
2016-05-19 21:22:11.311395 -66 -78 -70 -71 -76 
2016-05-19 21:22:11.419413 -74 -80 -71 -66 -77 
2016-05-19 21:22:11.522422 -68 -78 -72 -62 -77 
2016-05-19 21:22:11.712448 -69 -73 -73 -68 -84 
2016-05-19 21:22:11.816460 -70 -78 -75 -61 -66 
2016-05-19 21:22:11.920472 -63 -71 -66 -68 -73 
2016-05-19 21:22:12.026489 -69 -72 -74 -61 -70 
2016-05-19 21:22:12.334531 -65 -73 -72 -69 -68 
2016-05-19 21:22:12.442545 -75 -73 -75 -88 -88 
2016-05-19 21:22:12.544559 -71 -69 -73 -66 -70 
2016-05-19 21:22:12.660567 -62 -70 -79 -64 -69 
2016-05-19 21:22:12.768587 -82 -80 -71 -69 -75 
2016-05-19 21:22:12.868598 -65 -72 -80 -71 -70 
2016-05-19 21:22:12.998621 -73 -71 -65 -69 -72 
2016-05-19 21:22:13.402672 -79 -71 -62 -69 -68 
2016-05-19 21:22:13.612696 -65 -73 -70 -64 -74 
2016-05-19 21:22:13.718709 -69 -74 -65 -66 -68 
2016-05-19 21:22:13.827725 -72 -83 -63 -65 -75 
2016-05-19 21:22:13.932742 -72 -74 -67 -73 -85 
2016-05-19 21:22:14.143764 -67 -68 -67 -71 -75 
2016-05-19 21:22:14.252784 -64 -77 -64 -68 -90 
2016-05-19 21:22:14.439806 -62 -73 -66 -71 -71 
2016-05-19 21:22:14.726840 -63 -76 -65 -75 -68 
2016-05-19 21:22:14.881876 -63 -75 -62 -65 -66 
2016-05-19 21:22:14.983886 -62 -80 -67 -78 -65 
2016-05-19 21:22:15.088888 -65 -70 -69 -70 -71 
2016-05-19 21:22:15.191935 -64 -74 -64 -68 -81 
2016-05-19 21:22:15.498941 -63 -74 -63 -71 -73 
2016-05-19 21:22:15.601957 -63 -71 -61 -78 -73 
2016-05-19 21:22:15.791980 -64 -76 -62 -73 -71 
2016-05-19 21:22:15.958001 -59 -69 -66 -71 -66 
2016-05-19 21:22:16.063042 -64 -68 -61 -71 -72 
2016-05-19 21:22:16.232037 -66 -73 -66 -74 -71 
2016-05-19 21:22:16.383058 -63 -73 -64 -79 -60 
2016-05-19 21:22:16.485073 -64 -73 -60 -72 -67 
2016-05-19 21:22:16.692226 -65 -73 -65 -79 -63 
2016-05-19 21:22:16.797112 -61 -75 -63 -73 -60 
2016-05-19 21:22:16.911123 -65 -73 -60 -69 -67 
2016-05-19 21:22:17.319180 -62 -74 -63 -72 -64 
2016-05-19 21:22:17.426191 -59 -72 -59 -73 -80 
2016-05-19 21:22:17.844376 -64 -73 -63 -75 -66 
2016-05-19 21:22:18.047275 -60 -72 -65 -73 -65 
2016-05-19 21:22:18.259302 -62 -70 -61 -68 -84 
2016-05-19 21:22:18.419323 -60 -75 -61 -68 -61 
2016-05-19 21:22:18.633351 -63 -77 -65 -68 -66 
2016-05-19 21:22:18.734364 -69 -81 -63 -70 -67 
2016-05-19 21:22:18.840382 -63 -75 -68 -79 -64 
2016-05-19 21:22:18.997399 -63 -80 -62 -70 -68 
2016-05-19 21:22:19.104415 -68 -74 -66 -68 -68 
2016-05-19 21:22:19.262433 -61 -76 -62 -81 -65 
2016-05-19 21:22:19.518466 -67 -73 -64 -75 -63 
2016-05-19 21:22:19.827506 -62 -74 -63 -72 -65 
2016-05-19 21:22:20.145554 -60 -76 -63 -72 -68 
2016-05-19 21:22:20.247562 -66 -74 -61 -77 -63 
2016-05-19 21:22:20.355580 -63 -75 -67 -70 -66 
2016-05-19 21:22:20.673618 -60 -73 -62 -75 -63 
2016-05-19 21:22:20.781629 -64 -72 -63 -71 -79 
2016-05-19 21:22:20.886643 -60 -73 -66 -77 -63 
2016-05-19 21:22:21.048679 -67 -77 -62 -69 -65 
2016-05-19 21:22:21.314701 -63 -73 -62 -70 -67 
2016-05-19 21:22:21.461718 -60 -81 -62 -68 -72 
2016-05-19 21:22:21.675752 -63 -73 -62 -68 -68 
2016-05-19 21:22:21.983789 -68 -77 -69 -69 -66 
2016-05-19 21:22:22.192829 -63 -74 -67 -67 -65 
2016-05-19 21:22:22.454851 -59 -74 -65 -70 -65 
2016-05-19 21:22:22.568864 -59 -68 -67 -67 -66 
2016-05-19 21:22:22.778892 -60 -72 -66 -71 -64 
2016-05-19 21:22:22.883907 -66 -77 -68 -78 -62 
2016-05-19 21:22:22.989049 -61 -70 -69 -75 -67 
2016-05-19 21:22:23.133938 -59 -74 -67 -75 -67 
2016-05-19 21:22:23.239953 -62 -75 -63 -66 -77 
2016-05-19 21:22:23.447980 -61 -78 -63 -71 -67 
2016-05-19 21:22:23.618003 -64 -74 -68 -71 -65 
2016-05-19 21:22:23.767018 -68 -71 -63 -69 -62 
2016-05-19 21:22:23.869036 -61 -73 -62 -68 -75 
2016-05-19 21:22:23.982046 -69 -72 -66 -68 -72 
2016-05-19 21:22:24.086066 -59 -75 -65 -70 -63 
2016-05-19 21:22:24.294090 -69 -71 -66 -69 -64 
2016-05-19 21:22:24.491119 -64 -71 -62 -68 -67 
2016-05-19 21:22:24.595130 -69 -77 -65 -68 -75 
2016-05-19 21:22:24.703144 -59 -71 -66 -69 -68 
2016-05-19 21:22:24.883167 -59 -75 -63 -67 -71 
2016-05-19 21:22:24.986184 -70 -70 -67 -69 -73 
2016-05-19 21:22:25.223216 -64 -75 -63 -66 -64 
2016-05-19 21:22:25.322222 -61 -77 -67 -71 -68 
2016-05-19 21:22:25.512246 -63 -74 -64 -72 -69 
2016-05-19 21:22:25.663270 -69 -79 -64 -73 -71 
2016-05-19 21:22:25.765283 -59 -75 -66 -65 -64 
2016-05-19 21:22:25.864297 -68 -75 -78 -76 -87 
2016-05-19 21:22:25.971314 -59 -72 -75 -66 -63 
2016-05-19 21:22:26.072346 -57 -74 -76 -71 -66 
2016-05-19 21:22:26.178353 -60 -83 -72 -76 -75 
2016-05-19 21:22:26.347369 -63 -83 -71 -71 -72 
2016-05-19 21:22:26.557515 -69 -80 -69 -78 -74 
2016-05-19 21:22:26.766417 -68 -76 -69 -74 -73 
2016-05-19 21:22:26.864426 -65 -76 -66 -68 -77 
2016-05-19 21:22:26.971444 -73 -73 -68 -74 -79 
2016-05-19 21:22:27.076458 -69 -79 -70 -75 -65 
2016-05-19 21:22:27.219479 -68 -77 -73 -71 -66 
2016-05-19 21:22:27.395501 -69 -67 -72 -75 -69 
2016-05-19 21:22:27.500510 -63 -73 -67 -78 -63 
2016-05-19 21:22:27.701664 -62 -76 -74 -75 -66 
2016-05-19 21:22:27.807546 -68 -84 -76 -74 -64 
2016-05-19 21:22:27.917561 -61 -80 -73 -78 -61 
2016-05-19 21:22:28.120589 -63 -77 -83 -86 -62 
2016-05-19 21:22:28.393626 -64 -79 -73 -68 -67 
2016-05-19 21:22:28.600653 -70 -78 -71 -73 -64 
2016-05-19 21:22:28.814680 -64 -72 -71 -74 -62 
2016-05-19 21:22:29.014707 -70 -82 -84 -76 -62 
2016-05-19 21:22:29.124721 -64 -79 -80 -69 -63 
2016-05-19 21:22:29.440765 -67 -77 -68 -71 -74 
2016-05-19 21:22:29.547774 -59 -84 -79 -75 -64 
2016-05-19 21:22:29.649791 -66 -83 -68 -76 -63 
2016-05-19 21:22:29.782806 -63 -77 -76 -67 -67 
2016-05-19 21:22:29.881840 -63 -74 -78 -75 -63 
2016-05-19 21:22:30.091852 -64 -76 -67 -72 -65 
2016-05-19 21:22:30.202860 -72 -72 -75 -78 -72 
2016-05-19 21:22:30.360884 -65 -79 -72 -67 -74 
2016-05-19 21:22:30.489900 -70 -74 -71 -72 -70 
2016-05-19 21:22:30.591917 -64 -76 -71 -74 -78 
2016-05-19 21:22:30.694055 -66 -75 -76 -66 -69 
2016-05-19 21:22:30.802939 -61 -73 -78 -66 -63 
2016-05-19 21:22:30.908954 -71 -75 -70 -66 -73 
2016-05-19 21:22:31.017966 -68 -80 -70 -63 -72 
2016-05-19 21:22:31.121986 -62 -76 -72 -69 -64 
2016-05-19 21:22:31.326147 -64 -72 -71 -63 -83 
2016-05-19 21:22:31.524036 -69 -76 -72 -73 -64 
2016-05-19 21:22:31.624047 -60 -71 -72 -72 -61 
2016-05-19 21:22:31.868076 -76 -71 -72 -71 -64 
2016-05-19 21:22:31.974222 -65 -72 -74 -67 -67 
2016-05-19 21:22:32.079107 -66 -72 -71 -86 -65 
2016-05-19 21:22:32.288131 -78 -81 -76 -76 -64 
2016-05-19 21:22:32.498160 -66 -74 -78 -68 -62 
2016-05-19 21:22:32.602178 -63 -71 -74 -69 -64 
2016-05-19 21:22:32.707193 -61 -77 -75 -80 -64 
2016-05-19 21:22:32.857212 -61 -74 -72 -69 -78 
2016-05-19 21:22:32.965223 -68 -72 -72 -69 -62 
2016-05-19 21:22:33.201254 -64 -73 -68 -73 -71 
2016-05-19 21:22:33.301267 -61 -75 -71 -87 -67 
2016-05-19 21:22:33.433294 -81 -73 -72 -68 -62 
2016-05-19 21:22:33.538294 -69 -74 -68 -80 -63 
2016-05-19 21:22:33.639311 -69 -84 -68 -72 -63 
2016-05-19 21:22:33.741324 -63 -87 -69 -75 -65 
2016-05-19 21:22:34.045364 -70 -74 -70 -71 -67 
2016-05-19 21:22:34.146376 -69 -71 -69 -71 -74 
2016-05-19 21:22:34.366535 -67 -79 -71 -69 -66 
2016-05-19 21:22:34.473465 -77 -74 -68 -78 -65 
2016-05-19 21:22:34.888471 -62 -73 -72 -71 -67 
2016-05-19 21:22:35.081499 -68 -77 -73 -77 -65 
2016-05-19 21:22:35.186514 -59 -79 -71 -83 -75 
2016-05-19 21:22:35.340533 -66 -73 -71 -83 -62 
2016-05-19 21:22:35.443545 -63 -70 -73 -73 -71 
2016-05-19 21:22:35.680578 -64 -70 -70 -71 -72 
2016-05-19 21:22:35.895606 -63 -72 -71 -77 -68 
2016-05-19 21:22:36.025623 -65 -76 -76 -80 -83 
2016-05-19 21:22:36.233647 -64 -73 -72 -74 -62 
2016-05-19 21:22:36.380672 -64 -71 -70 -78 -62 
2016-05-19 21:22:36.487687 -63 -66 -68 -71 -71 
2016-05-19 21:22:36.673724 -63 -69 -70 -86 -70 
2016-05-19 21:22:36.882739 -62 -68 -71 -73 -72 
2016-05-19 21:22:37.063755 -60 -74 -71 -75 -76 
2016-05-19 21:22:37.168781 -67 -78 -76 -73 -63 
2016-05-19 21:22:37.333791 -60 -76 -71 -72 -66 
2016-05-19 21:22:37.585828 -60 -71 -69 -77 -65 
2016-05-19 21:22:38.001880 -62 -74 -69 -74 -64 
2016-05-19 21:22:38.104895 -62 -74 -71 -75 -76 
2016-05-19 21:22:38.219909 -61 -75 -72 -80 -64 
2016-05-19 21:22:38.471071 -61 -69 -71 -73 -75 
2016-05-19 21:22:38.573965 -62 -76 -72 -73 -61 
2016-05-19 21:22:38.681970 -62 -68 -69 -69 -80 
2016-05-19 21:22:39.069016 -62 -72 -69 -72 -70 
2016-05-19 21:22:39.172034 -63 -71 -69 -78 -63 
2016-05-19 21:22:39.277047 -62 -68 -71 -70 -72 
2016-05-19 21:22:39.590099 -61 -72 -71 -79 -66 
2016-05-19 21:22:39.820120 -64 -72 -70 -75 -65 
2016-05-19 21:22:39.988144 -68 -76 -70 -70 -69 
2016-05-19 21:22:40.098158 -61 -71 -68 -69 -63 
2016-05-19 21:22:40.239302 -63 -72 -69 -72 -67 
2016-05-19 21:22:40.347187 -61 -72 -70 -68 -66 
2016-05-19 21:22:40.450201 -66 -73 -69 -74 -65 
2016-05-19 21:22:40.558218 -61 -76 -67 -71 -64 
2016-05-19 21:22:40.665241 -69 -73 -70 -71 -64 
2016-05-19 21:22:40.805247 -62 -77 -71 -70 -64 
2016-05-19 21:22:40.942265 -66 -72 -71 -75 -64 
2016-05-19 21:22:41.045278 -68 -74 -71 -69 -65 
2016-05-19 21:22:41.149289 -62 -71 -71 -76 -64 
2016-05-19 21:22:41.264304 -66 -75 -71 -69 -65 
2016-05-19 21:22:41.392324 -62 -75 -69 -67 -64 
2016-05-19 21:22:41.493341 -66 -78 -70 -69 -65 
2016-05-19 21:22:41.595350 -62 -70 -70 -78 -64 
2016-05-19 21:22:41.803382 -65 -70 -70 -73 -65 
2016-05-19 21:22:42.100416 -62 -77 -71 -72 -64 
2016-05-19 21:22:42.225432 -66 -80 -72 -67 -64 
2016-05-19 21:22:42.416457 -65 -74 -71 -71 -63 
2016-05-19 21:22:42.621484 -62 -75 -70 -78 -63 
2016-05-19 21:22:42.722508 -67 -74 -69 -88 -63 
2016-05-19 21:22:42.868521 -65 -76 -70 -67 -62 
2016-05-19 21:22:42.972535 -63 -79 -73 -80 -64 
2016-05-19 21:22:43.150553 -64 -70 -77 -67 -63 
2016-05-19 21:22:43.257566 -81 -76 -72 -83 -62 
2016-05-19 21:22:43.366581 -62 -74 -83 -64 -72 
2016-05-19 21:22:43.657619 -68 -76 -72 -68 -74 
2016-05-19 21:22:43.758636 -71 -71 -71 -64 -67 
2016-05-19 21:22:43.861646 -68 -72 -75 -71 -64 
2016-05-19 21:22:43.967789 -76 -77 -69 -69 -78 
2016-05-19 21:22:44.066673 -66 -75 -75 -76 -65 
2016-05-19 21:22:44.412723 -65 -76 -76 -69 -64 
2016-05-19 21:22:44.565738 -63 -77 -78 -68 -65 
2016-05-19 21:22:44.672752 -61 -74 -74 -72 -64 
2016-05-19 21:22:44.781798 -66 -75 -82 -77 -64 
2016-05-19 21:22:44.880779 -64 -78 -71 -66 -68 
2016-05-19 21:22:45.018802 -69 -74 -71 -77 -72 
2016-05-19 21:22:45.118814 -65 -76 -70 -66 -63 
2016-05-19 21:22:45.297835 -71 -74 -76 -68 -62 
2016-05-19 21:22:45.472860 -71 -75 -78 -67 -65 
2016-05-19 21:22:45.573874 -70 -73 -80 -72 -78 
2016-05-19 21:22:45.683893 -71 -80 -79 -69 -68 
2016-05-19 21:22:45.892915 -61 -85 -72 -75 -70 
2016-05-19 21:22:46.155946 -62 -72 -75 -71 -65 
2016-05-19 21:22:46.358976 -60 -75 -72 -69 -69 
2016-05-19 21:22:46.468991 -62 -73 -82 -72 -68 
2016-05-19 21:22:46.637008 -60 -71 -86 -66 -70 
2016-05-19 21:22:47.050060 -61 -74 -83 -74 -66 
2016-05-19 21:22:47.158077 -55 -73 -71 -74 -74 
2016-05-19 21:22:47.285090 -54 -75 -90 -66 -64 
2016-05-19 21:22:47.395107 -59 -68 -73 -73 -59 
2016-05-19 21:22:47.784287 -56 -74 -79 -70 -58 
2016-05-19 21:22:47.884175 -57 -71 -83 -76 -59 
2016-05-19 21:22:47.993186 -64 -68 -76 -72 -68 
2016-05-19 21:22:48.141206 -62 -68 -79 -70 -72 
2016-05-19 21:22:48.249222 -60 -69 -74 -73 -58 
2016-05-19 21:22:48.457246 -62 -70 -76 -76 -63 
2016-05-19 21:22:48.558260 -72 -70 -83 -66 -66 
2016-05-19 21:22:48.868300 -65 -71 -76 -77 -65 
2016-05-19 21:22:48.972340 -69 -74 -80 -72 -68 
2016-05-19 21:22:49.281354 -64 -72 -79 -71 -64 
2016-05-19 21:22:49.382368 -68 -72 -70 -65 -61 
2016-05-19 21:22:49.511388 -67 -67 -75 -73 -59 
2016-05-19 21:22:49.722412 -63 -69 -73 -65 -62 
2016-05-19 21:22:49.858430 -65 -71 -74 -75 -81 
2016-05-19 21:22:50.139470 -62 -81 -75 -65 -65 
2016-05-19 21:22:50.290483 -61 -82 -78 -69 -78 
2016-05-19 21:22:50.496641 -61 -72 -80 -73 -66 
2016-05-19 21:22:50.650530 -59 -69 -74 -73 -65 
2016-05-19 21:22:50.867572 -57 -71 -73 -66 -70 
2016-05-19 21:22:51.072722 -58 -71 -74 -71 -67 
2016-05-19 21:22:51.175599 -61 -69 -71 -63 -77 
2016-05-19 21:22:51.339627 -64 -69 -72 -70 -63 
2016-05-19 21:22:51.534662 -63 -76 -79 -71 -63 
2016-05-19 21:22:51.742684 -65 -69 -77 -69 -64 
2016-05-19 21:22:51.847697 -66 -66 -75 -67 -65 
2016-05-19 21:22:51.965720 -64 -71 -79 -76 -62 
2016-05-19 21:22:52.175729 -63 -66 -77 -77 -64 
2016-05-19 21:22:52.277746 -63 -67 -77 -73 -64 
2016-05-19 21:22:52.382764 -74 -83 -76 -74 -63 
2016-05-19 21:22:52.557782 -65 -69 -80 -72 -65 
2016-05-19 21:22:52.702800 -65 -81 -79 -78 -58 
2016-05-19 21:22:52.805811 -72 -69 -79 -73 -64 
2016-05-19 21:22:53.021842 -63 -73 -72 -77 -61 
2016-05-19 21:22:53.322881 -70 -66 -74 -76 -62 
2016-05-19 21:22:53.484906 -67 -81 -74 -66 -65 
2016-05-19 21:22:53.583916 -66 -69 -82 -73 -64 
2016-05-19 21:22:53.844956 -64 -89 -80 -69 -61 
2016-05-19 21:22:53.945092 -65 -70 -81 -63 -65 
2016-05-19 21:22:54.051977 -68 -85 -74 -80 -63 
2016-05-19 21:22:54.153990 -64 -68 -77 -65 -65 
2016-05-19 21:22:54.280010 -63 -79 -76 -82 -65 
2016-05-19 21:22:54.495039 -64 -70 -82 -75 -66 
2016-05-19 21:22:54.699061 -65 -80 -81 -72 -66 
2016-05-19 21:22:54.851079 -68 -69 -78 -74 -67 
2016-05-19 21:22:55.059109 -70 -74 -77 -80 -61 
2016-05-19 21:22:55.199127 -67 -69 -74 -71 -59 
2016-05-19 21:22:55.301137 -66 -66 -80 -83 -67 
2016-05-19 21:22:55.407154 -69 -70 -76 -65 -62 
2016-05-19 21:22:55.513298 -66 -65 -72 -79 -69 
2016-05-19 21:22:55.622183 -64 -74 -75 -69 -60 
2016-05-19 21:22:55.839226 -68 -66 -81 -68 -64 
2016-05-19 21:22:55.940229 -66 -89 -77 -66 -64 
2016-05-19 21:22:56.121377 -74 -65 -79 -66 -65 
2016-05-19 21:22:56.429287 -70 -69 -76 -70 -64 
2016-05-19 21:22:56.530304 -66 -63 -77 -75 -68 
2016-05-19 21:22:56.639315 -65 -71 -74 -71 -73 
2016-05-19 21:22:56.746326 -75 -64 -75 -66 -65 
2016-05-19 21:22:56.925370 -67 -69 -71 -68 -65 
2016-05-19 21:22:57.104375 -76 -63 -75 -69 -63 
2016-05-19 21:22:57.312403 -68 -66 -76 -67 -67 
2016-05-19 21:22:57.477425 -62 -89 -83 -69 -72 
2016-05-19 21:22:57.584438 -64 -65 -72 -79 -60 
2016-05-19 21:22:57.688452 -63 -71 -76 -70 -72 
2016-05-19 21:22:57.818468 -65 -65 -77 -76 -64 
2016-05-19 21:22:58.005517 -62 -78 -77 -70 -65 
2016-05-19 21:22:58.083504 -66 -80 -78 -69 -71 
2016-05-19 21:22:58.192519 -68 -65 -75 -69 -59 
2016-05-19 21:22:58.294531 -77 -83 -73 -75 -63 
2016-05-19 21:22:58.451549 -65 -68 -85 -73 -65 
2016-05-19 21:22:58.613573 -65 -77 -82 -69 -66 
2016-05-19 21:22:58.718587 -61 -80 -72 -81 -66 
2016-05-19 21:22:58.883609 -65 -81 -86 -67 -66 
2016-05-19 21:22:58.983622 -64 -69 -71 -70 -63 
2016-05-19 21:22:59.088670 -70 -78 -77 -69 -62 
2016-05-19 21:22:59.379673 -66 -76 -78 -70 -60 
2016-05-19 21:22:59.593830 -64 -76 -79 -74 -66 
2016-05-19 21:22:59.801858 -61 -80 -76 -73 -62 
2016-05-19 21:23:00.109770 -63 -71 -71 -70 -68 
2016-05-19 21:23:00.303794 -61 -72 -82 -70 -57 
2016-05-19 21:23:00.427810 -62 -78 -78 -70 -62 
2016-05-19 21:23:00.531855 -66 -82 -78 -70 -66 
2016-05-19 21:23:00.631834 -69 -86 -83 -64 -61 
2016-05-19 21:23:00.837885 -65 -77 -72 -67 -63 
2016-05-19 21:23:00.947878 -80 -85 -75 -73 -60 
2016-05-19 21:23:01.048893 -67 -67 -79 -72 -67 
2016-05-19 21:23:01.152922 -67 -78 -72 -71 -56 
2016-05-19 21:23:01.259920 -72 -73 -80 -80 -61 
2016-05-19 21:23:01.370062 -62 -66 -72 -68 -63 
2016-05-19 21:23:01.794120 -70 -70 -74 -74 -64 
2016-05-19 21:23:01.901006 -74 -74 -81 -75 -67 
2016-05-19 21:23:02.110033 -73 -76 -78 -73 -63 
2016-05-19 21:23:02.407066 -65 -73 -72 -69 -70 
2016-05-19 21:23:02.619096 -64 -70 -79 -72 -65 
2016-05-19 21:23:02.837122 -68 -71 -73 -70 -64 
2016-05-19 21:23:03.144166 -78 -75 -72 -78 -64 
2016-05-19 21:23:03.245178 -67 -76 -89 -71 -65 
2016-05-19 21:23:03.349191 -84 -69 -75 -78 -59 
2016-05-19 21:23:03.467204 -72 -74 -73 -67 -58 
2016-05-19 21:23:03.569220 -81 -73 -73 -72 -59 
2016-05-19 21:23:03.679235 -62 -73 -78 -74 -60 
2016-05-19 21:23:03.872258 -65 -69 -72 -66 -59 
2016-05-19 21:23:04.182298 -69 -79 -80 -75 -55 
2016-05-19 21:23:04.487338 -65 -76 -79 -74 -55 
2016-05-19 21:23:04.596377 -73 -77 -74 -80 -54 
2016-05-19 21:23:04.802521 -68 -75 -73 -70 -54 
2016-05-19 21:23:04.910395 -73 -72 -79 -73 -56 
2016-05-19 21:23:05.156431 -75 -74 -78 -80 -53 
2016-05-19 21:23:05.425464 -70 -73 -83 -75 -55 
2016-05-19 21:23:05.530606 -68 -69 -74 -77 -54 
2016-05-19 21:23:05.667492 -72 -68 -79 -87 -59 
2016-05-19 21:23:05.774509 -70 -76 -77 -76 -54 
2016-05-19 21:23:06.056549 -67 -73 -78 -81 -57 
2016-05-19 21:23:06.190563 -70 -81 -77 -69 -56 
2016-05-19 21:23:06.467603 -72 -73 -79 -71 -56 
2016-05-19 21:23:06.716644 -76 -71 -76 -70 -58 
2016-05-19 21:23:06.825653 -82 -68 -68 -66 -59 
2016-05-19 21:23:07.033681 -73 -69 -71 -70 -65 
2016-05-19 21:23:07.237704 -76 -71 -72 -72 -64 
2016-05-19 21:23:07.450865 -71 -70 -75 -70 -57 
2016-05-19 21:23:07.664763 -74 -76 -71 -73 -56 
2016-05-19 21:23:07.869789 -67 -80 -78 -67 -58 
2016-05-19 21:23:08.187823 -63 -79 -78 -69 -59 
2016-05-19 21:23:08.502870 -73 -78 -76 -77 -65 
2016-05-19 21:23:08.608878 -75 -69 -74 -85 -69 
2016-05-19 21:23:08.716897 -62 -80 -79 -74 -58 
2016-05-19 21:23:08.824907 -73 -76 -81 -86 -75 
2016-05-19 21:23:08.926923 -64 -71 -80 -72 -61 
2016-05-19 21:23:09.108944 -68 -74 -83 -75 -68 
2016-05-19 21:23:09.280976 -66 -75 -78 -78 -61 
2016-05-19 21:23:09.549003 -66 -71 -73 -85 -70 
2016-05-19 21:23:09.804035 -70 -74 -85 -81 -67 
2016-05-19 21:23:09.912052 -68 -69 -77 -85 -65 
2016-05-19 21:23:10.015062 -77 -72 -78 -80 -60 
2016-05-19 21:23:10.123206 -73 -69 -74 -91 -59 
2016-05-19 21:23:10.307248 -70 -70 -76 -84 -58 
2016-05-19 21:23:10.433114 -78 -74 -78 -79 -60 
2016-05-19 21:23:10.702156 -83 -74 -73 -83 -58 
2016-05-19 21:23:10.854175 -69 -71 -76 -84 -59 
2016-05-19 21:23:11.023192 -72 -74 -73 -74 -59 
2016-05-19 21:23:11.153208 -68 -70 -69 -79 -60 
2016-05-19 21:23:11.260225 -70 -71 -77 -78 -65 
2016-05-19 21:23:11.361246 -74 -70 -71 -81 -57 
2016-05-19 21:23:11.465251 -68 -75 -75 -81 -61 
2016-05-19 21:23:11.572269 -68 -75 -73 -77 -58 
2016-05-19 21:23:11.773289 -76 -82 -78 -83 -54 
2016-05-19 21:23:11.974318 -69 -71 -70 -80 -63 
2016-05-19 21:23:12.161342 -79 -74 -75 -81 -58 
2016-05-19 21:23:12.306361 -68 -70 -74 -83 -64 
2016-05-19 21:23:12.518386 -72 -74 -74 -79 -60 
2016-05-19 21:23:12.714414 -74 -80 -72 -80 -58 
2016-05-19 21:23:13.003582 -72 -77 -74 -78 -60 
2016-05-19 21:23:13.109466 -69 -69 -86 -86 -54 
2016-05-19 21:23:13.220481 -82 -71 -70 -75 -58 
2016-05-19 21:23:13.573525 -70 -70 -74 -83 -58 
2016-05-19 21:23:13.987709 -72 -75 -74 -81 -60 
2016-05-19 21:23:14.095595 -78 -71 -79 -81 -58 
2016-05-19 21:23:14.207613 -74 -67 -75 -82 -66 
2016-05-19 21:23:14.309623 -69 -68 -75 -86 -54 
2016-05-19 21:23:14.511649 -71 -72 -78 -76 -58 
2016-05-19 21:23:15.023714 -76 -76 -75 -77 -59 
2016-05-19 21:23:15.135731 -75 -82 -73 -80 -62 
2016-05-19 21:23:15.343755 -72 -74 -79 -76 -59 
2016-05-19 21:23:15.521782 -75 -65 -72 -80 -57 
2016-05-19 21:23:15.630796 -72 -83 -81 -82 -60 
2016-05-19 21:23:15.738831 -73 -71 -72 -82 -59 
2016-05-19 21:23:15.875829 -76 -70 -84 -74 -59 
2016-05-19 21:23:15.981842 -67 -70 -75 -72 -55 
2016-05-19 21:23:16.088855 -78 -78 -87 -76 -57 
2016-05-19 21:23:16.300883 -68 -71 -73 -77 -64 
2016-05-19 21:23:16.405897 -65 -80 -76 -70 -60 
2016-05-19 21:23:16.510945 -67 -73 -68 -76 -59 
2016-05-19 21:23:16.616925 -66 -76 -74 -84 -64 
2016-05-19 21:23:16.927968 -63 -64 -82 -68 -66 
2016-05-19 21:23:17.142997 -59 -68 -74 -76 -65 
2016-05-19 21:23:17.425030 -63 -71 -74 -70 -64 
2016-05-19 21:23:17.567062 -61 -68 -75 -74 -66 
2016-05-19 21:23:17.669058 -58 -65 -72 -72 -60 
2016-05-19 21:23:17.861087 -58 -66 -72 -70 -69 
2016-05-19 21:23:18.074112 -64 -70 -74 -69 -67 
2016-05-19 21:23:18.282142 -74 -71 -70 -74 -62 
2016-05-19 21:23:18.494168 -64 -73 -72 -79 -61 
2016-05-19 21:23:18.810211 -69 -73 -75 -70 -63 
2016-05-19 21:23:19.020367 -65 -79 -80 -77 -60 
2016-05-19 21:23:19.133257 -60 -84 -77 -85 -60 
2016-05-19 21:23:19.241269 -62 -77 -79 -81 -63 
2016-05-19 21:23:19.347281 -63 -84 -78 -81 -68 
2016-05-19 21:23:19.555314 -65 -81 -81 -82 -74 
2016-05-19 21:23:19.665324 -64 -81 -75 -82 -76 
2016-05-19 21:23:19.861350 -68 -86 -81 -83 -78 
2016-05-19 21:23:19.981364 -64 -83 -76 -82 -78 
2016-05-19 21:23:20.092515 -65 -77 -86 -81 -84 
2016-05-19 21:23:20.288408 -62 -83 -78 -78 -72 
2016-05-19 21:23:20.393427 -64 -84 -75 -85 -74 
2016-05-19 21:23:20.800471 -65 -78 -75 -83 -72 
2016-05-19 21:23:20.902492 -66 -83 -76 -89 -75 
2016-05-19 21:23:21.212654 -65 -83 -76 -83 -65 
2016-05-19 21:23:21.319536 -64 -84 -75 -75 -68 
2016-05-19 21:23:21.539572 -64 -79 -82 -79 -67 
2016-05-19 21:23:21.956624 -65 -80 -75 -86 -68 
2016-05-19 21:23:22.161649 -66 -83 -73 -81 -74 
2016-05-19 21:23:22.583708 -66 -76 -75 -79 -64 
2016-05-19 21:23:22.787730 -66 -81 -75 -78 -65 
2016-05-19 21:23:23.003764 -67 -77 -76 -76 -71 
539
