2016-05-19 21:22:45.018802 -66 -76 -71 -71 -72 
2016-05-19 21:22:45.118814 -65 -76 -70 -66 -63 
2016-05-19 21:22:45.297835 -71 -74 -76 -68 -62 
2016-05-19 21:22:45.472860 -71 -75 -78 -67 -65 
2016-05-19 21:22:45.573874 -70 -73 -80 -72 -78 
2016-05-19 21:22:45.683893 -71 -80 -79 -69 -68 
2016-05-19 21:22:45.892915 -61 -85 -72 -75 -70 
2016-05-19 21:22:46.155946 -62 -72 -75 -71 -65 
2016-05-19 21:22:46.358976 -60 -75 -72 -69 -69 
2016-05-19 21:22:46.468991 -62 -73 -82 -72 -68 
2016-05-19 21:22:46.637008 -60 -71 -86 -66 -70 
2016-05-19 21:22:47.050060 -61 -74 -83 -74 -66 
2016-05-19 21:22:47.158077 -55 -73 -71 -74 -74 
2016-05-19 21:22:47.285090 -54 -75 -90 -66 -64 
2016-05-19 21:22:47.395107 -59 -68 -73 -73 -59 
2016-05-19 21:22:47.784287 -56 -74 -79 -70 -58 
2016-05-19 21:22:47.884175 -57 -71 -83 -76 -59 
2016-05-19 21:22:47.993186 -64 -68 -76 -72 -68 
2016-05-19 21:22:48.141206 -62 -68 -79 -70 -72 
2016-05-19 21:22:48.249222 -60 -69 -74 -73 -58 
2016-05-19 21:22:48.457246 -62 -70 -76 -76 -63 
2016-05-19 21:22:48.558260 -72 -70 -83 -66 -66 
2016-05-19 21:22:48.868300 -65 -71 -76 -77 -65 
2016-05-19 21:22:48.972340 -69 -74 -80 -72 -68 
2016-05-19 21:22:49.281354 -64 -72 -79 -71 -64 
2016-05-19 21:22:49.382368 -68 -72 -70 -65 -61 
2016-05-19 21:22:49.511388 -67 -67 -75 -73 -59 
2016-05-19 21:22:49.722412 -63 -69 -73 -65 -62 
2016-05-19 21:22:49.858430 -65 -71 -74 -75 -81 
2016-05-19 21:22:50.139470 -62 -81 -75 -65 -65 
2016-05-19 21:22:50.290483 -61 -82 -78 -69 -78 
2016-05-19 21:22:50.496641 -61 -72 -80 -73 -66 
2016-05-19 21:22:50.650530 -59 -69 -74 -73 -65 
2016-05-19 21:22:50.867572 -57 -71 -73 -66 -70 
2016-05-19 21:22:51.072722 -58 -71 -74 -71 -67 
2016-05-19 21:22:51.175599 -61 -69 -71 -63 -77 
2016-05-19 21:22:51.339627 -64 -69 -72 -70 -63 
2016-05-19 21:22:51.534662 -63 -76 -79 -71 -63 
2016-05-19 21:22:51.742684 -65 -69 -77 -69 -64 
2016-05-19 21:22:51.847697 -66 -66 -75 -67 -65 
2016-05-19 21:22:51.965720 -64 -71 -79 -76 -62 
2016-05-19 21:22:52.175729 -63 -66 -77 -77 -64 
2016-05-19 21:22:52.277746 -63 -67 -77 -73 -64 
2016-05-19 21:22:52.382764 -74 -83 -76 -74 -63 
2016-05-19 21:22:52.557782 -65 -69 -80 -72 -65 
2016-05-19 21:22:52.702800 -65 -81 -79 -78 -58 
2016-05-19 21:22:52.805811 -72 -69 -79 -73 -64 
2016-05-19 21:22:53.021842 -63 -73 -72 -77 -61 
2016-05-19 21:22:53.322881 -70 -66 -74 -76 -62 
2016-05-19 21:22:53.484906 -67 -81 -74 -66 -65 
2016-05-19 21:22:53.583916 -66 -69 -82 -73 -64 
2016-05-19 21:22:53.844956 -64 -89 -80 -69 -61 
2016-05-19 21:22:53.945092 -65 -70 -81 -63 -65 
2016-05-19 21:22:54.051977 -68 -85 -74 -80 -63 
2016-05-19 21:22:54.153990 -64 -68 -77 -65 -65 
2016-05-19 21:22:54.280010 -63 -79 -76 -82 -65 
2016-05-19 21:22:54.495039 -64 -70 -82 -75 -66 
2016-05-19 21:22:54.699061 -65 -80 -81 -72 -66 
2016-05-19 21:22:54.851079 -68 -69 -78 -74 -67 
2016-05-19 21:22:55.059109 -70 -74 -77 -80 -61 
2016-05-19 21:22:55.199127 -67 -69 -74 -71 -59 
2016-05-19 21:22:55.301137 -66 -66 -80 -83 -67 
2016-05-19 21:22:55.407154 -69 -70 -76 -65 -62 
2016-05-19 21:22:55.513298 -66 -65 -72 -79 -69 
2016-05-19 21:22:55.622183 -64 -74 -75 -69 -60 
2016-05-19 21:22:55.839226 -68 -66 -81 -68 -64 
2016-05-19 21:22:55.940229 -66 -89 -77 -66 -64 
2016-05-19 21:22:56.121377 -74 -65 -79 -66 -65 
2016-05-19 21:22:56.429287 -70 -69 -76 -70 -64 
2016-05-19 21:22:56.530304 -66 -63 -77 -75 -68 
2016-05-19 21:22:56.639315 -65 -71 -74 -71 -73 
2016-05-19 21:22:56.746326 -75 -64 -75 -66 -65 
2016-05-19 21:22:56.925370 -67 -69 -71 -68 -65 
2016-05-19 21:22:57.104375 -76 -63 -75 -69 -63 
2016-05-19 21:22:57.312403 -68 -66 -76 -67 -67 
2016-05-19 21:22:57.477425 -62 -89 -83 -69 -72 
2016-05-19 21:22:57.584438 -64 -65 -72 -79 -60 
2016-05-19 21:22:57.688452 -63 -71 -76 -70 -72 
2016-05-19 21:22:57.818468 -65 -65 -77 -76 -64 
2016-05-19 21:22:58.005517 -62 -78 -77 -70 -65 
2016-05-19 21:22:58.083504 -66 -80 -78 -69 -71 
2016-05-19 21:22:58.192519 -68 -65 -75 -69 -59 
2016-05-19 21:22:58.294531 -77 -83 -73 -75 -63 
2016-05-19 21:22:58.451549 -65 -68 -85 -73 -65 
2016-05-19 21:22:58.613573 -65 -77 -82 -69 -66 
2016-05-19 21:22:58.718587 -61 -80 -72 -81 -66 
2016-05-19 21:22:58.883609 -65 -81 -86 -67 -66 
2016-05-19 21:22:58.983622 -64 -69 -71 -70 -63 
2016-05-19 21:22:59.088670 -70 -78 -77 -69 -62 
2016-05-19 21:22:59.379673 -66 -76 -78 -70 -60 
2016-05-19 21:22:59.593830 -64 -76 -79 -74 -66 
2016-05-19 21:22:59.801858 -61 -80 -76 -73 -62 
2016-05-19 21:23:00.109770 -63 -71 -71 -70 -68 
2016-05-19 21:23:00.303794 -61 -72 -82 -70 -57 
2016-05-19 21:23:00.427810 -62 -78 -78 -70 -62 
2016-05-19 21:23:00.531855 -66 -82 -78 -70 -66 
2016-05-19 21:23:00.631834 -69 -86 -83 -64 -61 
2016-05-19 21:23:00.837885 -65 -77 -72 -67 -63 
2016-05-19 21:23:00.947878 -80 -85 -75 -73 -60 
2016-05-19 21:23:01.048893 -67 -67 -79 -72 -67 
2016-05-19 21:23:01.152922 -67 -78 -72 -71 -56 
2016-05-19 21:23:01.259920 -72 -73 -80 -80 -61 
2016-05-19 21:23:01.370062 -62 -66 -72 -68 -63 
2016-05-19 21:23:01.794120 -70 -70 -74 -74 -64 
2016-05-19 21:23:01.901006 -74 -74 -81 -75 -67 
2016-05-19 21:23:02.110033 -73 -76 -78 -73 -63 
2016-05-19 21:23:02.407066 -65 -73 -72 -69 -70 
2016-05-19 21:23:02.619096 -64 -70 -79 -72 -65 
2016-05-19 21:23:02.837122 -68 -71 -73 -70 -64 
2016-05-19 21:23:03.144166 -78 -75 -72 -78 -64 
2016-05-19 21:23:03.245178 -67 -76 -89 -71 -65 
2016-05-19 21:23:03.349191 -84 -69 -75 -78 -59 
2016-05-19 21:23:03.467204 -72 -74 -73 -67 -58 
2016-05-19 21:23:03.569220 -81 -73 -73 -72 -59 
2016-05-19 21:23:03.679235 -62 -73 -78 -74 -60 
2016-05-19 21:23:03.872258 -65 -69 -72 -66 -59 
2016-05-19 21:23:04.182298 -69 -79 -80 -75 -55 
2016-05-19 21:23:04.487338 -65 -76 -79 -74 -55 
2016-05-19 21:23:04.596377 -73 -77 -74 -80 -54 
2016-05-19 21:23:04.802521 -68 -75 -73 -70 -54 
2016-05-19 21:23:04.910395 -73 -72 -79 -73 -56 
2016-05-19 21:23:05.156431 -75 -74 -78 -80 -53 
2016-05-19 21:23:05.425464 -70 -73 -83 -75 -55 
2016-05-19 21:23:05.530606 -68 -69 -74 -77 -54 
2016-05-19 21:23:05.667492 -72 -68 -79 -87 -59 
2016-05-19 21:23:05.774509 -70 -76 -77 -76 -54 
2016-05-19 21:23:06.056549 -67 -73 -78 -81 -57 
2016-05-19 21:23:06.190563 -70 -81 -77 -69 -56 
2016-05-19 21:23:06.467603 -72 -73 -79 -71 -56 
2016-05-19 21:23:06.716644 -76 -71 -76 -70 -58 
2016-05-19 21:23:06.825653 -82 -68 -68 -66 -59 
2016-05-19 21:23:07.033681 -73 -69 -71 -70 -65 
2016-05-19 21:23:07.237704 -76 -71 -72 -72 -64 
2016-05-19 21:23:07.450865 -71 -70 -75 -70 -57 
2016-05-19 21:23:07.664763 -74 -76 -71 -73 -56 
2016-05-19 21:23:07.869789 -67 -80 -78 -67 -58 
2016-05-19 21:23:08.187823 -63 -79 -78 -69 -59 
2016-05-19 21:23:08.502870 -73 -78 -76 -77 -65 
2016-05-19 21:23:08.608878 -75 -69 -74 -85 -69 
2016-05-19 21:23:08.716897 -62 -80 -79 -74 -58 
2016-05-19 21:23:08.824907 -73 -76 -81 -86 -75 
2016-05-19 21:23:08.926923 -64 -71 -80 -72 -61 
2016-05-19 21:23:09.108944 -68 -74 -83 -75 -68 
2016-05-19 21:23:09.280976 -66 -75 -78 -78 -61 
2016-05-19 21:23:09.549003 -66 -71 -73 -85 -70 
2016-05-19 21:23:09.804035 -70 -74 -85 -81 -67 
2016-05-19 21:23:09.912052 -68 -69 -77 -85 -65 
2016-05-19 21:23:10.015062 -77 -72 -78 -80 -60 
2016-05-19 21:23:10.123206 -73 -69 -74 -91 -59 
2016-05-19 21:23:10.307248 -70 -70 -76 -84 -58 
2016-05-19 21:23:10.433114 -78 -74 -78 -79 -60 
2016-05-19 21:23:10.702156 -83 -74 -73 -83 -58 
2016-05-19 21:23:10.854175 -69 -71 -76 -84 -59 
2016-05-19 21:23:11.023192 -72 -74 -73 -74 -59 
2016-05-19 21:23:11.153208 -68 -70 -69 -79 -60 
2016-05-19 21:23:11.260225 -70 -71 -77 -78 -65 
2016-05-19 21:23:11.361246 -74 -70 -71 -81 -57 
2016-05-19 21:23:11.465251 -68 -75 -75 -81 -61 
2016-05-19 21:23:11.572269 -68 -75 -73 -77 -58 
2016-05-19 21:23:11.773289 -76 -82 -78 -83 -54 
2016-05-19 21:23:11.974318 -69 -71 -70 -80 -63 
2016-05-19 21:23:12.161342 -79 -74 -75 -81 -58 
2016-05-19 21:23:12.306361 -68 -70 -74 -83 -64 
2016-05-19 21:23:12.518386 -72 -74 -74 -79 -60 
2016-05-19 21:23:12.714414 -74 -80 -72 -80 -58 
2016-05-19 21:23:13.003582 -72 -77 -74 -78 -60 
2016-05-19 21:23:13.109466 -69 -69 -86 -86 -54 
2016-05-19 21:23:13.220481 -82 -71 -70 -75 -58 
2016-05-19 21:23:13.573525 -70 -70 -74 -83 -58 
2016-05-19 21:23:13.987709 -72 -75 -74 -81 -60 
2016-05-19 21:23:14.095595 -78 -71 -79 -81 -58 
2016-05-19 21:23:14.207613 -74 -67 -75 -82 -66 
2016-05-19 21:23:14.309623 -69 -68 -75 -86 -54 
2016-05-19 21:23:14.511649 -71 -72 -78 -76 -58 
2016-05-19 21:23:15.023714 -76 -76 -75 -77 -59 
2016-05-19 21:23:15.135731 -75 -82 -73 -80 -62 
2016-05-19 21:23:15.343755 -72 -74 -79 -76 -59 
2016-05-19 21:23:15.521782 -75 -65 -72 -80 -57 
2016-05-19 21:23:15.630796 -72 -83 -81 -82 -60 
2016-05-19 21:23:15.738831 -73 -71 -72 -82 -59 
2016-05-19 21:23:15.875829 -76 -70 -84 -74 -59 
2016-05-19 21:23:15.981842 -67 -70 -75 -72 -55 
2016-05-19 21:23:16.088855 -78 -78 -87 -76 -57 
2016-05-19 21:23:16.300883 -68 -71 -73 -77 -64 
2016-05-19 21:23:16.405897 -65 -80 -76 -70 -60 
2016-05-19 21:23:16.510945 -67 -73 -68 -76 -59 
2016-05-19 21:23:16.616925 -66 -76 -74 -84 -64 
2016-05-19 21:23:16.927968 -63 -64 -82 -68 -66 
2016-05-19 21:23:17.142997 -59 -68 -74 -76 -65 
2016-05-19 21:23:17.425030 -63 -71 -74 -70 -64 
2016-05-19 21:23:17.567062 -61 -68 -75 -74 -66 
2016-05-19 21:23:17.669058 -58 -65 -72 -72 -60 
2016-05-19 21:23:17.861087 -58 -66 -72 -70 -69 
2016-05-19 21:23:18.074112 -64 -70 -74 -69 -67 
2016-05-19 21:23:18.282142 -74 -71 -70 -74 -62 
2016-05-19 21:23:18.494168 -64 -73 -72 -79 -61 
2016-05-19 21:23:18.810211 -69 -73 -75 -70 -63 
2016-05-19 21:23:19.020367 -65 -79 -80 -77 -60 
2016-05-19 21:23:19.133257 -60 -84 -77 -85 -60 
2016-05-19 21:23:19.241269 -62 -77 -79 -81 -63 
2016-05-19 21:23:19.347281 -63 -84 -78 -81 -68 
2016-05-19 21:23:19.555314 -65 -81 -81 -82 -74 
2016-05-19 21:23:19.665324 -64 -81 -75 -82 -76 
2016-05-19 21:23:19.861350 -68 -86 -81 -83 -78 
2016-05-19 21:23:19.981364 -64 -83 -76 -82 -78 
2016-05-19 21:23:20.092515 -65 -77 -86 -81 -84 
2016-05-19 21:23:20.288408 -62 -83 -78 -78 -72 
2016-05-19 21:23:20.393427 -64 -84 -75 -85 -74 
2016-05-19 21:23:20.800471 -65 -78 -75 -83 -72 
2016-05-19 21:23:20.902492 -66 -83 -76 -89 -75 
2016-05-19 21:23:21.212654 -65 -83 -76 -83 -65 
2016-05-19 21:23:21.319536 -64 -84 -75 -75 -68 
2016-05-19 21:23:21.539572 -64 -79 -82 -79 -67 
2016-05-19 21:23:21.956624 -65 -80 -75 -86 -68 
2016-05-19 21:23:22.161649 -66 -83 -73 -81 -74 
2016-05-19 21:23:22.583708 -66 -76 -75 -79 -64 
2016-05-19 21:23:22.787730 -66 -81 -75 -78 -65 
2016-05-19 21:23:23.003764 -67 -77 -76 -76 -71 
218
