331 1
-69 -67 -71 -66 -65 
-72 -73 -76 -67 -70 
-70 -60 -69 -68 -65 
-71 -61 -77 -65 -65 
-68 -63 -71 -67 -72 
-75 -62 -70 -65 -66 
-76 -72 -76 -64 -65 
-71 -62 -72 -65 -69 
-68 -61 -76 -65 -69 
-68 -67 -77 -65 -72 
-69 -60 -81 -70 -78 
-69 -71 -75 -66 -65 
-69 -72 -74 -66 -66 
-70 -62 -81 -65 -65 
-76 -72 -76 -67 -77 
-77 -67 -71 -64 -72 
-67 -63 -78 -66 -65 
-76 -74 -78 -64 -69 
-70 -67 -76 -67 -66 
-76 -62 -71 -62 -65 
-76 -65 -80 -67 -76 
-76 -72 -77 -66 -70 
-73 -66 -76 -68 -69 
-71 -62 -77 -67 -66 
-72 -62 -77 -65 -68 
-71 -62 -80 -65 -76 
-68 -62 -77 -66 -68 
-69 -61 -79 -67 -77 
-76 -72 -72 -68 -68 
-68 -60 -79 -66 -65 
-76 -72 -72 -65 -68 
-68 -63 -77 -66 -77 
-76 -72 -70 -65 -68 
-70 -63 -77 -69 -77 
-77 -63 -73 -68 -67 
-75 -73 -74 -66 -71 
-76 -68 -74 -67 -70 
-68 -62 -72 -67 -70 
-72 -67 -69 -67 -68 
-71 -65 -76 -66 -70 
-71 -72 -81 -67 -77 
-69 -65 -75 -65 -66 
-72 -63 -69 -65 -71 
-75 -61 -82 -68 -65 
-71 -62 -75 -68 -68 
-68 -62 -73 -68 -69 
-70 -64 -79 -63 -79 
-68 -63 -75 -66 -65 
-72 -62 -75 -64 -71 
-71 -67 -77 -64 -69 
-72 -71 -79 -64 -73 
-70 -72 -71 -64 -65 
-68 -63 -71 -63 -65 
-71 -62 -76 -68 -76 
-70 -67 -75 -65 -65 
-77 -73 -71 -65 -76 
-71 -60 -77 -65 -69 
-76 -62 -79 -64 -76 
-69 -62 -71 -66 -68 
-74 -60 -72 -67 -72 
-70 -67 -72 -66 -71 
-68 -61 -75 -67 -71 
-69 -66 -77 -65 -71 
-71 -62 -71 -67 -65 
-75 -60 -76 -65 -68 
-71 -72 -71 -67 -65 
-75 -61 -76 -65 -77 
-72 -72 -72 -66 -68 
-71 -66 -74 -65 -73 
-69 -60 -75 -65 -73 
-73 -61 -76 -65 -65 
-71 -72 -76 -64 -64 
-75 -62 -72 -64 -69 
-71 -60 -76 -66 -65 
-75 -62 -70 -64 -77 
-70 -67 -75 -65 -69 
-70 -62 -73 -64 -68 
-69 -61 -76 -65 -67 
-69 -60 -74 -64 -68 
-69 -66 -78 -66 -69 
-73 -66 -70 -65 -69 
-69 -61 -81 -65 -76 
-71 -62 -73 -63 -67 
-69 -60 -81 -66 -76 
-75 -72 -76 -65 -69 
-69 -61 -71 -66 -77 
-72 -72 -76 -66 -65 
-69 -61 -79 -64 -77 
-71 -72 -76 -65 -65 
-70 -66 -76 -63 -69 
-71 -64 -76 -64 -66 
-75 -61 -71 -65 -69 
-70 -66 -72 -66 -65 
-75 -72 -76 -64 -69 
-71 -60 -72 -66 -77 
-69 -72 -75 -65 -77 
-73 -62 -70 -64 -65 
-69 -72 -75 -66 -73 
-71 -67 -76 -65 -65 
-75 -62 -72 -65 -67 
-69 -62 -80 -64 -68 
-69 -67 -74 -65 -74 
-74 -71 -76 -65 -65 
-71 -60 -80 -65 -77 
-73 -66 -76 -66 -73 
-73 -62 -70 -66 -77 
-76 -62 -71 -65 -65 
-72 -62 -73 -65 -70 
-75 -61 -79 -66 -68 
-69 -67 -72 -64 -69 
-71 -62 -76 -66 -77 
-69 -61 -79 -63 -65 
-70 -61 -76 -64 -70 
-75 -62 -70 -65 -77 
-71 -61 -79 -65 -69 
-74 -60 -73 -65 -71 
-72 -72 -71 -66 -70 
-76 -62 -78 -65 -68 
-71 -72 -72 -64 -77 
-69 -62 -76 -65 -65 
-71 -72 -72 -65 -77 
-69 -67 -76 -65 -73 
-71 -62 -72 -65 -65 
-70 -67 -70 -65 -70 
-75 -71 -76 -66 -65 
-75 -67 -72 -65 -77 
-72 -61 -76 -65 -65 
-69 -71 -78 -64 -72 
-71 -62 -77 -65 -65 
-70 -62 -76 -65 -71 
-72 -61 -72 -66 -76 
-69 -62 -79 -65 -65 
-70 -67 -72 -64 -77 
-69 -61 -76 -65 -65 
-75 -62 -70 -66 -77 
-72 -60 -76 -65 -68 
-69 -72 -77 -64 -65 
-69 -66 -80 -65 -69 
-74 -62 -72 -66 -77 
-70 -72 -77 -64 -72 
-73 -62 -78 -66 -65 
-71 -62 -75 -66 -67 
-72 -72 -72 -65 -65 
-75 -62 -79 -64 -69 
-72 -61 -74 -65 -70 
-72 -61 -72 -65 -69 
-75 -66 -80 -66 -77 
-71 -67 -72 -65 -69 
-75 -61 -72 -65 -69 
-74 -61 -72 -66 -71 
-70 -66 -76 -65 -65 
-70 -61 -73 -66 -76 
-67 -61 -73 -66 -70 
-73 -62 -76 -66 -69 
-71 -61 -72 -63 -65 
-70 -62 -72 -66 -72 
-72 -67 -79 -65 -69 
-74 -60 -74 -66 -76 
-69 -68 -77 -65 -69 
-75 -62 -76 -65 -69 
-72 -62 -71 -65 -67 
-69 -61 -75 -66 -77 
-73 -61 -78 -66 -77 
-72 -72 -76 -65 -69 
-69 -60 -79 -66 -76 
-69 -67 -71 -65 -72 
-74 -72 -72 -65 -68 
-71 -62 -72 -65 -70 
-71 -72 -79 -66 -77 
-69 -61 -70 -66 -71 
-73 -61 -79 -65 -69 
-69 -72 -72 -66 -71 
-72 -61 -72 -65 -63 
-72 -72 -76 -65 -73 
-69 -61 -79 -66 -63 
-71 -62 -76 -65 -77 
-73 -67 -76 -66 -67 
-74 -60 -78 -66 -69 
-73 -66 -70 -66 -67 
-69 -67 -78 -65 -65 
-70 -72 -76 -66 -71 
-76 -62 -79 -66 -68 
-69 -73 -72 -66 -65 
-71 -61 -72 -65 -77 
-71 -61 -72 -65 -66 
-71 -72 -80 -65 -63 
-72 -61 -76 -65 -69 
-76 -61 -72 -65 -69 
-73 -67 -72 -66 -71 
-72 -62 -72 -66 -67 
-67 -62 -79 -65 -65 
-75 -61 -73 -66 -67 
-71 -61 -79 -63 -77 
-71 -64 -71 -63 -69 
-71 -62 -79 -66 -65 
-75 -72 -77 -65 -77 
-69 -72 -80 -65 -69 
-72 -61 -72 -65 -66 
-72 -61 -72 -66 -72 
-75 -72 -72 -64 -76 
-70 -67 -76 -65 -65 
-76 -72 -80 -63 -77 
-72 -61 -77 -65 -69 
-75 -67 -80 -66 -68 
-69 -62 -77 -65 -65 
-71 -61 -80 -66 -68 
-72 -66 -74 -64 -69 
-75 -62 -77 -65 -76 
-74 -72 -76 -65 -68 
-69 -73 -79 -66 -76 
-75 -62 -76 -65 -65 
-72 -73 -79 -66 -77 
-75 -62 -75 -63 -65 
-71 -62 -79 -65 -66 
-67 -72 -77 -65 -76 
-71 -61 -76 -66 -65 
-69 -62 -80 -65 -68 
-75 -62 -80 -65 -63 
-69 -72 -78 -66 -69 
-71 -62 -80 -66 -76 
-69 -61 -76 -65 -65 
-72 -62 -80 -66 -76 
-69 -61 -77 -65 -76 
-74 -62 -80 -65 -65 
-72 -61 -76 -65 -67 
-69 -61 -72 -66 -65 
-74 -61 -80 -65 -76 
-67 -61 -72 -66 -65 
-75 -61 -79 -65 -76 
-75 -66 -76 -66 -66 
-69 -67 -77 -66 -70 
-72 -72 -79 -65 -65 
-69 -62 -77 -66 -69 
-72 -72 -79 -65 -76 
-75 -61 -70 -66 -68 
-72 -62 -77 -66 -76 
-68 -62 -74 -66 -71 
-68 -72 -78 -66 -65 
-75 -67 -75 -65 -66 
-75 -66 -77 -66 -72 
-71 -60 -79 -66 -69 
-69 -66 -77 -65 -65 
-72 -67 -77 -65 -71 
-70 -62 -77 -63 -67 
-69 -62 -70 -66 -67 
-70 -62 -71 -65 -71 
-71 -61 -72 -65 -64 
-69 -72 -77 -65 -67 
-75 -66 -77 -65 -67 
-75 -62 -79 -65 -65 
-72 -62 -77 -65 -69 
-75 -61 -72 -66 -76 
-72 -67 -76 -65 -72 
-69 -61 -72 -65 -65 
-71 -61 -77 -66 -77 
-75 -67 -77 -66 -67 
-71 -61 -72 -66 -63 
-73 -61 -70 -65 -70 
-69 -67 -75 -66 -77 
-73 -60 -77 -65 -67 
-72 -73 -72 -65 -68 
-71 -61 -78 -65 -67 
-70 -67 -72 -64 -68 
-72 -61 -79 -65 -66 
-75 -72 -76 -65 -66 
-75 -62 -75 -65 -65 
-75 -62 -72 -64 -70 
-76 -72 -77 -64 -68 
-72 -61 -75 -66 -67 
-74 -62 -79 -65 -66 
-69 -61 -78 -66 -70 
-70 -61 -77 -66 -71 
-70 -73 -74 -65 -77 
-67 -62 -77 -66 -65 
-71 -62 -76 -66 -70 
-71 -61 -77 -65 -77 
-69 -73 -77 -65 -65 
-71 -62 -76 -66 -77 
-75 -73 -72 -65 -65 
-72 -62 -77 -66 -67 
-69 -73 -79 -65 -65 
-71 -62 -76 -66 -67 
-70 -60 -75 -65 -71 
-74 -73 -77 -65 -77 
-72 -62 -79 -65 -63 
-67 -72 -77 -65 -69 
-75 -62 -70 -66 -65 
-71 -73 -74 -65 -70 
-75 -61 -77 -66 -65 
-75 -62 -74 -65 -66 
-69 -61 -77 -65 -67 
-71 -62 -72 -66 -77 
-69 -67 -72 -65 -69 
-70 -66 -72 -65 -68 
-69 -67 -71 -65 -69 
-76 -61 -77 -66 -65 
-69 -62 -70 -65 -69 
-76 -72 -79 -65 -65 
-71 -62 -77 -65 -65 
-76 -73 -79 -66 -77 
-72 -62 -77 -63 -65 
-69 -72 -78 -66 -69 
-75 -62 -78 -65 -69 
-72 -65 -74 -65 -63 
-69 -62 -74 -65 -71 
-76 -61 -78 -65 -77 
-70 -72 -71 -66 -67 
-69 -62 -75 -65 -68 
-74 -64 -72 -66 -70 
-69 -61 -71 -65 -76 
-71 -61 -80 -66 -65 
-76 -67 -75 -65 -71 
-68 -67 -71 -66 -69 
-72 -72 -79 -65 -76 
-69 -61 -71 -66 -63 
-70 -61 -82 -65 -77 
-75 -62 -71 -67 -65 
-68 -62 -76 -67 -71 
-70 -63 -70 -66 -65 
-68 -72 -76 -66 -76 
-70 -63 -72 -66 -67 
-73 -67 -73 -65 -77 
-75 -68 -76 -66 -72 
-70 -66 -74 -68 -67 
-68 -62 -76 -68 -69 
-74 -73 -76 -71 -65 
-67 -61 -74 -67 -70 
-72 -72 -72 -65 -74 
-69 -67 -72 -64 -70 
-71 -61 -72 -65 -67 
-71 -60 -76 -65 -66 
