286 10
-68 -80 -64 -71 -78 
-64 -78 -65 -66 -72 
-71 -79 -63 -67 -72 
-67 -83 -69 -65 -71 
-67 -83 -68 -72 -66 
-63 -84 -63 -83 -74 
-67 -77 -74 -65 -66 
-64 -81 -64 -70 -67 
-64 -81 -65 -80 -71 
-66 -82 -73 -67 -73 
-68 -77 -65 -67 -66 
-65 -83 -64 -80 -72 
-68 -79 -64 -66 -74 
-65 -84 -64 -68 -66 
-64 -80 -74 -67 -74 
-71 -82 -64 -66 -70 
-63 -77 -65 -74 -71 
-65 -77 -63 -79 -65 
-65 -82 -67 -70 -70 
-67 -83 -65 -74 -68 
-67 -74 -68 -80 -70 
-64 -83 -62 -66 -66 
-71 -77 -65 -66 -72 
-66 -81 -63 -80 -74 
-67 -79 -73 -74 -70 
-67 -79 -72 -72 -72 
-64 -75 -64 -67 -74 
-64 -80 -65 -75 -67 
-67 -79 -64 -71 -67 
-67 -80 -65 -70 -67 
-63 -81 -73 -65 -71 
-65 -84 -62 -75 -67 
-64 -78 -65 -65 -74 
-70 -84 -64 -66 -67 
-64 -77 -73 -66 -75 
-64 -76 -73 -70 -71 
-70 -80 -65 -73 -67 
-63 -84 -72 -65 -74 
-66 -75 -73 -66 -75 
-64 -80 -64 -65 -73 
-65 -81 -64 -66 -74 
-64 -81 -64 -70 -74 
-67 -84 -68 -75 -72 
-64 -79 -64 -66 -72 
-63 -77 -68 -75 -74 
-65 -84 -63 -68 -71 
-70 -75 -68 -66 -71 
-65 -84 -62 -74 -67 
-70 -76 -73 -67 -74 
-63 -80 -64 -67 -70 
-68 -83 -69 -74 -67 
-64 -76 -68 -67 -72 
-65 -76 -65 -67 -71 
-67 -74 -64 -66 -70 
-65 -83 -65 -66 -72 
-70 -74 -64 -68 -67 
-64 -83 -73 -66 -73 
-70 -82 -73 -68 -67 
-65 -83 -64 -75 -73 
-70 -81 -73 -68 -67 
-64 -81 -64 -68 -74 
-67 -77 -64 -70 -74 
-67 -82 -68 -70 -74 
-65 -77 -65 -66 -70 
-70 -84 -64 -67 -66 
-63 -77 -63 -67 -74 
-63 -83 -65 -66 -67 
-65 -77 -73 -67 -74 
-67 -79 -64 -75 -70 
-70 -82 -65 -66 -74 
-64 -82 -64 -67 -75 
-70 -76 -65 -75 -67 
-64 -81 -64 -66 -75 
-65 -76 -65 -66 -67 
-71 -81 -64 -66 -73 
-65 -76 -65 -66 -67 
-69 -76 -64 -75 -73 
-65 -76 -65 -65 -67 
-66 -83 -68 -69 -73 
-64 -83 -68 -65 -73 
-65 -79 -63 -75 -75 
-64 -76 -67 -69 -74 
-65 -82 -67 -69 -71 
-64 -76 -73 -69 -70 
-67 -76 -64 -65 -74 
-63 -83 -65 -66 -74 
-64 -82 -67 -74 -67 
-71 -84 -64 -75 -74 
-64 -75 -65 -65 -75 
-70 -83 -62 -74 -75 
-64 -83 -69 -66 -72 
-65 -83 -64 -66 -74 
-64 -83 -68 -74 -73 
-69 -82 -73 -66 -74 
-65 -76 -65 -75 -67 
-67 -83 -71 -69 -73 
-65 -82 -69 -67 -72 
-67 -76 -62 -69 -67 
-64 -83 -73 -65 -73 
-69 -76 -65 -67 -67 
-67 -79 -64 -66 -74 
-66 -81 -67 -73 -73 
-64 -76 -65 -66 -75 
-63 -83 -64 -73 -73 
-64 -76 -73 -66 -73 
-64 -82 -69 -75 -74 
-71 -74 -73 -66 -67 
-64 -82 -64 -66 -74 
-70 -76 -72 -67 -73 
-64 -82 -64 -75 -75 
-65 -80 -67 -67 -67 
-64 -79 -64 -66 -74 
-65 -79 -64 -66 -73 
-63 -83 -72 -66 -75 
-65 -83 -68 -66 -74 
-63 -83 -64 -73 -74 
-64 -82 -62 -67 -75 
-64 -79 -73 -66 -73 
-66 -77 -64 -74 -74 
-64 -77 -64 -70 -74 
-70 -76 -64 -70 -67 
-64 -76 -65 -67 -70 
-70 -82 -73 -67 -74 
-64 -76 -65 -64 -67 
-70 -83 -73 -72 -73 
-64 -79 -72 -69 -68 
-64 -83 -65 -66 -75 
-71 -74 -72 -74 -75 
-64 -84 -65 -67 -68 
-64 -75 -72 -66 -73 
-71 -84 -64 -73 -75 
-67 -79 -72 -66 -70 
-64 -83 -65 -66 -68 
-66 -75 -64 -66 -74 
-64 -75 -72 -74 -75 
-65 -79 -68 -69 -74 
-71 -83 -65 -67 -67 
-70 -75 -72 -70 -69 
-65 -74 -72 -74 -72 
-65 -75 -64 -69 -68 
-65 -83 -64 -69 -74 
-64 -76 -66 -68 -70 
-65 -85 -64 -65 -75 
-66 -86 -65 -67 -70 
-63 -76 -66 -66 -78 
-67 -84 -64 -69 -66 
-67 -81 -66 -65 -73 
-66 -83 -69 -66 -73 
-66 -81 -65 -66 -71 
-66 -81 -73 -65 -75 
-65 -76 -73 -65 -69 
-66 -81 -65 -66 -70 
-65 -85 -63 -66 -70 
-66 -75 -74 -69 -70 
-66 -85 -68 -66 -73 
-66 -86 -65 -74 -75 
-65 -85 -71 -66 -71 
-65 -84 -69 -66 -72 
-66 -85 -69 -66 -79 
-67 -86 -64 -66 -76 
-67 -75 -64 -66 -79 
-69 -86 -65 -66 -67 
-67 -75 -63 -70 -69 
-66 -84 -65 -66 -73 
-66 -75 -64 -72 -68 
-65 -75 -67 -66 -73 
-66 -75 -73 -66 -66 
-66 -85 -65 -66 -79 
-69 -75 -75 -67 -66 
-64 -85 -74 -66 -74 
-67 -85 -75 -67 -73 
-64 -80 -75 -66 -69 
-69 -74 -63 -66 -66 
-64 -85 -73 -67 -73 
-69 -76 -63 -74 -79 
-64 -84 -74 -67 -74 
-68 -76 -63 -75 -66 
-64 -83 -65 -67 -74 
-69 -75 -63 -66 -66 
-64 -76 -64 -67 -73 
-65 -76 -63 -74 -73 
-68 -86 -62 -66 -67 
-64 -75 -74 -66 -79 
-66 -84 -74 -66 -70 
-67 -75 -64 -66 -67 
-65 -79 -63 -66 -73 
-66 -80 -68 -75 -74 
-69 -75 -69 -69 -73 
-66 -82 -65 -66 -79 
-66 -75 -65 -68 -76 
-67 -75 -67 -75 -73 
-64 -85 -65 -67 -78 
-66 -86 -63 -74 -78 
-66 -75 -64 -68 -70 
-64 -73 -64 -70 -69 
-67 -76 -69 -70 -80 
-64 -75 -67 -65 -76 
-67 -83 -64 -71 -73 
-64 -75 -65 -65 -72 
-69 -85 -64 -74 -73 
-64 -75 -74 -66 -68 
-67 -76 -74 -66 -69 
-64 -86 -63 -66 -72 
-67 -75 -64 -74 -68 
-65 -81 -64 -74 -70 
-67 -84 -76 -65 -73 
-64 -85 -68 -70 -74 
-69 -82 -64 -67 -77 
-64 -84 -69 -69 -70 
-66 -84 -67 -68 -71 
-65 -82 -69 -67 -67 
-70 -71 -63 -72 -77 
-66 -74 -64 -68 -72 
-66 -72 -68 -75 -73 
-64 -86 -65 -67 -78 
-68 -73 -64 -72 -72 
-64 -82 -65 -66 -79 
-69 -76 -64 -67 -73 
-67 -75 -69 -65 -75 
-66 -74 -69 -69 -74 
-66 -84 -75 -65 -75 
-66 -82 -69 -66 -72 
-64 -87 -65 -65 -68 
-65 -76 -64 -65 -73 
-67 -76 -64 -66 -68 
-65 -88 -65 -69 -68 
-67 -85 -67 -70 -73 
-65 -84 -64 -68 -73 
-68 -86 -64 -70 -74 
-66 -76 -68 -75 -77 
-65 -76 -69 -70 -75 
-65 -84 -65 -70 -73 
-66 -76 -69 -65 -69 
-65 -85 -63 -75 -67 
-68 -87 -64 -65 -72 
-66 -76 -75 -66 -70 
-65 -75 -64 -66 -68 
-65 -83 -65 -65 -73 
-65 -88 -69 -75 -76 
-65 -83 -65 -65 -74 
-65 -78 -64 -71 -75 
-69 -87 -75 -65 -73 
-64 -76 -65 -75 -78 
-64 -76 -64 -65 -67 
-65 -76 -65 -66 -72 
-65 -87 -65 -69 -73 
-66 -76 -64 -67 -70 
-64 -87 -64 -75 -73 
-68 -83 -62 -66 -78 
-64 -82 -64 -70 -71 
-65 -77 -68 -70 -73 
-66 -86 -73 -66 -68 
-64 -76 -74 -70 -73 
-67 -76 -65 -66 -72 
-67 -81 -69 -70 -75 
-64 -76 -70 -65 -73 
-67 -85 -75 -65 -72 
-64 -76 -63 -65 -68 
-69 -81 -75 -66 -74 
-64 -76 -64 -65 -68 
-66 -82 -65 -65 -71 
-65 -83 -64 -74 -72 
-70 -81 -64 -65 -72 
-65 -74 -73 -66 -74 
-69 -85 -65 -65 -68 
-64 -78 -72 -66 -76 
-64 -82 -64 -70 -75 
-69 -86 -72 -66 -72 
-67 -79 -74 -71 -79 
-69 -86 -76 -66 -81 
-64 -74 -66 -65 -66 
-69 -84 -64 -64 -67 
-69 -77 -64 -71 -72 
-65 -77 -65 -75 -74 
-65 -84 -64 -65 -85 
-71 -81 -65 -75 -74 
-65 -75 -75 -70 -75 
-65 -76 -68 -70 -73 
-66 -74 -76 -71 -70 
-66 -82 -63 -67 -67 
-63 -74 -63 -69 -65 
-72 -77 -75 -74 -70 
-67 -76 -65 -67 -68 
-65 -86 -73 -67 -75 
-67 -79 -69 -70 -73 
-65 -73 -64 -67 -84 