203 12
-65 -84 -75 -73 -81 
-65 -78 -76 -90 -75 
-65 -80 -72 -74 -63 
-66 -80 -74 -81 -75 
-64 -83 -75 -76 -68 
-66 -80 -74 -76 -73 
-65 -76 -74 -75 -72 
-64 -88 -82 -76 -66 
-63 -91 -81 -73 -74 
-67 -85 -87 -83 -78 
-66 -82 -78 -77 -75 
-66 -79 -78 -76 -63 
-66 -79 -76 -78 -71 
-66 -78 -71 -79 -77 
-64 -79 -74 -79 -63 
-67 -81 -71 -79 -78 
-62 -82 -73 -79 -74 
-63 -80 -73 -78 -64 
-66 -88 -77 -79 -63 
-66 -80 -72 -78 -72 
-67 -84 -77 -83 -65 
-63 -82 -71 -78 -79 
-67 -86 -71 -83 -65 
-65 -83 -74 -82 -68 
-63 -80 -71 -79 -65 
-64 -83 -72 -77 -79 
-62 -82 -75 -77 -63 
-66 -82 -73 -75 -62 
-66 -83 -77 -80 -71 
-64 -81 -72 -75 -71 
-67 -84 -72 -81 -65 
-64 -83 -73 -81 -79 
-64 -84 -73 -77 -75 
-67 -86 -71 -83 -71 
-62 -86 -75 -77 -77 
-65 -90 -71 -78 -73 
-67 -81 -76 -80 -78 
-65 -78 -77 -78 -68 
-63 -81 -72 -79 -65 
-66 -81 -73 -78 -72 
-66 -82 -76 -85 -72 
-66 -85 -73 -79 -76 
-64 -87 -73 -81 -72 
-66 -87 -71 -75 -76 
-66 -87 -71 -77 -71 
-64 -91 -73 -77 -72 
-66 -86 -72 -80 -76 
-66 -90 -72 -80 -65 
-65 -90 -71 -80 -69 
-63 -87 -71 -84 -72 
-64 -87 -74 -81 -65 
-65 -84 -73 -80 -69 
-65 -86 -71 -79 -65 
-66 -87 -74 -80 -73 
-65 -86 -73 -78 -73 
-64 -85 -73 -79 -71 
-66 -87 -75 -81 -65 
-66 -87 -73 -77 -78 
-63 -84 -72 -81 -65 
-66 -87 -73 -77 -74 
-66 -87 -76 -79 -71 
-65 -84 -72 -80 -74 
-65 -84 -74 -81 -71 
-64 -86 -72 -79 -71 
-63 -84 -73 -79 -71 
-64 -88 -73 -78 -70 
-66 -87 -73 -80 -74 
-62 -85 -74 -81 -77 
-65 -87 -73 -79 -71 
-66 -84 -73 -84 -74 
-66 -92 -72 -82 -78 
-64 -88 -72 -80 -71 
-65 -84 -73 -80 -66 
-64 -85 -74 -80 -73 
-65 -86 -73 -81 -73 
-66 -84 -74 -81 -66 
-68 -87 -76 -84 -65 
-66 -84 -76 -78 -71 
-64 -88 -73 -81 -73 
-66 -89 -74 -79 -65 
-66 -88 -74 -79 -63 
-65 -86 -73 -83 -67 
-65 -87 -73 -79 -67 
-66 -86 -71 -79 -78 
-63 -84 -73 -83 -65 
-63 -87 -73 -80 -74 
-65 -86 -73 -77 -74 
-64 -82 -73 -77 -65 
-66 -86 -74 -81 -73 
-67 -87 -76 -80 -74 
-62 -86 -72 -79 -71 
-63 -85 -73 -78 -75 
-63 -84 -72 -81 -71 
-66 -86 -73 -80 -71 
-64 -85 -74 -78 -71 
-67 -85 -74 -78 -73 
-65 -85 -72 -81 -70 
-63 -88 -72 -83 -63 
-65 -84 -74 -82 -69 
-66 -87 -74 -81 -65 
-63 -85 -74 -80 -71 
-64 -83 -72 -78 -71 
-66 -84 -75 -82 -65 
-67 -84 -76 -79 -78 
-68 -86 -72 -76 -71 
-64 -91 -72 -82 -74 
-66 -89 -72 -81 -74 
-65 -83 -71 -78 -71 
-62 -84 -74 -83 -75 
-68 -84 -76 -76 -73 
-62 -82 -71 -81 -71 
-63 -81 -74 -78 -72 
-67 -80 -76 -77 -74 
-65 -81 -72 -79 -78 
-63 -92 -72 -76 -75 
-68 -80 -71 -75 -63 
-66 -85 -74 -82 -71 
-65 -85 -71 -81 -74 
-66 -82 -71 -78 -74 
-67 -82 -72 -78 -74 
-64 -79 -75 -74 -68 
-64 -82 -73 -81 -74 
-64 -84 -74 -78 -70 
-66 -85 -71 -77 -78 
-64 -79 -71 -79 -71 
-63 -80 -73 -80 -72 
-67 -81 -73 -79 -74 
-66 -86 -74 -79 -75 
-63 -82 -76 -75 -78 
-67 -85 -72 -79 -72 
-66 -83 -73 -77 -74 
-65 -84 -73 -80 -70 
-66 -83 -72 -79 -76 
-66 -83 -74 -78 -70 
-69 -80 -77 -74 -71 
-67 -87 -78 -72 -65 
-68 -83 -74 -74 -70 
-64 -84 -73 -75 -68 
-66 -85 -74 -77 -75 
-66 -82 -74 -74 -71 
-64 -82 -70 -73 -76 
-65 -84 -74 -78 -69 
-66 -84 -73 -77 -78 
-63 -85 -73 -74 -70 
-66 -82 -74 -74 -70 
-66 -82 -72 -78 -67 
-67 -84 -73 -74 -85 
-62 -79 -73 -78 -72 
-65 -78 -72 -81 -66 
-71 -82 -73 -82 -72 
-68 -80 -72 -79 -80 
-75 -80 -72 -81 -63 
-70 -84 -71 -78 -71 
-71 -83 -71 -78 -65 
-67 -83 -75 -79 -73 
-68 -89 -75 -82 -70 
-68 -82 -71 -74 -65 
-66 -92 -71 -77 -69 
-64 -83 -71 -86 -64 
-67 -86 -75 -76 -70 
-66 -86 -71 -81 -76 
-66 -83 -70 -75 -68 
-67 -88 -70 -88 -65 
-68 -86 -72 -75 -73 
-66 -83 -73 -75 -71 
-66 -84 -76 -81 -75 
-65 -83 -72 -76 -75 
-67 -84 -74 -72 -73 
-67 -85 -70 -74 -72 
-65 -83 -73 -72 -72 
-66 -81 -72 -77 -71 
-66 -88 -74 -76 -69 
-65 -82 -74 -74 -72 
-65 -86 -74 -80 -72 
-63 -84 -72 -80 -75 
-65 -80 -72 -74 -72 
-66 -80 -75 -82 -71 
-66 -83 -75 -89 -69 
-64 -81 -73 -83 -71 
-66 -82 -73 -80 -71 
-66 -85 -73 -82 -75 
-65 -80 -71 -79 -73 
-65 -86 -72 -79 -71 
-64 -77 -73 -76 -77 
-63 -78 -74 -77 -72 
-67 -82 -71 -72 -68 
-65 -80 -75 -75 -70 
-68 -78 -72 -85 -75 
-65 -81 -73 -89 -81 
-68 -83 -73 -74 -80 
-64 -84 -72 -73 -67 
-65 -83 -72 -73 -68 
-65 -82 -74 -76 -69 
-65 -82 -73 -77 -74 
-66 -81 -72 -73 -80 
-63 -82 -73 -72 -71 
-63 -80 -72 -84 -75 
-65 -80 -74 -78 -72 
-64 -81 -72 -80 -69 
-67 -82 -72 -76 -77 
-67 -83 -73 -80 -68 
-64 -82 -74 -83 -70 
-67 -80 -73 -82 -72 