342 13
-68 -67 -80 -68 -67 
-62 -78 -70 -73 -70 
-63 -67 -80 -67 -73 
-62 -67 -71 -68 -72 
-63 -66 -69 -67 -70 
-62 -66 -80 -68 -71 
-67 -79 -71 -69 -71 
-65 -77 -70 -70 -67 
-64 -66 -69 -68 -69 
-63 -72 -81 -68 -67 
-62 -75 -70 -67 -73 
-66 -66 -80 -71 -75 
-62 -77 -75 -68 -72 
-64 -71 -69 -68 -69 
-62 -65 -71 -68 -72 
-63 -72 -70 -68 -66 
-61 -70 -70 -69 -74 
-62 -67 -70 -70 -71 
-61 -76 -69 -66 -73 
-62 -67 -85 -69 -76 
-62 -66 -69 -80 -69 
-64 -78 -70 -69 -68 
-63 -72 -71 -74 -67 
-62 -66 -80 -76 -66 
-68 -71 -69 -69 -71 
-63 -71 -72 -67 -70 
-62 -68 -75 -68 -68 
-62 -68 -73 -69 -72 
-65 -70 -68 -71 -70 
-62 -66 -78 -67 -68 
-62 -70 -74 -69 -71 
-62 -67 -80 -69 -71 
-67 -70 -70 -69 -70 
-61 -74 -83 -69 -72 
-66 -67 -71 -70 -73 
-62 -67 -71 -72 -72 
-62 -70 -71 -71 -72 
-66 -74 -82 -71 -73 
-62 -67 -76 -70 -68 
-66 -74 -80 -69 -72 
-62 -64 -76 -70 -73 
-63 -67 -80 -69 -70 
-65 -66 -76 -70 -68 
-63 -66 -78 -70 -68 
-62 -66 -71 -70 -72 
-62 -67 -78 -69 -68 
-63 -74 -77 -71 -72 
-63 -67 -71 -69 -70 
-63 -74 -76 -73 -72 
-63 -70 -76 -71 -69 
-62 -74 -82 -73 -68 
-66 -67 -77 -69 -72 
-62 -69 -82 -71 -72 
-62 -67 -77 -71 -72 
-64 -70 -79 -70 -72 
-62 -74 -82 -73 -72 
-65 -70 -76 -71 -68 
-63 -67 -77 -70 -72 
-63 -70 -70 -68 -72 
-63 -66 -82 -71 -72 
-66 -70 -77 -69 -72 
-64 -69 -70 -69 -69 
-67 -67 -78 -70 -68 
-62 -66 -71 -71 -68 
-63 -74 -77 -70 -72 
-67 -67 -76 -69 -72 
-63 -66 -83 -69 -72 
-67 -74 -76 -69 -72 
-62 -67 -76 -69 -72 
-67 -67 -76 -69 -72 
-62 -70 -71 -69 -71 
-62 -68 -77 -69 -70 
-62 -70 -75 -69 -70 
-67 -67 -82 -71 -72 
-63 -75 -78 -69 -70 
-66 -66 -71 -69 -68 
-67 -76 -83 -70 -73 
-62 -70 -76 -70 -72 
-62 -72 -78 -69 -73 
-62 -71 -78 -70 -69 
-67 -67 -79 -70 -69 
-62 -74 -70 -68 -71 
-61 -67 -80 -71 -69 
-66 -67 -70 -68 -73 
-64 -66 -82 -70 -68 
-62 -69 -75 -69 -68 
-63 -74 -79 -69 -73 
-66 -68 -85 -72 -70 
-61 -67 -77 -68 -69 
-63 -68 -76 -69 -68 
-63 -68 -80 -69 -70 
-67 -70 -77 -68 -70 
-62 -72 -75 -68 -71 
-64 -76 -72 -66 -67 
-63 -66 -70 -68 -70 
-67 -66 -75 -71 -69 
-63 -66 -81 -77 -71 
-67 -66 -71 -70 -73 
-62 -68 -69 -71 -72 
-62 -67 -79 -69 -68 
-63 -77 -81 -72 -71 
-62 -68 -69 -75 -72 
-62 -67 -81 -69 -69 
-63 -66 -68 -69 -69 
-61 -68 -83 -72 -69 
-66 -67 -70 -67 -70 
-65 -66 -70 -69 -72 
-63 -70 -75 -69 -68 
-64 -79 -70 -70 -74 
-62 -72 -70 -71 -69 
-61 -72 -69 -67 -66 
-64 -83 -71 -67 -68 
-66 -68 -71 -68 -72 
-63 -71 -76 -70 -74 
-66 -83 -71 -67 -70 
-63 -73 -79 -71 -69 
-65 -81 -74 -69 -70 
-67 -80 -70 -67 -71 
-63 -66 -71 -69 -73 
-63 -79 -80 -66 -74 
-65 -68 -80 -68 -73 
-62 -73 -70 -68 -73 
-61 -71 -79 -68 -75 
-68 -80 -70 -68 -66 
-63 -71 -79 -70 -74 
-62 -81 -70 -68 -73 
-62 -71 -68 -68 -69 
-62 -81 -71 -68 -67 
-63 -71 -70 -68 -73 
-62 -81 -70 -68 -72 
-65 -71 -70 -68 -73 
-62 -66 -71 -65 -72 
-65 -71 -70 -68 -73 
-64 -76 -71 -68 -67 
-64 -71 -70 -68 -73 
-65 -71 -71 -69 -73 
-62 -81 -70 -68 -67 
-65 -66 -76 -68 -70 
-64 -76 -73 -69 -73 
-62 -71 -79 -68 -73 
-62 -76 -70 -68 -67 
-68 -66 -78 -69 -67 
-65 -71 -74 -68 -65 
-62 -71 -70 -68 -74 
-68 -66 -78 -69 -74 
-62 -66 -70 -68 -74 
-64 -81 -70 -68 -74 
-68 -66 -79 -69 -74 
-62 -69 -70 -68 -74 
-62 -66 -78 -68 -74 
-62 -79 -71 -69 -74 
-65 -66 -71 -68 -70 
-68 -66 -70 -68 -74 
-65 -71 -74 -68 -69 
-65 -71 -70 -68 -70 
-65 -71 -69 -68 -67 
-62 -66 -70 -68 -67 
-62 -71 -80 -68 -67 
-62 -66 -71 -68 -73 
-63 -80 -80 -68 -74 
-69 -66 -70 -67 -73 
-63 -68 -70 -69 -67 
-63 -66 -71 -67 -73 
-62 -73 -70 -68 -70 
-65 -81 -71 -69 -72 
-62 -66 -68 -67 -73 
-69 -80 -71 -69 -67 
-65 -66 -71 -68 -66 
-62 -68 -74 -68 -73 
-62 -80 -70 -69 -67 
-64 -66 -73 -67 -67 
-69 -80 -70 -68 -70 
-62 -71 -70 -68 -71 
-62 -72 -79 -66 -74 
-62 -71 -71 -67 -74 
-68 -66 -80 -68 -72 
-61 -71 -71 -67 -74 
-68 -81 -79 -68 -73 
-61 -71 -70 -69 -75 
-62 -66 -70 -68 -75 
-62 -66 -70 -68 -72 
-63 -71 -79 -67 -74 
-68 -66 -70 -69 -66 
-62 -71 -71 -67 -74 
-65 -71 -80 -69 -73 
-69 -80 -71 -66 -74 
-63 -65 -79 -68 -70 
-65 -71 -73 -67 -70 
-67 -66 -75 -70 -66 
-62 -77 -71 -69 -68 
-65 -74 -71 -69 -72 
-63 -66 -71 -70 -72 
-69 -71 -71 -69 -68 
-65 -68 -79 -67 -67 
-62 -83 -71 -69 -71 
-68 -66 -71 -70 -75 
-63 -66 -83 -68 -71 
-67 -66 -70 -67 -74 
-62 -67 -75 -70 -77 
-65 -71 -80 -67 -67 
-63 -77 -75 -69 -72 
-63 -65 -71 -71 -76 
-62 -75 -81 -70 -74 
-63 -69 -69 -69 -75 
-65 -69 -71 -69 -76 
-68 -68 -81 -68 -67 
-65 -74 -69 -66 -70 
-62 -66 -71 -68 -71 
-63 -66 -75 -67 -76 
-63 -66 -67 -67 -74 
-65 -65 -69 -68 -68 
-62 -71 -77 -68 -71 
-63 -67 -71 -69 -70 
-71 -65 -78 -67 -70 
-66 -73 -68 -69 -72 
-69 -66 -78 -68 -66 
-73 -67 -81 -67 -71 
-63 -65 -73 -69 -72 
-63 -67 -70 -66 -71 
-63 -80 -71 -69 -63 
-61 -70 -70 -66 -69 
-64 -66 -69 -70 -73 
-65 -66 -79 -68 -76 
-62 -66 -69 -68 -71 
-67 -66 -71 -70 -73 
-62 -73 -70 -67 -72 
-62 -67 -75 -69 -74 
-68 -72 -69 -72 -73 
-62 -78 -70 -68 -67 
-69 -66 -69 -72 -72 
-62 -80 -80 -67 -67 
-69 -66 -69 -72 -72 
-65 -67 -67 -68 -74 
-62 -80 -69 -71 -71 
-65 -73 -84 -68 -73 
-67 -66 -69 -68 -71 
-68 -66 -70 -69 -74 
-62 -79 -69 -68 -68 
-63 -67 -70 -68 -75 
-63 -78 -70 -72 -72 
-64 -67 -69 -69 -71 
-63 -80 -75 -70 -67 
-62 -67 -75 -70 -70 
-65 -73 -69 -70 -72 
-62 -66 -82 -68 -74 
-67 -79 -70 -68 -71 
-64 -67 -70 -70 -67 
-65 -72 -82 -68 -71 
-63 -68 -70 -67 -67 
-63 -79 -76 -69 -71 
-68 -67 -70 -68 -72 
-63 -67 -81 -67 -67 
-63 -66 -69 -67 -67 
-68 -66 -70 -68 -71 
-62 -67 -76 -68 -67 
-62 -67 -70 -67 -70 
-65 -79 -81 -67 -72 
-62 -67 -70 -68 -67 
-62 -80 -69 -68 -71 
-64 -81 -81 -70 -73 
-68 -67 -81 -71 -71 
-65 -73 -69 -69 -67 
-63 -67 -75 -68 -71 
-62 -66 -81 -68 -74 
-62 -80 -75 -68 -67 
-67 -66 -69 -68 -72 
-62 -80 -70 -67 -67 
-62 -70 -70 -67 -67 
-65 -66 -81 -68 -68 
-68 -66 -81 -72 -73 
-63 -66 -76 -67 -73 
-63 -80 -70 -73 -67 
-67 -66 -69 -67 -74 
-62 -80 -81 -68 -73 
-68 -79 -70 -71 -67 
-66 -80 -69 -69 -69 
-67 -66 -70 -67 -73 
-63 -73 -73 -69 -73 
-62 -67 -70 -68 -74 
-63 -66 -69 -68 -67 
-62 -65 -70 -68 -74 
-62 -72 -69 -68 -73 
-63 -73 -69 -68 -69 
-62 -66 -69 -68 -70 
-62 -67 -70 -68 -74 
-61 -65 -69 -67 -76 
-62 -66 -69 -67 -65 
-62 -68 -69 -69 -81 
-62 -66 -70 -69 -78 
-63 -76 -70 -68 -67 
-64 -65 -72 -72 -72 
-62 -66 -68 -71 -68 
-62 -77 -69 -68 -71 
-63 -68 -70 -69 -72 
-65 -81 -69 -67 -71 
-67 -66 -72 -69 -71 
-63 -72 -70 -67 -72 
-66 -78 -69 -67 -72 
-70 -66 -83 -66 -66 
-63 -65 -69 -68 -67 
-63 -66 -70 -68 -70 
-63 -65 -70 -67 -75 
-62 -79 -70 -67 -69 
-66 -72 -69 -68 -71 
-74 -66 -71 -68 -65 
-63 -75 -70 -68 -68 
-66 -67 -68 -70 -72 
-69 -73 -69 -70 -70 
-64 -67 -70 -69 -69 
-66 -67 -73 -67 -72 
-64 -67 -71 -69 -68 
-65 -78 -77 -67 -70 
-66 -68 -69 -68 -78 
-66 -78 -77 -69 -75 
-64 -67 -70 -66 -66 
-68 -66 -78 -68 -83 
-65 -66 -73 -67 -68 
-68 -85 -67 -66 -66 
-65 -66 -77 -66 -73 
-65 -65 -74 -66 -74 
-61 -65 -71 -67 -75 
-64 -66 -68 -68 -70 
-61 -82 -80 -67 -69 
-66 -68 -75 -68 -69 
-75 -80 -70 -69 -63 
-66 -67 -78 -69 -63 
-63 -81 -71 -68 -65 
-72 -67 -70 -68 -71 
-63 -73 -79 -67 -66 
-71 -66 -69 -68 -70 
-70 -71 -68 -68 -63 
-67 -66 -77 -66 -68 
-67 -67 -70 -67 -63 
-73 -67 -70 -68 -65 
-63 -66 -69 -68 -67 
-63 -68 -68 -67 -69 
-63 -72 -71 -66 -67 
-62 -65 -80 -67 -73 
-69 -72 -70 -66 -68 
-78 -64 -74 -67 -71 
-66 -76 -72 -68 -71 
-76 -65 -77 -69 -72 