300 14
-64 -74 -73 -72 -72 
-63 -72 -71 -68 -66 
-65 -71 -73 -71 -71 
-64 -71 -70 -70 -81 
-64 -75 -69 -67 -82 
-65 -71 -72 -65 -70 
-62 -76 -71 -69 -70 
-64 -79 -76 -73 -82 
-64 -71 -68 -66 -69 
-65 -72 -71 -65 -70 
-64 -77 -78 -68 -71 
-65 -71 -68 -69 -75 
-64 -76 -77 -74 -68 
-65 -70 -75 -65 -67 
-66 -70 -72 -66 -65 
-66 -70 -70 -66 -64 
-63 -73 -72 -70 -70 
-64 -69 -75 -64 -69 
-63 -78 -71 -66 -66 
-64 -73 -68 -66 -68 
-65 -78 -73 -70 -65 
-67 -71 -68 -65 -69 
-63 -82 -75 -66 -76 
-62 -71 -75 -67 -73 
-64 -71 -72 -71 -65 
-62 -70 -68 -65 -74 
-63 -79 -71 -68 -71 
-63 -69 -74 -71 -76 
-65 -85 -76 -64 -69 
-62 -71 -68 -66 -65 
-65 -71 -72 -63 -70 
-62 -71 -77 -68 -69 
-64 -70 -69 -64 -65 
-66 -71 -72 -67 -70 
-66 -83 -76 -70 -70 
-62 -70 -68 -66 -69 
-66 -71 -74 -68 -70 
-65 -69 -74 -67 -73 
-66 -71 -81 -70 -71 
-65 -71 -71 -64 -75 
-62 -86 -79 -70 -70 
-66 -71 -68 -64 -70 
-63 -82 -80 -70 -77 
-63 -70 -68 -66 -65 
-65 -77 -70 -69 -65 
-63 -70 -70 -67 -70 
-65 -70 -72 -69 -72 
-63 -76 -72 -68 -65 
-65 -70 -69 -65 -65 
-65 -71 -71 -71 -70 
-63 -71 -73 -67 -67 
-64 -70 -71 -69 -72 
-64 -83 -72 -68 -68 
-65 -71 -68 -67 -76 
-63 -68 -78 -68 -73 
-65 -71 -75 -66 -70 
-66 -71 -72 -65 -70 
-64 -71 -73 -66 -71 
-65 -85 -72 -69 -67 
-63 -71 -68 -70 -65 
-65 -70 -77 -64 -70 
-66 -71 -72 -67 -68 
-63 -71 -72 -71 -65 
-63 -70 -73 -67 -73 
-64 -70 -74 -66 -70 
-66 -71 -71 -65 -76 
-65 -70 -71 -71 -69 
-65 -71 -72 -66 -65 
-65 -71 -68 -67 -65 
-62 -71 -71 -68 -75 
-64 -83 -74 -65 -65 
-64 -71 -80 -71 -76 
-66 -71 -72 -68 -66 
-66 -70 -80 -67 -69 
-65 -71 -71 -70 -65 
-65 -70 -71 -65 -77 
-65 -70 -70 -67 -72 
-66 -71 -74 -65 -67 
-62 -71 -72 -68 -71 
-65 -70 -80 -64 -76 
-65 -76 -70 -66 -65 
-64 -68 -72 -67 -75 
-62 -71 -70 -67 -68 
-65 -70 -68 -64 -70 
-63 -71 -72 -71 -70 
-65 -84 -71 -71 -65 
-67 -70 -68 -67 -75 
-65 -70 -72 -67 -72 
-62 -71 -76 -71 -76 
-67 -70 -68 -64 -70 
-66 -70 -70 -66 -69 
-63 -71 -72 -67 -64 
-63 -72 -73 -67 -71 
-65 -71 -74 -66 -70 
-67 -71 -74 -64 -66 
-64 -83 -75 -66 -71 
-64 -79 -73 -68 -65 
-65 -71 -71 -64 -73 
-64 -78 -72 -66 -76 
-62 -73 -78 -70 -70 
-64 -72 -71 -64 -65 
-65 -71 -68 -70 -69 
-63 -70 -71 -68 -64 
-65 -71 -70 -65 -71 
-65 -72 -77 -71 -76 
-63 -71 -69 -65 -65 
-64 -71 -76 -71 -69 
-66 -72 -68 -64 -65 
-62 -71 -71 -70 -68 
-65 -71 -67 -65 -65 
-63 -71 -72 -71 -68 
-66 -70 -68 -67 -65 
-64 -76 -72 -69 -72 
-65 -70 -72 -64 -66 
-65 -71 -77 -69 -69 
-66 -82 -68 -64 -78 
-65 -71 -72 -70 -70 
-64 -71 -68 -64 -77 
-64 -70 -72 -67 -72 
-64 -70 -70 -68 -67 
-65 -71 -69 -68 -72 
-65 -71 -77 -65 -68 
-65 -71 -69 -64 -73 
-65 -84 -77 -70 -66 
-65 -71 -73 -64 -72 
-65 -70 -73 -70 -66 
-63 -71 -70 -64 -69 
-64 -71 -78 -70 -66 
-63 -71 -70 -64 -70 
-64 -71 -70 -66 -70 
-65 -70 -75 -70 -68 
-64 -82 -78 -65 -66 
-65 -71 -73 -66 -68 
-64 -71 -73 -70 -66 
-65 -71 -73 -67 -71 
-65 -71 -74 -67 -67 
-64 -70 -77 -67 -70 
-63 -82 -69 -64 -65 
-64 -70 -71 -65 -79 
-63 -75 -72 -67 -70 
-67 -76 -75 -69 -70 
-63 -77 -68 -63 -72 
-65 -73 -74 -69 -69 
-62 -78 -68 -64 -65 
-65 -76 -78 -69 -76 
-64 -75 -71 -66 -64 
-63 -80 -68 -64 -69 
-64 -75 -76 -65 -65 
-65 -81 -69 -62 -70 
-65 -73 -69 -65 -70 
-61 -84 -71 -64 -67 
-62 -78 -77 -66 -70 
-63 -76 -72 -64 -66 
-62 -66 -80 -70 -69 
-63 -69 -69 -62 -69 
-68 -81 -75 -65 -65 
-64 -70 -80 -69 -68 
-65 -80 -69 -72 -73 
-64 -76 -79 -63 -66 
-69 -71 -70 -73 -66 
-62 -72 -71 -66 -69 
-62 -73 -73 -69 -76 
-68 -72 -72 -66 -75 
-64 -71 -70 -69 -67 
-62 -80 -73 -65 -67 
-63 -71 -74 -65 -70 
-63 -70 -73 -63 -82 
-63 -71 -72 -70 -73 
-69 -71 -68 -72 -69 
-65 -80 -69 -68 -72 
-65 -69 -77 -65 -67 
-67 -68 -72 -65 -70 
-64 -81 -73 -68 -71 
-64 -68 -78 -64 -74 
-64 -73 -73 -70 -70 
-60 -68 -78 -65 -64 
-67 -72 -71 -63 -68 
-62 -73 -74 -66 -67 
-66 -87 -69 -65 -71 
-65 -74 -74 -67 -65 
-64 -75 -68 -66 -80 
-65 -74 -68 -73 -74 
-64 -71 -70 -72 -66 
-65 -69 -69 -71 -71 
-62 -73 -75 -69 -70 
-63 -70 -71 -75 -72 
-64 -74 -69 -77 -75 
-67 -78 -70 -73 -77 
-67 -75 -75 -71 -67 
-62 -70 -80 -75 -72 
-63 -76 -73 -73 -72 
-65 -71 -75 -69 -74 
-66 -70 -75 -70 -75 
-66 -78 -68 -72 -66 
-63 -70 -80 -72 -76 
-63 -74 -73 -75 -75 
-64 -70 -72 -66 -73 
-63 -78 -72 -71 -65 
-68 -70 -68 -75 -73 
-63 -74 -68 -69 -77 
-65 -70 -73 -71 -73 
-63 -78 -78 -66 -76 
-64 -71 -70 -71 -71 
-63 -70 -72 -66 -76 
-67 -70 -68 -74 -73 
-63 -68 -78 -74 -74 
-67 -78 -69 -67 -75 
-65 -70 -73 -69 -72 
-65 -70 -68 -76 -70 
-63 -70 -70 -74 -69 
-66 -70 -73 -74 -72 
-63 -70 -68 -76 -70 
-64 -71 -78 -66 -72 
-63 -78 -73 -71 -70 
-63 -69 -68 -76 -66 
-63 -78 -78 -66 -73 
-65 -70 -69 -69 -71 
-67 -72 -72 -74 -71 
-64 -70 -68 -66 -66 
-64 -70 -79 -74 -73 
-64 -78 -71 -66 -66 
-64 -74 -68 -70 -71 
-64 -70 -78 -66 -66 
-67 -70 -68 -73 -76 
-64 -70 -79 -66 -66 
-65 -72 -68 -66 -74 
-67 -80 -78 -75 -75 
-64 -70 -68 -66 -76 
-63 -73 -73 -70 -75 
-64 -70 -68 -75 -74 
-64 -80 -78 -66 -71 
-66 -74 -73 -71 -74 
-63 -70 -68 -76 -65 
-64 -79 -72 -69 -74 
-68 -74 -68 -69 -69 
-66 -70 -72 -70 -70 
-64 -78 -68 -75 -74 
-68 -70 -78 -66 -74 
-64 -70 -68 -75 -74 
-64 -71 -73 -69 -75 
-68 -70 -77 -70 -65 
-65 -70 -68 -66 -74 
-63 -79 -68 -70 -74 
-63 -79 -75 -73 -73 
-66 -70 -76 -75 -66 
-63 -70 -68 -74 -69 
-67 -70 -78 -67 -73 
-67 -71 -68 -72 -65 
-63 -71 -80 -66 -74 
-63 -77 -68 -75 -65 
-65 -71 -70 -65 -70 
-63 -71 -81 -65 -78 
-63 -76 -68 -69 -66 
-63 -71 -72 -66 -73 
-63 -73 -73 -68 -72 
-64 -77 -68 -71 -67 
-65 -80 -71 -68 -68 
-64 -71 -72 -72 -71 
-65 -70 -73 -70 -76 
-63 -68 -73 -69 -76 
-63 -68 -71 -67 -65 
-65 -78 -68 -69 -66 
-66 -69 -74 -71 -71 
-63 -83 -78 -65 -65 
-65 -70 -77 -70 -69 
-63 -69 -73 -66 -66 
-63 -79 -77 -70 -76 
-66 -70 -70 -66 -86 
-63 -71 -74 -72 -76 
-64 -76 -74 -66 -80 
-63 -80 -72 -64 -67 
-62 -73 -75 -73 -75 
-64 -80 -70 -69 -68 
-64 -71 -75 -69 -74 
-61 -80 -69 -65 -66 
-63 -71 -74 -68 -73 
-64 -74 -71 -68 -68 
-59 -72 -78 -68 -69 
-61 -73 -69 -69 -75 
-66 -69 -74 -66 -65 
-75 -76 -68 -72 -69 
-75 -73 -70 -65 -77 
-64 -71 -69 -66 -69 
-63 -69 -75 -71 -76 
-62 -70 -69 -68 -67 
-63 -77 -71 -69 -67 
-61 -70 -72 -71 -65 
-61 -68 -70 -67 -76 
-60 -81 -72 -71 -66 
-71 -71 -71 -71 -66 
-72 -72 -72 -65 -67 
-70 -72 -73 -70 -64 
-77 -68 -73 -68 -74 
-72 -75 -71 -81 -71 
-69 -68 -72 -74 -78 
-71 -72 -73 -73 -70 
-71 -71 -71 -67 -71 
-71 -79 -71 -71 -67 
-74 -68 -70 -84 -70 
-72 -74 -72 -70 -75 