321 15
-65 -64 -77 -72 -65 
-62 -73 -75 -64 -79 
-66 -71 -71 -70 -66 
-60 -74 -75 -67 -66 
-65 -74 -70 -66 -67 
-66 -64 -74 -66 -66 
-64 -64 -72 -69 -70 
-63 -72 -73 -69 -70 
-64 -74 -73 -68 -69 
-66 -73 -73 -66 -70 
-63 -73 -78 -71 -81 
-70 -72 -76 -70 -67 
-63 -71 -75 -70 -66 
-66 -73 -78 -65 -66 
-64 -72 -78 -72 -79 
-64 -73 -71 -69 -66 
-64 -72 -75 -68 -70 
-67 -73 -74 -67 -68 
-64 -72 -72 -68 -65 
-65 -74 -74 -65 -65 
-66 -63 -82 -67 -67 
-65 -73 -73 -66 -67 
-64 -73 -74 -67 -75 
-66 -75 -70 -66 -66 
-65 -65 -75 -71 -72 
-66 -73 -75 -70 -65 
-64 -66 -81 -66 -75 
-64 -68 -75 -67 -75 
-66 -69 -74 -69 -66 
-64 -73 -71 -64 -66 
-64 -72 -73 -72 -68 
-65 -73 -72 -66 -70 
-68 -74 -72 -69 -76 
-64 -74 -74 -69 -65 
-64 -64 -70 -66 -66 
-65 -66 -70 -67 -69 
-66 -79 -80 -68 -81 
-65 -66 -70 -67 -67 
-65 -70 -69 -67 -66 
-66 -66 -74 -70 -66 
-64 -65 -77 -67 -73 
-63 -76 -71 -68 -66 
-64 -66 -73 -67 -66 
-65 -74 -71 -70 -67 
-65 -74 -74 -67 -66 
-65 -73 -80 -68 -66 
-65 -69 -77 -67 -66 
-64 -69 -75 -67 -66 
-63 -68 -78 -67 -70 
-66 -68 -76 -65 -74 
-64 -70 -79 -68 -76 
-65 -72 -80 -65 -75 
-65 -74 -74 -64 -66 
-66 -65 -72 -69 -65 
-65 -72 -71 -69 -66 
-65 -64 -82 -66 -66 
-64 -74 -72 -68 -66 
-65 -72 -71 -66 -67 
-64 -68 -70 -66 -71 
-65 -73 -82 -68 -66 
-64 -71 -70 -68 -74 
-65 -71 -77 -68 -76 
-64 -72 -70 -69 -65 
-64 -73 -82 -69 -65 
-64 -65 -70 -68 -67 
-66 -72 -74 -66 -66 
-64 -69 -71 -67 -67 
-66 -73 -76 -67 -66 
-64 -69 -77 -68 -66 
-66 -73 -74 -66 -76 
-63 -74 -70 -67 -66 
-66 -72 -74 -64 -66 
-66 -73 -70 -68 -65 
-65 -64 -77 -66 -66 
-64 -73 -70 -68 -66 
-66 -64 -74 -69 -66 
-66 -72 -76 -69 -66 
-65 -72 -72 -65 -66 
-64 -65 -82 -67 -76 
-65 -65 -75 -68 -66 
-64 -72 -71 -66 -66 
-64 -73 -74 -68 -76 
-64 -73 -72 -68 -66 
-65 -65 -81 -64 -66 
-64 -73 -70 -67 -66 
-64 -73 -74 -64 -76 
-65 -74 -74 -66 -65 
-65 -74 -74 -66 -66 
-64 -68 -76 -65 -69 
-66 -73 -81 -67 -66 
-65 -64 -71 -65 -66 
-65 -73 -70 -68 -74 
-65 -65 -73 -64 -66 
-64 -73 -71 -68 -66 
-65 -64 -81 -69 -66 
-66 -74 -74 -68 -65 
-65 -73 -70 -70 -66 
-64 -73 -71 -66 -66 
-65 -68 -71 -67 -71 
-63 -68 -81 -68 -77 
-66 -72 -74 -65 -66 
-65 -65 -75 -68 -66 
-66 -73 -72 -68 -75 
-64 -65 -71 -69 -70 
-64 -65 -74 -66 -66 
-66 -74 -71 -67 -78 
-65 -73 -71 -67 -66 
-65 -74 -82 -67 -71 
-64 -72 -71 -63 -66 
-65 -74 -86 -69 -67 
-64 -64 -75 -65 -66 
-65 -73 -83 -69 -67 
-65 -72 -75 -66 -66 
-65 -74 -82 -69 -66 
-66 -72 -71 -67 -76 
-65 -73 -77 -69 -76 
-65 -69 -73 -67 -71 
-64 -72 -70 -66 -66 
-65 -74 -78 -69 -66 
-64 -72 -70 -66 -66 
-64 -73 -80 -68 -75 
-64 -73 -70 -64 -65 
-64 -69 -78 -69 -66 
-64 -69 -74 -68 -70 
-66 -74 -70 -68 -76 
-62 -72 -81 -68 -66 
-63 -68 -75 -66 -66 
-63 -65 -76 -68 -76 
-66 -74 -76 -68 -66 
-65 -65 -81 -67 -66 
-66 -65 -75 -66 -66 
-65 -72 -70 -68 -75 
-65 -74 -82 -65 -66 
-65 -72 -70 -69 -66 
-64 -74 -75 -65 -66 
-65 -72 -71 -69 -66 
-64 -74 -74 -68 -66 
-65 -73 -75 -67 -66 
-65 -73 -84 -67 -66 
-63 -73 -76 -66 -66 
-66 -74 -70 -69 -66 
-64 -64 -75 -65 -66 
-65 -70 -73 -68 -68 
-64 -70 -73 -65 -71 
-64 -70 -86 -66 -77 
-65 -65 -73 -65 -66 
-64 -65 -71 -65 -66 
-65 -72 -78 -68 -75 
-64 -74 -74 -69 -66 
-66 -73 -74 -66 -66 
-64 -73 -70 -67 -71 
-66 -73 -71 -67 -71 
-65 -72 -73 -68 -66 
-65 -65 -73 -69 -66 
-65 -65 -71 -67 -66 
-65 -74 -71 -67 -66 
-64 -71 -75 -65 -66 
-67 -65 -81 -69 -66 
-65 -72 -72 -66 -66 
-65 -68 -76 -70 -66 
-66 -72 -84 -71 -70 
-65 -72 -74 -66 -66 
-68 -72 -80 -69 -75 
-65 -76 -73 -70 -66 
-64 -67 -71 -68 -77 
-68 -75 -86 -65 -67 
-65 -73 -75 -69 -75 
-66 -75 -74 -66 -66 
-65 -80 -75 -69 -66 
-65 -75 -78 -66 -66 
-64 -75 -70 -70 -65 
-66 -68 -70 -69 -69 
-65 -69 -74 -65 -72 
-65 -69 -70 -70 -66 
-65 -68 -74 -67 -65 
-63 -72 -78 -69 -67 
-63 -73 -71 -66 -69 
-64 -69 -77 -72 -65 
-65 -73 -74 -67 -72 
-66 -73 -79 -65 -65 
-66 -71 -74 -69 -63 
-63 -65 -80 -68 -75 
-65 -66 -79 -69 -68 
-63 -66 -83 -68 -78 
-65 -64 -73 -70 -66 
-66 -71 -74 -68 -73 
-68 -71 -76 -65 -77 
-65 -71 -70 -68 -69 
-65 -68 -74 -69 -69 
-66 -65 -74 -68 -71 
-65 -71 -71 -67 -74 
-66 -72 -75 -68 -64 
-67 -73 -77 -69 -69 
-66 -73 -72 -67 -79 
-64 -69 -72 -70 -66 
-65 -71 -78 -67 -68 
-67 -82 -72 -68 -63 
-68 -79 -76 -67 -72 
-69 -74 -71 -66 -74 
-68 -74 -73 -67 -76 
-67 -75 -76 -65 -65 
-66 -70 -74 -72 -65 
-67 -72 -81 -65 -77 
-64 -69 -81 -67 -65 
-63 -71 -79 -72 -66 
-64 -71 -83 -68 -69 
-68 -71 -77 -69 -66 
-67 -71 -75 -68 -64 
-63 -72 -77 -66 -69 
-71 -64 -80 -70 -62 
-66 -70 -77 -67 -69 
-65 -75 -75 -66 -64 
-68 -63 -77 -75 -63 
-68 -68 -75 -69 -65 
-68 -66 -77 -71 -67 
-69 -72 -79 -66 -67 
-64 -65 -72 -70 -64 
-67 -71 -78 -69 -68 
-64 -73 -74 -67 -71 
-64 -73 -72 -66 -69 
-63 -72 -80 -70 -72 
-64 -69 -76 -69 -69 
-63 -72 -71 -68 -70 
-65 -64 -76 -69 -69 
-64 -67 -69 -66 -68 
-65 -75 -75 -67 -66 
-63 -64 -70 -70 -62 
-67 -75 -72 -68 -67 
-63 -71 -69 -70 -65 
-64 -68 -79 -65 -71 
-65 -70 -69 -68 -69 
-66 -65 -75 -65 -67 
-66 -76 -78 -67 -69 
-62 -73 -69 -65 -74 
-65 -76 -77 -68 -69 
-65 -71 -70 -67 -68 
-66 -78 -77 -72 -68 
-65 -71 -71 -67 -68 
-68 -79 -76 -67 -68 
-66 -68 -71 -67 -68 
-66 -65 -71 -71 -68 
-65 -70 -76 -71 -69 
-68 -75 -77 -66 -67 
-68 -67 -76 -71 -70 
-66 -70 -76 -67 -68 
-68 -72 -79 -71 -66 
-64 -71 -80 -69 -67 
-67 -67 -73 -67 -66 
-67 -65 -82 -68 -80 
-66 -65 -74 -67 -66 
-67 -70 -75 -66 -85 
-66 -74 -69 -68 -67 
-67 -70 -74 -69 -67 
-67 -74 -70 -71 -67 
-66 -70 -75 -68 -67 
-67 -67 -69 -71 -67 
-66 -65 -74 -65 -65 
-65 -70 -76 -68 -66 
-67 -65 -69 -71 -68 
-66 -72 -75 -69 -66 
-66 -73 -73 -66 -66 
-65 -71 -85 -71 -68 
-66 -73 -72 -69 -66 
-66 -68 -76 -67 -72 
-66 -74 -69 -69 -68 
-67 -70 -74 -71 -81 
-66 -72 -69 -71 -73 
-66 -65 -69 -69 -82 
-66 -68 -74 -68 -80 
-67 -68 -69 -67 -79 
-65 -65 -69 -68 -67 
-65 -71 -69 -68 -71 
-66 -63 -69 -67 -68 
-65 -74 -76 -71 -81 
-65 -64 -76 -67 -74 
-66 -65 -77 -69 -74 
-66 -70 -69 -68 -68 
-66 -72 -77 -71 -67 
-67 -69 -69 -67 -75 
-65 -65 -72 -69 -66 
-67 -70 -76 -66 -79 
-67 -68 -76 -67 -65 
-66 -67 -76 -68 -67 
-66 -71 -69 -71 -75 
-64 -68 -77 -67 -74 
-64 -68 -71 -69 -70 
-65 -71 -77 -73 -74 
-65 -70 -77 -69 -68 
-63 -76 -77 -70 -68 
-65 -68 -70 -72 -68 
-63 -76 -81 -69 -67 
-63 -65 -70 -66 -66 
-64 -75 -84 -67 -68 
-65 -73 -70 -68 -66 
-63 -74 -78 -67 -66 
-63 -69 -73 -68 -66 
-66 -72 -74 -70 -67 
-66 -72 -75 -71 -69 
-66 -63 -69 -66 -75 
-64 -65 -70 -69 -71 
-64 -70 -73 -65 -68 
-64 -72 -78 -69 -67 
-67 -75 -81 -64 -68 
-64 -66 -70 -69 -69 
-66 -73 -75 -68 -62 
-65 -75 -69 -68 -66 
-66 -72 -85 -67 -62 
-67 -74 -75 -66 -66 
-65 -69 -78 -69 -80 
-64 -64 -70 -65 -65 
-66 -74 -80 -67 -69 
-66 -70 -71 -70 -62 
-64 -72 -80 -67 -89 
-67 -64 -69 -67 -71 
-63 -67 -69 -65 -65 
-67 -71 -75 -69 -77 
-63 -64 -74 -68 -69 
-67 -70 -74 -70 -73 
-65 -65 -69 -67 -69 
-64 -70 -73 -70 -68 
-65 -65 -77 -66 -65 