258 3
-72 -88 -73 -62 -83 
-70 -69 -72 -78 -79 
-72 -74 -77 -73 -84 
-72 -74 -79 -63 -83 
-75 -68 -78 -59 -80 
-71 -75 -72 -59 -84 
-71 -74 -72 -62 -81 
-72 -76 -76 -65 -79 
-74 -74 -76 -69 -81 
-72 -85 -78 -61 -79 
-71 -74 -72 -64 -82 
-73 -74 -78 -72 -82 
-71 -78 -84 -72 -83 
-71 -82 -78 -62 -83 
-73 -75 -72 -73 -82 
-71 -69 -80 -65 -82 
-74 -67 -86 -79 -84 
-71 -69 -77 -62 -82 
-72 -69 -82 -67 -82 
-72 -75 -73 -72 -80 
-72 -72 -82 -68 -83 
-71 -73 -76 -73 -85 
-72 -66 -75 -60 -83 
-70 -68 -80 -71 -81 
-72 -87 -78 -71 -80 
-72 -68 -85 -60 -85 
-74 -73 -78 -64 -81 
-71 -71 -78 -69 -79 
-70 -76 -79 -70 -81 
-71 -75 -72 -71 -82 
-68 -80 -79 -76 -80 
-75 -70 -70 -65 -80 
-71 -79 -87 -74 -80 
-71 -76 -71 -70 -80 
-73 -72 -72 -71 -81 
-73 -79 -81 -67 -82 
-70 -72 -71 -72 -81 
-76 -80 -71 -61 -81 
-71 -81 -74 -81 -78 
-74 -75 -76 -60 -78 
-72 -78 -78 -62 -77 
-71 -72 -75 -62 -79 
-70 -72 -80 -67 -79 
-73 -71 -85 -72 -81 
-71 -68 -71 -65 -76 
-72 -71 -78 -72 -77 
-76 -84 -80 -69 -79 
-73 -71 -75 -72 -81 
-74 -71 -73 -63 -81 
-73 -74 -75 -69 -80 
-78 -67 -72 -66 -79 
-69 -71 -79 -65 -82 
-74 -77 -75 -70 -77 
-75 -69 -71 -68 -78 
-73 -69 -78 -64 -77 
-73 -69 -79 -69 -77 
-72 -68 -81 -64 -78 
-76 -71 -71 -65 -78 
-73 -79 -79 -65 -78 
-74 -72 -76 -73 -77 
-67 -84 -83 -66 -78 
-80 -72 -69 -74 -78 
-75 -76 -77 -74 -79 
-81 -68 -70 -67 -78 
-76 -75 -71 -66 -78 
-75 -84 -83 -71 -76 
-72 -85 -70 -72 -77 
-74 -74 -80 -65 -78 
-72 -78 -79 -75 -78 
-68 -72 -83 -64 -77 
-76 -72 -80 -68 -77 
-68 -85 -70 -75 -78 
-76 -72 -83 -64 -78 
-68 -84 -77 -75 -78 
-81 -69 -75 -66 -76 
-70 -78 -70 -72 -77 
-80 -85 -83 -66 -78 
-68 -69 -76 -75 -77 
-81 -72 -83 -70 -77 
-76 -72 -72 -75 -77 
-76 -86 -68 -69 -77 
-68 -69 -70 -66 -78 
-68 -76 -83 -62 -78 
-77 -73 -77 -64 -78 
-76 -67 -70 -63 -77 
-66 -72 -70 -66 -79 
-77 -68 -83 -64 -78 
-80 -69 -68 -68 -79 
-78 -73 -79 -65 -79 
-81 -86 -83 -63 -77 
-71 -73 -76 -67 -78 
-75 -86 -70 -65 -76 
-69 -67 -76 -71 -79 
-79 -73 -76 -63 -77 
-79 -67 -68 -68 -78 
-75 -76 -76 -74 -78 
-80 -87 -68 -63 -77 
-72 -75 -70 -70 -78 
-72 -70 -70 -68 -78 
-69 -72 -76 -70 -81 
-77 -72 -82 -78 -75 
-75 -67 -77 -65 -77 
-76 -67 -79 -64 -77 
-74 -72 -70 -71 -79 
-69 -67 -69 -63 -84 
-75 -69 -68 -79 -77 
-80 -69 -72 -70 -80 
-72 -70 -78 -72 -81 
-80 -69 -71 -63 -77 
-69 -71 -83 -77 -82 
-72 -67 -76 -70 -79 
-74 -71 -81 -72 -79 
-80 -68 -68 -63 -77 
-80 -71 -79 -69 -79 
-75 -88 -75 -76 -81 
-69 -71 -84 -64 -78 
-72 -79 -76 -75 -79 
-67 -69 -70 -62 -78 
-77 -71 -75 -69 -80 
-79 -71 -75 -69 -79 
-72 -68 -71 -75 -79 
-76 -68 -71 -75 -79 
-69 -88 -71 -65 -78 
-73 -71 -77 -67 -76 
-74 -71 -77 -69 -77 
-69 -69 -84 -75 -79 
-77 -69 -75 -62 -76 
-72 -68 -71 -67 -81 
-75 -71 -83 -75 -80 
-74 -75 -72 -63 -79 
-75 -69 -68 -75 -81 
-70 -69 -75 -63 -77 
-75 -71 -84 -75 -78 
-72 -71 -72 -70 -78 
-75 -70 -84 -68 -80 
-79 -70 -84 -68 -81 
-75 -67 -75 -65 -81 
-70 -69 -79 -67 -78 
-72 -69 -77 -62 -77 
-79 -89 -71 -65 -78 
-70 -71 -75 -75 -77 
-75 -89 -84 -65 -81 
-70 -72 -75 -75 -77 
-75 -71 -83 -69 -76 
-76 -71 -74 -68 -77 
-77 -71 -75 -62 -77 
-78 -71 -70 -69 -78 
-74 -70 -70 -62 -76 
-71 -70 -81 -62 -78 
-74 -70 -78 -67 -78 
-72 -70 -75 -73 -77 
-75 -69 -75 -67 -77 
-73 -70 -75 -61 -77 
-75 -71 -70 -63 -80 
-71 -68 -70 -68 -80 
-73 -68 -83 -72 -76 
-78 -78 -76 -64 -78 
-78 -69 -75 -62 -80 
-70 -83 -78 -65 -78 
-77 -74 -81 -66 -77 
-80 -79 -82 -70 -78 
-70 -83 -71 -65 -77 
-72 -72 -76 -64 -75 
-75 -69 -72 -70 -79 
-68 -68 -68 -65 -78 
-74 -86 -75 -60 -75 
-69 -72 -70 -68 -78 
-70 -72 -71 -70 -74 
-75 -86 -71 -62 -74 
-70 -89 -88 -68 -74 
-72 -77 -80 -59 -75 
-69 -82 -72 -72 -77 
-72 -77 -75 -65 -76 
-75 -73 -69 -61 -78 
-84 -69 -71 -68 -77 
-77 -72 -70 -67 -75 
-76 -69 -84 -63 -74 
-71 -77 -82 -65 -76 
-75 -71 -84 -70 -75 
-70 -84 -88 -63 -76 
-71 -78 -79 -64 -84 
-74 -77 -76 -70 -76 
-72 -85 -69 -62 -77 
-78 -69 -83 -86 -78 
-72 -81 -70 -61 -77 
-75 -76 -73 -61 -77 
-72 -76 -69 -61 -77 
-75 -82 -84 -71 -80 
-71 -74 -69 -61 -77 
-72 -83 -80 -63 -78 
-74 -68 -70 -76 -78 
-73 -71 -79 -71 -76 
-76 -68 -67 -62 -77 
-71 -72 -84 -82 -78 
-76 -82 -81 -61 -77 
-76 -76 -84 -63 -78 
-73 -69 -69 -62 -77 
-74 -68 -84 -63 -78 
-72 -68 -83 -62 -77 
-74 -71 -83 -64 -78 
-74 -75 -82 -84 -77 
-76 -69 -75 -72 -77 
-77 -86 -82 -63 -76 
-76 -69 -84 -65 -78 
-71 -85 -82 -62 -78 
-73 -76 -72 -63 -78 
-76 -85 -83 -63 -77 
-71 -76 -68 -62 -78 
-73 -69 -76 -64 -76 
-72 -76 -83 -64 -78 
-74 -76 -85 -64 -78 
-77 -85 -83 -63 -75 
-71 -67 -83 -73 -78 
-75 -75 -76 -65 -77 
-77 -76 -67 -62 -77 
-73 -68 -74 -72 -77 
-71 -69 -83 -72 -76 
-74 -68 -69 -72 -77 
-71 -67 -80 -65 -76 
-77 -76 -67 -73 -78 
-77 -85 -85 -81 -77 
-75 -76 -67 -63 -78 
-76 -76 -83 -64 -77 
-75 -68 -67 -63 -78 
-71 -72 -83 -64 -77 
-77 -84 -84 -80 -77 
-74 -68 -82 -69 -76 
-77 -80 -82 -64 -74 
-71 -68 -69 -79 -78 
-71 -72 -83 -71 -77 
-76 -71 -75 -78 -78 
-67 -67 -68 -71 -77 
-73 -75 -69 -70 -78 
-73 -73 -75 -70 -75 
-73 -77 -69 -69 -73 
-73 -75 -69 -68 -79 
-72 -86 -69 -68 -78 
-72 -73 -82 -62 -76 
-72 -70 -82 -63 -77 
-75 -75 -75 -63 -80 
-72 -73 -70 -69 -78 
-74 -78 -70 -66 -76 
-73 -79 -82 -62 -81 
-74 -86 -81 -67 -78 
-75 -82 -81 -64 -77 
-75 -75 -78 -78 -75 
-72 -83 -77 -62 -80 
-74 -76 -77 -62 -76 
-69 -77 -85 -77 -83 
-78 -75 -78 -68 -75 
-81 -73 -74 -73 -74 
-79 -82 -85 -62 -73 
-69 -69 -68 -81 -75 
-77 -76 -77 -63 -76 
-77 -78 -76 -74 -76 
-74 -73 -79 -73 -79 
-71 -81 -82 -61 -80 
-73 -70 -74 -61 -79 