337 4
-71 -65 -83 -70 -70 
-71 -66 -66 -71 -80 
-70 -64 -77 -65 -68 
-71 -69 -66 -68 -76 
-72 -65 -79 -66 -68 
-71 -69 -65 -71 -76 
-72 -66 -72 -74 -71 
-70 -65 -82 -67 -68 
-71 -67 -83 -73 -76 
-71 -68 -78 -70 -69 
-71 -69 -79 -75 -68 
-71 -65 -78 -73 -69 
-70 -65 -80 -72 -78 
-69 -71 -64 -65 -68 
-70 -65 -78 -77 -75 
-69 -65 -65 -72 -69 
-70 -71 -78 -75 -66 
-71 -66 -72 -70 -70 
-69 -64 -77 -82 -70 
-70 -66 -65 -67 -75 
-70 -65 -79 -77 -70 
-69 -70 -65 -68 -70 
-71 -69 -78 -69 -67 
-70 -65 -80 -69 -74 
-70 -71 -65 -65 -66 
-71 -65 -76 -66 -76 
-70 -68 -66 -66 -69 
-71 -69 -78 -72 -67 
-69 -69 -83 -70 -70 
-70 -67 -65 -66 -73 
-71 -65 -66 -75 -72 
-71 -68 -78 -68 -69 
-70 -66 -81 -69 -72 
-70 -65 -65 -71 -76 
-71 -67 -79 -67 -68 
-69 -67 -66 -72 -77 
-69 -65 -79 -79 -69 
-70 -67 -80 -67 -68 
-71 -65 -65 -79 -77 
-70 -66 -80 -71 -69 
-70 -66 -65 -75 -71 
-70 -65 -73 -74 -70 
-71 -64 -65 -74 -68 
-71 -64 -74 -68 -78 
-71 -66 -72 -67 -68 
-72 -65 -79 -67 -68 
-71 -68 -66 -67 -78 
-70 -65 -78 -70 -67 
-73 -71 -81 -64 -76 
-73 -68 -85 -71 -67 
-71 -66 -65 -69 -69 
-72 -70 -75 -76 -74 
-70 -71 -73 -66 -74 
-72 -65 -79 -69 -69 
-72 -67 -76 -66 -71 
-71 -71 -75 -67 -75 
-72 -67 -77 -66 -68 
-72 -66 -74 -67 -69 
-69 -67 -76 -66 -68 
-71 -71 -74 -66 -69 
-70 -66 -64 -69 -67 
-72 -71 -70 -73 -68 
-71 -68 -65 -73 -73 
-71 -68 -76 -66 -69 
-69 -68 -71 -69 -68 
-72 -67 -71 -66 -68 
-71 -68 -71 -66 -73 
-70 -71 -66 -74 -78 
-71 -67 -77 -66 -69 
-71 -66 -66 -74 -77 
-70 -67 -76 -66 -69 
-72 -67 -71 -66 -68 
-72 -65 -77 -66 -69 
-70 -66 -66 -66 -69 
-72 -65 -76 -66 -76 
-72 -71 -66 -66 -68 
-72 -65 -77 -76 -77 
-71 -71 -66 -76 -69 
-71 -68 -72 -76 -69 
-71 -67 -76 -75 -66 
-70 -71 -66 -68 -69 
-72 -65 -75 -66 -68 
-70 -65 -71 -66 -69 
-70 -67 -77 -74 -78 
-72 -71 -76 -66 -68 
-72 -67 -77 -73 -78 
-72 -66 -77 -66 -73 
-71 -66 -71 -66 -69 
-72 -71 -77 -65 -70 
-71 -68 -66 -69 -70 
-69 -68 -77 -66 -73 
-70 -65 -66 -66 -78 
-72 -71 -78 -66 -70 
-69 -65 -66 -74 -78 
-72 -68 -76 -74 -72 
-71 -68 -75 -75 -73 
-70 -68 -76 -72 -72 
-71 -68 -76 -72 -74 
-70 -71 -77 -65 -68 
-70 -65 -75 -74 -79 
-71 -67 -77 -66 -70 
-72 -65 -77 -72 -78 
-69 -70 -80 -68 -68 
-74 -64 -77 -66 -76 
-74 -66 -81 -74 -69 
-70 -64 -66 -65 -76 
-71 -64 -72 -67 -68 
-72 -69 -72 -66 -72 
-71 -66 -66 -69 -72 
-74 -65 -76 -67 -68 
-72 -71 -78 -67 -76 
-71 -66 -66 -74 -68 
-71 -72 -82 -68 -76 
-70 -68 -76 -70 -72 
-71 -67 -80 -73 -74 
-71 -65 -66 -74 -70 
-70 -65 -72 -79 -75 
-70 -67 -71 -75 -71 
-69 -68 -72 -76 -67 
-71 -71 -81 -72 -75 
-71 -67 -66 -71 -68 
-70 -67 -78 -68 -70 
-71 -68 -77 -70 -69 
-69 -66 -71 -68 -75 
-69 -65 -75 -76 -68 
-70 -70 -65 -67 -67 
-67 -66 -80 -73 -67 
-70 -67 -78 -83 -77 
-71 -66 -66 -69 -67 
-71 -73 -78 -68 -75 
-69 -67 -66 -66 -68 
-69 -69 -77 -69 -68 
-70 -65 -66 -64 -68 
-71 -65 -66 -72 -71 
-70 -69 -78 -75 -71 
-69 -66 -76 -72 -75 
-70 -67 -66 -71 -71 
-71 -68 -80 -76 -75 
-70 -66 -77 -76 -68 
-70 -67 -77 -74 -72 
-69 -68 -66 -71 -77 
-69 -67 -78 -74 -69 
-71 -67 -78 -68 -68 
-69 -70 -66 -80 -76 
-71 -65 -77 -66 -68 
-69 -70 -66 -81 -69 
-71 -65 -77 -70 -76 
-69 -70 -79 -66 -69 
-69 -65 -79 -68 -68 
-70 -68 -66 -81 -67 
-71 -66 -78 -82 -71 
-70 -65 -65 -72 -68 
-71 -65 -73 -68 -68 
-72 -71 -80 -66 -68 
-70 -65 -80 -69 -68 
-71 -68 -80 -66 -68 
-70 -67 -80 -69 -68 
-70 -66 -65 -68 -74 
-70 -67 -79 -74 -68 
-71 -65 -65 -65 -69 
-69 -69 -75 -71 -72 
-70 -65 -65 -70 -69 
-69 -68 -77 -66 -68 
-69 -65 -79 -69 -69 
-69 -67 -79 -65 -68 
-70 -65 -79 -67 -75 
-70 -68 -73 -65 -72 
-70 -69 -72 -65 -72 
-70 -69 -75 -68 -75 
-70 -68 -72 -70 -68 
-69 -71 -80 -66 -69 
-70 -65 -79 -66 -75 
-70 -68 -77 -71 -75 
-70 -67 -80 -67 -75 
-71 -69 -75 -77 -67 
-71 -65 -79 -66 -75 
-71 -66 -64 -65 -69 
-70 -65 -72 -70 -68 
-69 -66 -80 -77 -75 
-71 -65 -71 -77 -69 
-70 -66 -72 -65 -68 
-70 -64 -80 -71 -71 
-71 -67 -74 -67 -69 
-69 -68 -70 -73 -69 
-70 -66 -75 -76 -70 
-71 -68 -71 -65 -66 
-69 -68 -66 -69 -69 
-70 -70 -71 -71 -70 
-70 -65 -70 -71 -68 
-70 -70 -75 -77 -75 
-70 -68 -77 -66 -68 
-70 -67 -80 -73 -71 
-71 -68 -75 -66 -75 
-70 -71 -66 -69 -68 
-71 -68 -80 -66 -75 
-69 -71 -66 -69 -68 
-71 -68 -76 -65 -75 
-70 -71 -66 -78 -68 
-71 -65 -80 -66 -75 
-69 -71 -71 -78 -68 
-71 -71 -80 -67 -68 
-70 -68 -74 -71 -68 
-70 -71 -76 -66 -75 
-71 -65 -80 -68 -68 
-70 -71 -81 -78 -75 
-69 -69 -66 -73 -68 
-69 -68 -70 -72 -70 
-71 -68 -71 -70 -69 
-69 -68 -76 -66 -75 
-70 -71 -66 -77 -68 
-71 -68 -79 -78 -75 
-70 -65 -66 -78 -71 
-69 -66 -78 -67 -71 
-71 -68 -76 -71 -67 
-69 -68 -73 -67 -67 
-71 -71 -81 -69 -75 
-70 -68 -76 -69 -68 
-69 -68 -75 -77 -68 
-69 -68 -75 -70 -71 
-70 -65 -79 -68 -69 
-69 -69 -80 -71 -71 
-69 -71 -81 -70 -71 
-70 -68 -76 -77 -71 
-71 -68 -66 -66 -68 
-70 -68 -78 -77 -69 
-70 -68 -71 -66 -68 
-69 -71 -76 -77 -69 
-69 -65 -66 -66 -75 
-70 -68 -76 -75 -69 
-69 -65 -66 -77 -68 
-71 -68 -76 -68 -69 
-69 -68 -66 -66 -75 
-71 -65 -81 -72 -68 
-70 -68 -75 -69 -69 
-71 -71 -66 -77 -68 
-70 -65 -75 -66 -75 
-71 -71 -66 -77 -68 
-67 -68 -70 -68 -74 
-71 -71 -78 -66 -68 
-69 -68 -66 -78 -75 
-71 -71 -80 -66 -68 
-70 -71 -69 -73 -68 
-70 -68 -80 -72 -68 
-70 -66 -81 -77 -68 
-69 -68 -66 -68 -69 
-70 -64 -76 -67 -69 
-69 -71 -66 -66 -67 
-67 -69 -74 -67 -71 
-70 -65 -75 -77 -75 
-69 -69 -71 -71 -70 
-69 -69 -81 -66 -69 
-70 -66 -81 -77 -69 
-69 -65 -71 -69 -75 
-71 -68 -76 -66 -68 
-70 -67 -79 -68 -75 
-69 -71 -81 -66 -69 
-71 -68 -71 -67 -75 
-69 -71 -78 -67 -71 
-70 -65 -81 -66 -71 
-67 -68 -75 -71 -69 
-69 -65 -66 -73 -69 
-69 -69 -73 -77 -69 
-71 -66 -73 -66 -68 
-69 -67 -66 -67 -75 
-69 -72 -79 -68 -68 
-70 -68 -66 -66 -75 
-71 -65 -80 -66 -68 
-70 -68 -66 -67 -68 
-71 -64 -81 -68 -68 
-69 -68 -66 -70 -70 
-69 -65 -76 -72 -68 
-70 -68 -76 -70 -72 
-70 -65 -80 -76 -68 
-70 -66 -79 -72 -71 
-71 -66 -75 -69 -75 
-69 -68 -80 -67 -68 
-69 -71 -75 -67 -71 
-70 -66 -66 -67 -75 
-69 -67 -66 -72 -68 
-69 -67 -81 -67 -69 
-70 -71 -66 -66 -71 
-69 -68 -71 -70 -71 
-71 -68 -81 -77 -75 
-71 -69 -73 -66 -71 
-70 -71 -66 -68 -69 
-69 -68 -76 -71 -75 
-69 -65 -66 -66 -75 
-71 -71 -76 -76 -68 
-70 -65 -66 -66 -75 
-71 -71 -75 -68 -69 
-69 -68 -66 -66 -66 
-71 -71 -76 -67 -69 
-70 -66 -71 -68 -69 
-70 -64 -66 -72 -75 
-71 -68 -76 -66 -67 
-70 -67 -74 -67 -68 
-71 -65 -81 -69 -75 
-69 -71 -75 -66 -68 
-69 -68 -75 -66 -71 
-69 -68 -77 -72 -68 
-70 -68 -79 -77 -71 
-67 -69 -66 -75 -75 
-71 -66 -75 -68 -68 
-70 -72 -73 -67 -68 
-71 -67 -65 -71 -69 
-71 -72 -76 -67 -68 
-70 -65 -66 -78 -70 
-71 -70 -78 -65 -67 
-71 -68 -71 -68 -75 
-69 -65 -66 -81 -69 
-70 -68 -66 -70 -67 
-70 -71 -80 -85 -67 
-70 -72 -71 -70 -67 
-71 -65 -66 -66 -70 
-70 -67 -78 -73 -71 
-69 -67 -65 -69 -68 
-72 -65 -79 -75 -69 
-69 -70 -64 -74 -68 
-71 -65 -79 -75 -72 
-70 -65 -78 -69 -68 
-69 -66 -73 -73 -68 
-70 -65 -77 -64 -70 
-69 -66 -80 -65 -69 
-70 -68 -83 -73 -72 
-71 -67 -80 -70 -71 
-72 -67 -65 -69 -77 
-71 -65 -82 -70 -68 
-70 -68 -65 -68 -68 
-70 -65 -77 -66 -69 
-71 -66 -75 -69 -68 
-72 -67 -71 -66 -72 
-74 -65 -66 -67 -73 
-68 -68 -74 -65 -76 
-71 -64 -83 -66 -68 
-70 -64 -63 -67 -73 
-72 -71 -81 -65 -70 
-69 -66 -67 -68 -68 