297 5
-76 -74 -65 -75 -76 
-62 -69 -69 -76 -68 
-70 -75 -65 -74 -72 
-74 -75 -69 -63 -71 
-69 -74 -67 -63 -70 
-66 -69 -66 -76 -74 
-64 -81 -68 -73 -76 
-68 -74 -66 -76 -69 
-76 -71 -68 -76 -73 
-68 -80 -67 -63 -67 
-62 -81 -71 -63 -76 
-71 -75 -68 -62 -76 
-76 -69 -69 -68 -68 
-63 -75 -68 -76 -71 
-76 -67 -68 -76 -76 
-76 -77 -68 -69 -74 
-68 -69 -66 -62 -76 
-63 -69 -66 -69 -73 
-62 -81 -71 -74 -71 
-68 -69 -65 -63 -69 
-74 -69 -71 -63 -76 
-76 -81 -70 -63 -69 
-76 -69 -68 -63 -71 
-63 -81 -65 -63 -72 
-69 -81 -68 -62 -71 
-70 -78 -68 -66 -69 
-76 -74 -66 -63 -68 
-62 -69 -66 -62 -71 
-68 -74 -69 -63 -69 
-76 -81 -68 -63 -71 
-65 -69 -65 -63 -67 
-76 -69 -68 -68 -71 
-76 -81 -67 -62 -71 
-67 -81 -66 -62 -73 
-76 -69 -70 -61 -76 
-68 -75 -67 -63 -76 
-62 -75 -70 -62 -71 
-76 -78 -70 -63 -75 
-62 -69 -68 -62 -71 
-68 -80 -71 -76 -75 
-64 -69 -67 -76 -71 
-62 -81 -71 -63 -71 
-65 -75 -71 -74 -68 
-63 -69 -66 -62 -76 
-76 -81 -71 -74 -69 
-64 -72 -68 -63 -70 
-69 -74 -70 -62 -72 
-74 -75 -68 -69 -71 
-62 -81 -68 -62 -68 
-68 -69 -68 -62 -69 
-62 -75 -71 -63 -75 
-68 -82 -68 -69 -71 
-62 -75 -67 -62 -73 
-74 -75 -68 -70 -70 
-68 -73 -68 -67 -71 
-70 -67 -66 -70 -67 
-69 -78 -66 -63 -71 
-63 -75 -69 -63 -68 
-70 -71 -68 -63 -71 
-66 -78 -66 -69 -68 
-62 -76 -66 -63 -71 
-68 -73 -67 -69 -74 
-63 -81 -70 -62 -71 
-74 -73 -66 -63 -71 
-74 -75 -67 -76 -69 
-68 -69 -68 -76 -71 
-77 -75 -66 -63 -68 
-62 -69 -68 -62 -73 
-70 -75 -70 -65 -70 
-72 -75 -66 -76 -69 
-70 -75 -67 -69 -68 
-74 -81 -71 -62 -68 
-62 -73 -66 -62 -71 
-68 -69 -70 -63 -68 
-68 -75 -68 -62 -67 
-62 -73 -68 -63 -71 
-63 -80 -65 -63 -71 
-65 -74 -68 -63 -71 
-68 -75 -66 -76 -71 
-65 -80 -69 -68 -68 
-63 -75 -66 -62 -71 
-68 -75 -69 -69 -68 
-63 -70 -70 -76 -76 
-68 -75 -70 -69 -73 
-75 -69 -68 -63 -71 
-62 -69 -70 -62 -73 
-65 -73 -67 -63 -75 
-62 -69 -70 -63 -68 
-65 -73 -66 -63 -75 
-68 -69 -66 -76 -72 
-65 -75 -67 -62 -71 
-68 -75 -67 -67 -71 
-62 -79 -66 -76 -69 
-76 -75 -66 -63 -69 
-62 -81 -66 -62 -70 
-77 -69 -66 -64 -68 
-68 -81 -66 -63 -76 
-76 -78 -70 -63 -75 
-69 -71 -67 -63 -66 
-63 -75 -66 -67 -68 
-62 -69 -66 -63 -75 
-66 -74 -68 -63 -68 
-62 -67 -66 -62 -71 
-76 -75 -68 -76 -69 
-62 -72 -66 -67 -69 
-76 -75 -66 -63 -71 
-62 -81 -66 -63 -75 
-68 -75 -66 -63 -69 
-68 -81 -70 -74 -71 
-62 -73 -68 -63 -71 
-62 -74 -66 -68 -68 
-68 -69 -66 -76 -75 
-62 -75 -68 -63 -71 
-68 -80 -68 -75 -72 
-76 -68 -69 -63 -76 
-68 -81 -68 -63 -71 
-76 -75 -65 -76 -73 
-66 -80 -66 -63 -71 
-76 -75 -66 -63 -74 
-62 -75 -66 -74 -71 
-76 -80 -66 -63 -68 
-62 -73 -68 -76 -70 
-62 -80 -70 -63 -76 
-65 -80 -70 -69 -71 
-65 -75 -68 -63 -76 
-76 -75 -68 -62 -76 
-69 -75 -67 -63 -72 
-77 -74 -68 -70 -72 
-68 -77 -66 -76 -71 
-63 -69 -66 -63 -76 
-68 -73 -68 -61 -70 
-62 -69 -68 -76 -76 
-64 -69 -68 -62 -71 
-65 -75 -68 -63 -73 
-63 -69 -68 -63 -76 
-76 -75 -66 -63 -71 
-65 -69 -70 -62 -73 
-69 -77 -68 -66 -68 
-68 -75 -66 -74 -70 
-62 -81 -67 -63 -69 
-64 -74 -66 -62 -75 
-68 -69 -65 -63 -71 
-70 -73 -67 -69 -76 
-62 -75 -68 -76 -71 
-64 -77 -69 -67 -71 
-65 -69 -70 -76 -73 
-71 -72 -70 -76 -73 
-62 -81 -65 -63 -71 
-74 -80 -70 -63 -74 
-74 -72 -67 -67 -71 
-63 -81 -70 -63 -68 
-76 -67 -66 -61 -76 
-70 -75 -70 -69 -73 
-64 -72 -70 -62 -70 
-66 -75 -66 -62 -75 
-65 -71 -66 -69 -68 
-71 -73 -69 -62 -68 
-70 -72 -67 -63 -69 
-74 -75 -68 -69 -76 
-62 -76 -68 -63 -70 
-65 -76 -66 -69 -76 
-69 -69 -66 -64 -68 
-66 -76 -66 -62 -76 
-64 -76 -68 -63 -71 
-68 -81 -70 -63 -68 
-62 -69 -70 -63 -70 
-68 -81 -67 -63 -68 
-65 -77 -67 -63 -72 
-63 -74 -70 -61 -69 
-72 -74 -67 -75 -68 
-69 -73 -67 -63 -76 
-62 -81 -69 -63 -71 
-66 -81 -66 -72 -71 
-65 -70 -66 -77 -70 
-75 -77 -71 -61 -75 
-64 -70 -68 -72 -70 
-73 -71 -68 -68 -73 
-65 -74 -68 -70 -69 
-63 -78 -67 -65 -70 
-69 -74 -68 -77 -74 
-65 -74 -68 -73 -71 
-63 -70 -69 -63 -72 
-68 -79 -71 -61 -71 
-68 -69 -69 -70 -76 
-68 -74 -67 -63 -69 
-76 -70 -67 -61 -69 
-83 -75 -66 -75 -78 
-63 -67 -70 -62 -70 
-65 -73 -67 -63 -71 
-70 -80 -68 -83 -68 
-75 -83 -67 -61 -70 
-76 -71 -72 -63 -70 
-62 -76 -70 -66 -70 
-76 -74 -68 -66 -69 
-64 -79 -74 -69 -70 
-69 -77 -73 -70 -68 
-76 -74 -67 -65 -74 
-84 -73 -66 -71 -73 
-69 -73 -69 -66 -73 
-75 -79 -69 -70 -74 
-79 -70 -66 -71 -70 
-63 -75 -70 -72 -73 
-75 -68 -69 -66 -78 
-62 -77 -71 -68 -69 
-81 -69 -68 -65 -78 
-62 -77 -67 -68 -70 
-62 -75 -69 -70 -68 
-68 -74 -69 -66 -68 
-64 -80 -68 -66 -77 
-72 -79 -71 -73 -69 
-68 -71 -68 -66 -67 
-64 -74 -69 -69 -71 
-65 -74 -68 -69 -72 
-63 -79 -71 -68 -78 
-68 -69 -69 -67 -67 
-63 -77 -69 -70 -69 
-71 -69 -70 -66 -69 
-66 -75 -69 -67 -74 
-71 -74 -69 -66 -70 
-74 -75 -68 -67 -75 
-66 -72 -67 -69 -74 
-64 -75 -69 -68 -69 
-75 -75 -71 -69 -74 
-75 -79 -69 -66 -67 
-67 -71 -71 -68 -70 
-63 -75 -69 -69 -77 
-67 -75 -69 -69 -67 
-68 -73 -68 -68 -72 
-75 -76 -71 -68 -78 
-62 -69 -68 -66 -70 
-66 -77 -69 -71 -79 
-71 -72 -70 -69 -73 
-62 -78 -68 -69 -69 
-78 -75 -67 -68 -73 
-76 -75 -67 -74 -68 
-63 -79 -69 -67 -69 
-68 -77 -67 -65 -70 
-74 -79 -68 -74 -75 
-83 -73 -70 -70 -71 
-77 -74 -67 -69 -70 
-67 -75 -69 -68 -71 
-67 -79 -68 -67 -72 
-64 -82 -69 -68 -68 
-66 -77 -68 -68 -70 
-68 -72 -68 -69 -70 
-80 -80 -67 -67 -72 
-85 -73 -69 -69 -72 
-63 -76 -69 -67 -71 
-64 -69 -67 -70 -67 
-67 -73 -68 -69 -71 
-83 -80 -69 -69 -73 
-68 -71 -71 -68 -70 
-72 -75 -68 -69 -73 
-64 -71 -68 -66 -69 
-66 -71 -67 -65 -72 
-68 -68 -66 -72 -74 
-81 -78 -66 -64 -72 
-67 -68 -69 -67 -69 
-78 -81 -67 -66 -68 
-79 -72 -67 -67 -71 
-67 -73 -68 -66 -71 
-65 -74 -68 -67 -75 
-69 -68 -66 -63 -68 
-63 -79 -66 -63 -71 
-72 -72 -75 -60 -74 
-65 -77 -67 -62 -68 
-66 -75 -70 -68 -71 
-84 -66 -68 -63 -67 
-76 -73 -69 -66 -67 
-62 -78 -65 -63 -70 
-80 -70 -69 -74 -82 
-65 -79 -69 -63 -72 
-65 -69 -69 -63 -66 
-67 -71 -68 -69 -76 
-69 -84 -65 -62 -68 
-69 -75 -65 -69 -73 
-71 -86 -67 -61 -73 
-69 -73 -64 -75 -70 
-71 -74 -66 -70 -75 
-75 -81 -65 -60 -76 
-72 -72 -63 -65 -80 
-73 -68 -68 -64 -71 
-70 -81 -64 -61 -76 
-69 -68 -66 -63 -69 
-68 -70 -63 -68 -71 
-68 -68 -64 -59 -70 
-67 -70 -62 -61 -70 
-68 -78 -67 -59 -70 
-67 -68 -64 -70 -68 
-70 -72 -68 -66 -69 
-68 -69 -68 -66 -71 
-69 -74 -67 -63 -73 
-71 -83 -67 -64 -74 
-71 -79 -65 -62 -73 
-70 -72 -65 -66 -71 
-70 -80 -65 -62 -72 
-70 -78 -66 -78 -71 