345 6
-69 -79 -74 -63 -69 
-67 -69 -72 -77 -69 
-70 -76 -67 -63 -68 
-67 -75 -72 -68 -60 
-66 -74 -71 -62 -66 
-66 -73 -69 -60 -67 
-68 -74 -69 -66 -69 
-69 -71 -74 -70 -61 
-68 -72 -73 -66 -69 
-71 -72 -72 -60 -59 
-74 -73 -73 -69 -69 
-69 -75 -64 -64 -68 
-67 -72 -72 -62 -68 
-70 -75 -70 -74 -59 
-69 -72 -71 -62 -69 
-70 -73 -67 -72 -65 
-68 -73 -66 -66 -69 
-70 -70 -72 -66 -68 
-67 -70 -72 -72 -66 
-67 -73 -66 -70 -62 
-67 -73 -67 -70 -68 
-69 -71 -73 -71 -69 
-68 -72 -68 -72 -64 
-67 -72 -69 -70 -69 
-72 -75 -72 -71 -65 
-70 -76 -69 -71 -60 
-70 -75 -72 -70 -69 
-67 -76 -67 -60 -69 
-67 -75 -72 -74 -69 
-67 -75 -72 -60 -69 
-67 -76 -65 -69 -69 
-70 -75 -72 -60 -62 
-72 -76 -73 -69 -69 
-70 -72 -71 -68 -69 
-68 -72 -69 -65 -64 
-66 -72 -71 -74 -59 
-70 -77 -73 -73 -59 
-67 -75 -67 -62 -69 
-70 -76 -72 -74 -61 
-66 -70 -69 -62 -69 
-66 -76 -71 -69 -65 
-68 -75 -72 -74 -69 
-69 -77 -69 -60 -61 
-71 -76 -67 -69 -69 
-66 -72 -73 -61 -69 
-72 -77 -66 -70 -69 
-68 -73 -72 -62 -68 
-68 -72 -67 -67 -65 
-66 -77 -72 -74 -69 
-72 -75 -73 -69 -61 
-72 -76 -69 -75 -68 
-70 -75 -71 -73 -69 
-66 -77 -73 -62 -69 
-68 -75 -71 -75 -61 
-67 -77 -73 -69 -68 
-70 -72 -71 -59 -69 
-66 -75 -72 -69 -69 
-70 -77 -71 -62 -69 
-72 -75 -70 -62 -59 
-66 -76 -67 -75 -69 
-72 -74 -72 -68 -60 
-66 -77 -72 -62 -69 
-66 -76 -69 -69 -65 
-66 -70 -73 -75 -69 
-72 -77 -67 -69 -68 
-70 -73 -71 -75 -69 
-66 -77 -67 -59 -59 
-70 -75 -71 -75 -69 
-66 -77 -67 -67 -69 
-70 -74 -69 -74 -69 
-66 -74 -73 -62 -61 
-70 -76 -72 -68 -66 
-70 -74 -72 -71 -69 
-72 -75 -72 -62 -61 
-68 -70 -65 -62 -65 
-72 -75 -71 -62 -59 
-66 -72 -65 -60 -61 
-68 -74 -69 -70 -61 
-70 -77 -71 -75 -69 
-66 -75 -70 -68 -65 
-68 -77 -73 -69 -65 
-70 -75 -69 -74 -69 
-67 -77 -67 -69 -69 
-67 -75 -72 -75 -69 
-66 -76 -67 -62 -69 
-68 -75 -72 -73 -60 
-68 -76 -70 -68 -59 
-71 -75 -72 -71 -59 
-72 -71 -72 -67 -69 
-67 -77 -66 -68 -68 
-68 -77 -69 -68 -64 
-71 -75 -68 -74 -69 
-66 -77 -71 -69 -69 
-72 -72 -67 -71 -69 
-72 -77 -69 -60 -65 
-67 -77 -72 -64 -68 
-69 -72 -72 -60 -69 
-70 -77 -73 -75 -69 
-66 -75 -72 -62 -64 
-72 -72 -73 -74 -69 
-66 -74 -71 -62 -66 
-70 -74 -66 -69 -61 
-67 -74 -73 -71 -61 
-71 -75 -71 -69 -60 
-71 -73 -73 -71 -61 
-72 -75 -69 -75 -60 
-69 -71 -71 -65 -59 
-72 -75 -65 -60 -61 
-68 -74 -68 -74 -65 
-66 -77 -66 -67 -69 
-70 -75 -73 -68 -60 
-67 -72 -67 -67 -69 
-66 -75 -67 -71 -69 
-72 -72 -67 -71 -65 
-72 -75 -72 -62 -68 
-70 -76 -71 -62 -61 
-72 -70 -72 -75 -61 
-72 -75 -71 -60 -69 
-68 -73 -73 -66 -66 
-70 -76 -71 -62 -67 
-72 -73 -67 -69 -65 
-66 -72 -66 -68 -69 
-70 -77 -72 -69 -69 
-72 -72 -71 -73 -69 
-66 -77 -67 -62 -69 
-70 -75 -71 -75 -69 
-66 -75 -65 -67 -69 
-67 -76 -72 -74 -61 
-69 -72 -67 -64 -61 
-72 -74 -71 -69 -69 
-66 -73 -71 -69 -68 
-69 -75 -67 -62 -61 
-71 -73 -69 -71 -61 
-72 -70 -71 -74 -69 
-66 -70 -65 -74 -61 
-70 -75 -65 -60 -69 
-68 -71 -71 -74 -61 
-71 -72 -72 -66 -65 
-68 -72 -69 -71 -64 
-70 -76 -67 -74 -69 
-72 -72 -72 -62 -60 
-69 -75 -69 -62 -60 
-70 -72 -67 -73 -69 
-68 -77 -66 -65 -69 
-68 -74 -71 -68 -69 
-72 -70 -72 -69 -69 
-66 -76 -71 -74 -69 
-68 -74 -68 -71 -69 
-66 -77 -64 -69 -61 
-70 -77 -69 -71 -60 
-66 -75 -72 -75 -69 
-70 -72 -67 -62 -61 
-69 -75 -72 -68 -65 
-70 -77 -71 -62 -69 
-66 -72 -70 -69 -66 
-72 -76 -71 -62 -68 
-66 -72 -65 -62 -69 
-71 -77 -71 -74 -61 
-69 -74 -71 -69 -69 
-70 -74 -67 -64 -66 
-66 -74 -67 -62 -61 
-70 -75 -67 -69 -61 
-72 -70 -72 -74 -68 
-70 -75 -72 -69 -69 
-69 -77 -72 -70 -63 
-68 -74 -71 -69 -62 
-68 -73 -68 -68 -69 
-70 -71 -66 -70 -69 
-70 -70 -69 -66 -66 
-68 -71 -74 -69 -68 
-68 -74 -74 -67 -66 
-69 -73 -69 -73 -62 
-70 -73 -72 -60 -60 
-69 -72 -73 -73 -65 
-68 -74 -72 -63 -69 
-72 -73 -71 -66 -60 
-71 -71 -72 -62 -69 
-69 -72 -69 -62 -64 
-71 -74 -67 -62 -62 
-71 -72 -70 -72 -65 
-70 -73 -71 -66 -65 
-68 -74 -71 -69 -68 
-71 -73 -73 -71 -68 
-74 -72 -72 -72 -68 
-71 -76 -68 -71 -64 
-67 -72 -68 -72 -69 
-70 -75 -72 -62 -69 
-67 -73 -67 -71 -69 
-74 -75 -71 -62 -71 
-69 -78 -68 -63 -65 
-68 -72 -68 -66 -72 
-68 -73 -69 -59 -62 
-72 -77 -71 -71 -69 
-72 -74 -63 -70 -71 
-68 -73 -74 -74 -66 
-73 -74 -69 -70 -69 
-71 -72 -68 -70 -62 
-73 -74 -67 -71 -64 
-72 -79 -76 -63 -69 
-65 -76 -68 -67 -70 
-72 -73 -73 -62 -66 
-65 -73 -67 -71 -70 
-68 -75 -68 -72 -68 
-69 -73 -74 -69 -62 
-68 -73 -67 -69 -65 
-71 -69 -70 -62 -70 
-70 -72 -75 -70 -59 
-69 -76 -70 -68 -61 
-68 -79 -71 -69 -63 
-71 -70 -73 -73 -67 
-71 -73 -73 -76 -70 
-65 -78 -66 -63 -65 
-72 -75 -80 -74 -68 
-75 -75 -68 -66 -64 
-71 -77 -65 -63 -59 
-69 -73 -71 -70 -68 
-66 -74 -64 -60 -69 
-68 -72 -65 -76 -65 
-72 -72 -71 -68 -62 
-70 -79 -67 -78 -62 
-68 -74 -72 -70 -62 
-71 -73 -71 -72 -67 
-71 -69 -74 -60 -62 
-71 -80 -75 -71 -61 
-67 -77 -73 -72 -61 
-71 -78 -72 -74 -67 
-65 -79 -75 -73 -68 
-71 -71 -67 -60 -62 
-69 -77 -73 -62 -64 
-71 -70 -69 -71 -63 
-66 -71 -71 -62 -63 
-72 -74 -68 -67 -67 
-71 -75 -75 -72 -68 
-67 -73 -74 -59 -61 
-68 -75 -69 -69 -68 
-72 -71 -64 -74 -73 
-64 -72 -71 -61 -66 
-74 -78 -65 -76 -66 
-64 -71 -78 -70 -68 
-72 -76 -73 -69 -66 
-84 -74 -79 -60 -71 
-73 -75 -70 -71 -65 
-67 -76 -76 -72 -66 
-69 -70 -74 -69 -65 
-85 -79 -81 -78 -61 
-67 -73 -73 -66 -66 
-73 -70 -77 -64 -65 
-66 -76 -72 -67 -67 
-69 -73 -70 -69 -71 
-70 -76 -72 -68 -66 
-71 -68 -67 -71 -61 
-71 -78 -74 -64 -69 
-73 -68 -70 -77 -60 
-73 -70 -65 -73 -69 
-72 -67 -72 -66 -62 
-69 -74 -71 -70 -67 
-74 -86 -70 -70 -65 
-74 -84 -72 -65 -67 
-68 -72 -66 -69 -71 
-70 -86 -71 -67 -70 
-73 -80 -64 -70 -74 
-71 -82 -67 -66 -66 
-70 -79 -65 -71 -73 
-74 -76 -66 -62 -77 
-70 -81 -71 -66 -73 
-71 -82 -66 -71 -72 
-71 -72 -72 -61 -69 
-71 -81 -69 -67 -69 
-73 -74 -72 -68 -78 
-73 -77 -70 -65 -74 
-67 -73 -73 -79 -77 
-69 -74 -68 -63 -75 
-68 -79 -68 -72 -77 
-66 -85 -72 -66 -72 
-69 -73 -70 -63 -74 
-69 -75 -68 -73 -75 
-66 -72 -70 -68 -72 
-70 -76 -70 -77 -73 
-68 -74 -73 -65 -79 
-70 -82 -70 -72 -70 
-70 -78 -71 -78 -68 
-68 -79 -74 -70 -82 
-69 -77 -71 -75 -67 
-69 -79 -73 -68 -78 
-67 -77 -71 -78 -62 
-69 -78 -69 -72 -63 
-67 -74 -68 -68 -71 
-71 -78 -72 -70 -68 
-67 -77 -70 -72 -71 
-78 -77 -71 -72 -63 
-65 -72 -74 -67 -68 
-73 -77 -68 -75 -64 
-70 -71 -74 -74 -68 
-70 -79 -69 -64 -66 
-72 -72 -70 -70 -68 
-70 -74 -76 -72 -68 
-71 -71 -67 -73 -62 
-67 -75 -73 -62 -68 
-70 -78 -69 -70 -68 
-68 -71 -70 -67 -68 
-66 -74 -69 -71 -69 
-70 -71 -71 -64 -62 
-68 -72 -73 -72 -69 
-68 -77 -71 -67 -65 
-69 -76 -71 -67 -70 
-68 -75 -70 -68 -69 
-65 -73 -73 -70 -60 
-69 -76 -70 -70 -71 
-66 -73 -69 -72 -70 
-66 -73 -70 -72 -62 
-67 -73 -71 -72 -68 
-69 -77 -72 -69 -62 
-72 -72 -70 -63 -68 
-72 -75 -71 -61 -70 
-69 -71 -73 -72 -68 
-70 -71 -68 -71 -69 
-66 -74 -73 -72 -60 
-69 -77 -68 -70 -68 
-65 -72 -70 -72 -62 
-72 -72 -70 -70 -61 
-68 -74 -70 -70 -68 
-65 -72 -72 -63 -71 
-69 -76 -70 -70 -66 
-66 -75 -70 -64 -71 
-67 -72 -73 -70 -63 
-65 -77 -70 -64 -71 
-72 -70 -70 -69 -68 
-65 -77 -73 -71 -71 
-69 -77 -70 -72 -69 
-69 -77 -70 -70 -69 
-66 -74 -69 -65 -68 
-66 -74 -68 -67 -61 
-67 -75 -72 -63 -66 
-67 -72 -70 -72 -70 
-69 -70 -71 -67 -67 
-69 -78 -73 -62 -68 
-70 -72 -70 -70 -70 
-69 -77 -70 -61 -68 
-69 -72 -74 -70 -66 
-69 -71 -70 -63 -66 
-67 -77 -68 -72 -68 
-70 -71 -70 -63 -60 
-71 -75 -69 -66 -65 
-73 -70 -75 -79 -64 
-69 -74 -69 -69 -61 