288 7
-69 -68 -69 -67 -81 
-71 -68 -68 -69 -79 
-74 -69 -65 -70 -81 
-72 -74 -68 -69 -76 
-71 -72 -69 -70 -75 
-76 -80 -63 -71 -75 
-74 -67 -69 -67 -81 
-74 -83 -64 -72 -74 
-74 -71 -62 -69 -74 
-74 -68 -64 -70 -77 
-71 -68 -63 -70 -77 
-74 -68 -64 -69 -74 
-68 -67 -64 -69 -75 
-72 -68 -63 -69 -81 
-70 -68 -67 -70 -78 
-75 -69 -68 -70 -76 
-73 -67 -63 -71 -73 
-73 -68 -68 -70 -72 
-72 -68 -63 -72 -74 
-71 -73 -63 -71 -76 
-72 -68 -64 -70 -77 
-69 -68 -65 -69 -73 
-76 -67 -69 -72 -77 
-68 -65 -62 -68 -83 
-68 -82 -66 -70 -78 
-77 -66 -68 -73 -78 
-69 -67 -64 -70 -75 
-76 -67 -69 -72 -74 
-69 -68 -65 -71 -74 
-72 -67 -66 -70 -74 
-74 -68 -67 -71 -77 
-72 -75 -65 -71 -77 
-68 -67 -62 -72 -80 
-71 -68 -69 -71 -79 
-74 -68 -68 -72 -80 
-69 -68 -63 -69 -77 
-69 -76 -64 -71 -72 
-77 -68 -62 -68 -81 
-75 -68 -63 -70 -75 
-72 -68 -63 -71 -72 
-75 -86 -68 -68 -80 
-72 -68 -65 -72 -86 
-75 -84 -64 -68 -74 
-76 -84 -68 -71 -78 
-74 -67 -65 -72 -74 
-73 -74 -64 -72 -77 
-68 -68 -69 -69 -73 
-71 -68 -62 -69 -73 
-77 -70 -69 -69 -76 
-68 -69 -62 -70 -72 
-77 -68 -67 -70 -80 
-68 -68 -69 -72 -81 
-77 -69 -64 -73 -77 
-71 -69 -63 -73 -72 
-74 -66 -64 -71 -75 
-73 -68 -62 -70 -79 
-72 -67 -63 -70 -75 
-72 -68 -67 -71 -82 
-73 -67 -65 -70 -77 
-73 -67 -64 -68 -77 
-72 -81 -63 -72 -78 
-68 -68 -64 -71 -72 
-71 -84 -67 -70 -75 
-76 -68 -63 -70 -73 
-69 -68 -65 -69 -74 
-71 -68 -63 -71 -76 
-68 -67 -62 -71 -77 
-74 -68 -65 -71 -75 
-72 -76 -64 -71 -75 
-72 -67 -63 -71 -76 
-76 -83 -70 -72 -77 
-71 -68 -69 -72 -77 
-72 -68 -64 -73 -77 
-72 -68 -63 -70 -77 
-71 -86 -63 -71 -77 
-69 -67 -62 -71 -79 
-73 -67 -70 -72 -77 
-75 -85 -63 -73 -73 
-69 -67 -62 -71 -79 
-75 -68 -65 -70 -76 
-69 -67 -62 -69 -72 
-77 -68 -65 -68 -81 
-69 -67 -65 -71 -74 
-71 -65 -65 -69 -73 
-77 -67 -65 -69 -77 
-70 -67 -63 -68 -77 
-73 -76 -64 -71 -80 
-69 -67 -64 -73 -74 
-69 -72 -65 -71 -75 
-76 -65 -69 -71 -76 
-69 -67 -69 -72 -77 
-73 -67 -65 -70 -73 
-77 -68 -66 -73 -76 
-72 -76 -68 -70 -73 
-71 -67 -68 -69 -79 
-73 -83 -63 -70 -73 
-73 -67 -65 -71 -75 
-77 -68 -64 -71 -77 
-69 -83 -62 -69 -77 
-69 -83 -63 -70 -76 
-77 -65 -69 -71 -78 
-73 -83 -62 -69 -73 
-77 -71 -63 -70 -77 
-75 -68 -63 -69 -80 
-69 -84 -63 -70 -76 
-77 -68 -64 -71 -73 
-69 -67 -62 -68 -77 
-73 -83 -64 -71 -79 
-69 -67 -62 -69 -77 
-76 -67 -69 -71 -80 
-69 -83 -68 -70 -75 
-69 -67 -62 -69 -73 
-71 -67 -69 -70 -77 
-74 -83 -64 -69 -75 
-69 -67 -69 -71 -77 
-76 -67 -63 -71 -73 
-77 -68 -65 -71 -77 
-75 -68 -63 -71 -76 
-73 -76 -64 -71 -75 
-75 -68 -67 -69 -77 
-72 -75 -63 -69 -73 
-71 -68 -62 -71 -78 
-69 -84 -64 -70 -73 
-76 -68 -66 -71 -76 
-77 -84 -63 -71 -77 
-69 -68 -65 -71 -79 
-76 -83 -64 -69 -77 
-73 -66 -65 -71 -78 
-76 -84 -62 -71 -73 
-69 -67 -64 -69 -75 
-76 -67 -63 -71 -78 
-69 -68 -63 -69 -73 
-73 -67 -64 -71 -73 
-69 -67 -64 -70 -77 
-77 -76 -62 -70 -76 
-69 -67 -69 -69 -73 
-73 -65 -66 -70 -73 
-77 -84 -64 -71 -80 
-71 -67 -66 -69 -77 
-73 -75 -67 -71 -79 
-69 -67 -69 -69 -73 
-76 -67 -65 -69 -78 
-71 -67 -64 -70 -77 
-71 -75 -62 -70 -79 
-69 -68 -67 -71 -74 
-71 -68 -62 -71 -76 
-73 -75 -66 -71 -75 
-73 -74 -65 -71 -75 
-76 -65 -65 -71 -73 
-71 -75 -63 -71 -78 
-71 -67 -63 -71 -75 
-76 -73 -63 -71 -77 
-73 -67 -64 -69 -77 
-77 -84 -62 -71 -80 
-73 -67 -64 -72 -75 
-69 -83 -68 -70 -73 
-73 -67 -64 -70 -77 
-69 -67 -65 -72 -73 
-75 -67 -62 -71 -80 
-73 -67 -65 -72 -73 
-72 -68 -63 -70 -77 
-73 -67 -63 -72 -78 
-69 -67 -66 -71 -77 
-73 -68 -64 -70 -74 
-72 -84 -68 -70 -76 
-76 -67 -69 -71 -73 
-74 -67 -67 -70 -76 
-73 -75 -62 -70 -79 
-73 -67 -65 -72 -77 
-77 -67 -62 -70 -81 
-73 -67 -69 -71 -77 
-69 -75 -69 -70 -76 
-76 -67 -65 -71 -80 
-73 -68 -62 -71 -77 
-71 -84 -69 -70 -79 
-77 -65 -65 -72 -77 
-71 -68 -63 -71 -76 
-71 -68 -65 -70 -78 
-73 -67 -65 -71 -78 
-77 -67 -68 -72 -79 
-75 -75 -69 -71 -77 
-72 -74 -65 -71 -77 
-72 -65 -67 -70 -80 
-69 -67 -62 -72 -72 
-73 -67 -69 -71 -80 
-69 -67 -62 -70 -72 
-73 -68 -67 -71 -75 
-76 -67 -62 -70 -73 
-69 -68 -69 -70 -78 
-71 -68 -64 -72 -76 
-69 -67 -63 -71 -77 
-73 -83 -62 -70 -77 
-69 -76 -65 -71 -77 
-73 -65 -62 -70 -72 
-73 -68 -63 -70 -80 
-73 -68 -63 -71 -77 
-73 -67 -65 -70 -78 
-73 -67 -69 -71 -75 
-73 -72 -66 -70 -72 
-73 -78 -64 -70 -77 
-77 -75 -66 -71 -77 
-73 -67 -63 -71 -73 
-69 -84 -62 -71 -77 
-77 -67 -69 -70 -72 
-69 -67 -62 -72 -75 
-71 -75 -67 -72 -72 
-73 -68 -65 -69 -77 
-75 -68 -66 -70 -75 
-69 -75 -62 -71 -75 
-73 -76 -65 -71 -77 
-73 -67 -65 -71 -79 
-69 -68 -69 -70 -77 
-77 -68 -63 -72 -73 
-69 -68 -64 -69 -82 
-76 -86 -62 -73 -73 
-70 -67 -69 -69 -77 
-76 -68 -65 -74 -74 
-77 -67 -66 -71 -74 
-69 -65 -62 -70 -76 
-73 -67 -65 -72 -80 
-69 -67 -62 -71 -77 
-75 -68 -64 -74 -83 
-77 -67 -65 -70 -75 
-73 -68 -62 -71 -77 
-72 -67 -62 -71 -81 
-71 -68 -63 -71 -76 
-72 -68 -65 -71 -76 
-69 -67 -67 -70 -75 
-74 -67 -65 -71 -76 
-74 -67 -67 -71 -75 
-69 -83 -63 -73 -73 
-74 -67 -70 -72 -81 
-75 -71 -66 -71 -73 
-69 -67 -63 -73 -75 
-73 -72 -65 -71 -76 
-68 -68 -69 -71 -73 
-72 -68 -64 -74 -76 
-77 -68 -64 -70 -75 
-68 -68 -66 -73 -85 
-74 -81 -63 -72 -77 
-72 -68 -62 -69 -81 
-77 -65 -70 -71 -76 
-77 -74 -63 -70 -75 
-73 -67 -63 -70 -76 
-69 -68 -63 -72 -73 
-71 -67 -63 -71 -72 
-75 -67 -69 -70 -80 
-72 -74 -69 -71 -72 
-75 -72 -62 -70 -75 
-69 -69 -65 -71 -73 
-77 -83 -69 -70 -75 
-73 -68 -63 -72 -80 
-76 -69 -66 -71 -78 
-71 -68 -67 -68 -79 
-72 -83 -65 -69 -80 
-70 -67 -64 -71 -74 
-77 -67 -62 -68 -81 
-73 -68 -66 -69 -74 
-68 -67 -62 -74 -80 
-80 -73 -62 -68 -74 
-70 -84 -64 -74 -84 
-69 -68 -62 -69 -73 
-69 -68 -63 -71 -77 
-73 -74 -65 -69 -80 
-73 -74 -68 -73 -77 
-75 -68 -69 -70 -84 
-74 -81 -62 -72 -77 
-75 -68 -65 -69 -72 
-74 -68 -65 -70 -72 
-75 -67 -64 -72 -75 
-75 -68 -63 -72 -73 
-72 -68 -63 -71 -77 
-71 -75 -63 -69 -76 
-71 -75 -69 -70 -75 
-73 -84 -63 -72 -75 
-71 -75 -63 -70 -77 
-76 -68 -68 -69 -78 
-75 -67 -63 -71 -76 
-74 -83 -69 -69 -81 
-66 -66 -64 -72 -72 
-80 -76 -69 -73 -74 
-69 -69 -69 -68 -86 
-78 -68 -64 -72 -72 
-81 -68 -62 -71 -81 
-80 -74 -66 -71 -74 
-74 -68 -68 -70 -78 
-73 -67 -63 -71 -77 
-76 -67 -65 -71 -77 