404 8
-73 -62 -71 -70 -63 
-65 -64 -74 -68 -63 
-69 -64 -70 -64 -66 
-65 -64 -69 -78 -68 
-69 -64 -69 -70 -66 
-72 -65 -69 -69 -67 
-71 -64 -72 -75 -67 
-65 -64 -70 -68 -67 
-70 -65 -69 -75 -67 
-70 -64 -72 -68 -67 
-69 -63 -69 -64 -63 
-70 -63 -71 -65 -67 
-69 -64 -73 -73 -62 
-70 -64 -69 -68 -67 
-71 -66 -75 -75 -66 
-70 -66 -69 -73 -68 
-68 -65 -68 -75 -65 
-67 -66 -73 -69 -67 
-70 -64 -68 -84 -62 
-69 -64 -70 -80 -63 
-73 -66 -73 -74 -67 
-68 -65 -69 -70 -62 
-78 -65 -69 -76 -66 
-72 -64 -68 -64 -64 
-75 -65 -72 -63 -62 
-67 -64 -66 -69 -63 
-69 -66 -72 -68 -62 
-68 -66 -76 -73 -63 
-66 -65 -71 -72 -64 
-69 -65 -71 -71 -65 
-68 -65 -75 -70 -64 
-70 -64 -67 -70 -64 
-74 -64 -71 -78 -63 
-65 -64 -68 -66 -67 
-68 -63 -71 -74 -65 
-70 -65 -69 -66 -69 
-71 -67 -70 -75 -63 
-70 -66 -71 -66 -66 
-71 -65 -69 -65 -62 
-69 -65 -74 -70 -62 
-67 -66 -69 -65 -62 
-69 -67 -74 -78 -62 
-72 -65 -70 -65 -63 
-66 -64 -74 -67 -66 
-71 -64 -67 -80 -64 
-68 -64 -72 -70 -62 
-68 -65 -70 -63 -63 
-67 -64 -73 -66 -63 
-69 -65 -70 -67 -63 
-68 -66 -71 -64 -63 
-69 -66 -71 -68 -63 
-70 -65 -73 -68 -63 
-69 -66 -75 -88 -64 
-66 -68 -74 -68 -68 
-68 -65 -71 -63 -65 
-67 -65 -68 -68 -62 
-71 -64 -75 -85 -62 
-67 -67 -73 -68 -67 
-70 -64 -74 -64 -64 
-69 -66 -74 -64 -65 
-68 -65 -74 -66 -64 
-66 -63 -68 -64 -62 
-69 -66 -75 -70 -64 
-66 -64 -68 -64 -62 
-68 -64 -68 -65 -66 
-67 -66 -75 -64 -65 
-70 -66 -72 -64 -65 
-70 -66 -71 -82 -65 
-71 -67 -70 -74 -64 
-69 -65 -72 -72 -62 
-68 -67 -68 -73 -62 
-69 -64 -68 -73 -65 
-68 -65 -75 -64 -68 
-68 -65 -73 -64 -64 
-67 -66 -74 -64 -65 
-69 -65 -70 -67 -65 
-70 -66 -71 -84 -63 
-67 -65 -68 -63 -67 
-71 -65 -68 -71 -67 
-67 -66 -74 -64 -65 
-68 -66 -70 -64 -65 
-69 -66 -70 -64 -64 
-67 -65 -70 -67 -63 
-71 -66 -75 -64 -66 
-68 -66 -74 -75 -65 
-67 -68 -74 -67 -63 
-68 -66 -74 -67 -63 
-69 -65 -68 -64 -64 
-69 -64 -74 -64 -65 
-70 -65 -71 -64 -65 
-68 -65 -74 -84 -67 
-69 -64 -74 -70 -64 
-68 -64 -71 -73 -65 
-67 -67 -72 -73 -65 
-70 -64 -73 -83 -64 
-68 -65 -74 -83 -64 
-67 -67 -75 -66 -67 
-69 -65 -73 -83 -64 
-66 -65 -74 -66 -67 
-69 -64 -74 -83 -63 
-68 -65 -68 -67 -67 
-69 -64 -74 -77 -64 
-67 -65 -74 -64 -65 
-70 -67 -75 -83 -63 
-67 -65 -68 -63 -67 
-70 -67 -74 -63 -65 
-69 -64 -68 -83 -67 
-69 -66 -75 -64 -65 
-70 -65 -68 -67 -64 
-67 -64 -74 -64 -67 
-70 -65 -68 -67 -63 
-68 -66 -71 -67 -66 
-71 -67 -73 -83 -62 
-69 -66 -74 -67 -63 
-70 -64 -74 -83 -67 
-69 -67 -68 -64 -63 
-66 -65 -74 -67 -62 
-69 -67 -74 -64 -64 
-66 -64 -74 -64 -65 
-70 -65 -74 -64 -65 
-69 -64 -74 -66 -63 
-70 -66 -73 -64 -64 
-67 -65 -71 -83 -63 
-67 -66 -68 -64 -64 
-67 -67 -75 -73 -67 
-70 -66 -71 -68 -65 
-70 -66 -68 -75 -62 
-68 -65 -71 -73 -63 
-69 -65 -70 -67 -63 
-70 -66 -72 -83 -64 
-67 -67 -67 -68 -67 
-67 -66 -74 -64 -63 
-67 -66 -74 -83 -65 
-69 -64 -74 -73 -63 
-70 -66 -74 -83 -67 
-66 -67 -68 -67 -66 
-69 -64 -74 -75 -63 
-71 -66 -68 -63 -67 
-69 -65 -71 -64 -63 
-70 -64 -75 -83 -67 
-69 -65 -68 -64 -64 
-70 -64 -74 -83 -66 
-71 -67 -68 -64 -64 
-68 -66 -74 -64 -67 
-69 -66 -74 -64 -65 
-69 -67 -71 -83 -63 
-71 -65 -68 -83 -63 
-69 -65 -71 -72 -67 
-68 -65 -74 -64 -67 
-68 -65 -74 -64 -65 
-67 -65 -68 -84 -63 
-68 -66 -74 -64 -67 
-69 -66 -71 -67 -63 
-68 -65 -74 -84 -63 
-69 -67 -74 -68 -67 
-69 -66 -74 -64 -65 
-68 -65 -71 -64 -63 
-70 -66 -68 -66 -63 
-68 -65 -71 -73 -64 
-69 -67 -72 -68 -65 
-68 -64 -71 -67 -65 
-70 -66 -68 -83 -64 
-69 -65 -71 -82 -64 
-68 -67 -71 -74 -65 
-70 -65 -68 -73 -62 
-67 -64 -68 -75 -63 
-69 -66 -74 -68 -63 
-68 -66 -71 -65 -63 
-71 -66 -74 -64 -66 
-68 -67 -70 -64 -63 
-68 -66 -71 -83 -65 
-69 -67 -74 -70 -63 
-69 -65 -74 -82 -64 
-67 -65 -74 -74 -65 
-69 -66 -73 -64 -64 
-70 -67 -74 -83 -63 
-66 -65 -74 -67 -63 
-69 -65 -74 -74 -65 
-67 -65 -74 -73 -64 
-70 -67 -74 -67 -67 
-71 -65 -71 -67 -63 
-69 -65 -69 -63 -63 
-71 -65 -74 -65 -63 
-69 -65 -74 -67 -64 
-71 -66 -69 -64 -67 
-67 -66 -74 -64 -63 
-70 -65 -73 -64 -64 
-67 -66 -68 -67 -65 
-69 -65 -72 -64 -67 
-67 -66 -69 -64 -64 
-69 -65 -72 -83 -67 
-69 -66 -72 -82 -65 
-68 -64 -69 -63 -64 
-69 -66 -74 -82 -67 
-68 -64 -68 -64 -64 
-69 -66 -74 -82 -67 
-71 -66 -69 -64 -64 
-69 -66 -73 -67 -64 
-70 -67 -68 -82 -64 
-67 -65 -73 -64 -67 
-68 -67 -67 -82 -64 
-68 -65 -74 -64 -67 
-70 -66 -73 -68 -64 
-69 -65 -74 -83 -67 
-71 -65 -74 -83 -64 
-69 -67 -74 -67 -67 
-67 -64 -74 -82 -62 
-70 -64 -71 -74 -65 
-69 -66 -68 -67 -66 
-67 -65 -74 -82 -63 
-67 -63 -71 -64 -65 
-69 -67 -68 -67 -65 
-69 -65 -74 -69 -65 
-70 -66 -74 -64 -63 
-71 -66 -74 -67 -65 
-69 -64 -68 -82 -63 
-67 -66 -72 -67 -63 
-69 -65 -74 -64 -64 
-67 -67 -68 -67 -67 
-69 -65 -74 -64 -64 
-68 -67 -73 -65 -67 
-69 -65 -68 -64 -62 
-69 -67 -71 -64 -67 
-71 -65 -68 -65 -64 
-69 -66 -71 -64 -67 
-68 -66 -74 -81 -65 
-71 -67 -68 -65 -64 
-67 -65 -74 -66 -67 
-69 -67 -73 -68 -63 
-70 -65 -74 -81 -64 
-67 -66 -73 -68 -64 
-67 -65 -68 -81 -67 
-71 -66 -71 -74 -65 
-66 -64 -73 -70 -64 
-68 -66 -71 -65 -63 
-67 -67 -74 -67 -67 
-69 -65 -71 -68 -67 
-69 -65 -71 -67 -65 
-69 -66 -74 -81 -63 
-69 -66 -70 -65 -64 
-70 -64 -68 -81 -62 
-71 -65 -68 -68 -64 
-67 -64 -72 -65 -62 
-71 -66 -67 -66 -66 
-66 -64 -74 -65 -65 
-67 -66 -68 -66 -64 
-71 -66 -72 -65 -67 
-68 -66 -71 -68 -67 
-67 -64 -74 -65 -63 
-67 -67 -74 -68 -67 
-70 -66 -71 -68 -64 
-67 -64 -68 -82 -62 
-70 -65 -72 -68 -62 
-67 -64 -74 -81 -67 
-71 -65 -68 -63 -63 
-69 -65 -74 -65 -67 
-71 -64 -73 -65 -63 
-70 -64 -74 -66 -63 
-66 -67 -74 -82 -63 
-72 -66 -74 -65 -64 
-67 -64 -72 -83 -64 
-67 -65 -70 -65 -63 
-70 -66 -68 -87 -66 
-66 -65 -70 -64 -64 
-71 -66 -68 -81 -64 
-68 -66 -72 -66 -63 
-69 -65 -72 -67 -66 
-67 -64 -70 -66 -65 
-69 -65 -70 -77 -63 
-67 -64 -74 -66 -68 
-69 -66 -70 -63 -61 
-69 -66 -67 -77 -68 
-68 -65 -71 -64 -66 
-68 -67 -74 -68 -68 
-68 -66 -67 -65 -65 
-68 -68 -69 -70 -64 
-69 -68 -69 -72 -63 
-71 -66 -70 -78 -60 
-69 -66 -70 -64 -63 
-69 -66 -75 -90 -64 
-68 -69 -66 -64 -63 
-67 -66 -67 -65 -63 
-67 -66 -68 -69 -67 
-68 -66 -67 -62 -65 
-71 -68 -72 -79 -63 
-68 -69 -68 -63 -66 
-69 -66 -70 -66 -60 
-71 -65 -68 -65 -64 
-67 -66 -77 -62 -64 
-67 -66 -72 -83 -65 
-70 -65 -69 -66 -63 
-72 -69 -69 -67 -66 
-68 -64 -71 -76 -63 
-70 -66 -71 -72 -64 
-69 -63 -69 -86 -65 
-69 -69 -72 -69 -68 
-70 -65 -69 -65 -64 
-67 -65 -73 -76 -68 
-71 -69 -73 -68 -64 
-68 -64 -72 -68 -66 
-69 -66 -71 -65 -63 
-70 -66 -71 -68 -63 
-70 -67 -72 -82 -68 
-69 -66 -74 -71 -62 
-70 -66 -68 -67 -66 
-69 -65 -72 -69 -62 
-72 -66 -68 -65 -63 
-68 -66 -72 -71 -65 
-69 -66 -70 -74 -62 
-69 -66 -68 -64 -63 
-70 -67 -70 -70 -62 
-69 -66 -67 -64 -62 
-68 -65 -70 -83 -63 
-68 -66 -70 -65 -64 
-71 -66 -70 -72 -62 
-68 -64 -68 -65 -66 
-69 -65 -71 -80 -63 
-69 -65 -69 -62 -64 
-66 -66 -71 -87 -62 
-76 -66 -74 -63 -61 
-67 -67 -72 -64 -63 
-68 -65 -70 -65 -64 
-72 -66 -72 -66 -62 
-70 -66 -71 -62 -63 
-70 -67 -71 -62 -61 
-73 -67 -68 -66 -61 
-68 -66 -70 -65 -61 
-73 -65 -71 -65 -62 
-69 -66 -74 -76 -62 
-74 -67 -68 -63 -64 
-71 -65 -74 -65 -63 
-70 -66 -68 -63 -60 
-73 -66 -74 -65 -63 
-68 -66 -71 -61 -62 
-67 -66 -70 -83 -63 
-70 -67 -72 -64 -63 
-70 -67 -72 -64 -62 
-71 -66 -73 -62 -63 
-68 -66 -68 -66 -62 
-71 -66 -73 -83 -63 
-68 -66 -68 -66 -64 
-71 -66 -71 -66 -63 
-72 -66 -72 -63 -63 
-69 -65 -69 -66 -63 
-70 -65 -71 -81 -61 
-68 -67 -70 -66 -64 
-70 -66 -70 -69 -62 
-73 -66 -69 -67 -62 
-70 -66 -73 -80 -62 
-68 -65 -67 -69 -65 
-69 -68 -75 -65 -63 
-71 -63 -68 -68 -65 
-67 -65 -71 -85 -66 
-71 -67 -66 -63 -65 
-70 -64 -74 -77 -68 
-69 -67 -67 -62 -65 
-70 -65 -79 -80 -68 
-66 -65 -73 -63 -65 
-68 -65 -68 -63 -64 
-69 -65 -74 -68 -68 
-71 -64 -68 -63 -63 
-67 -66 -70 -77 -63 
-65 -68 -74 -65 -64 
-70 -66 -74 -64 -64 
-75 -68 -68 -75 -63 
-66 -65 -72 -65 -64 
-70 -69 -70 -73 -62 
-67 -68 -71 -64 -68 
-72 -65 -68 -64 -62 
-74 -65 -67 -65 -66 
-67 -65 -71 -67 -65 
-75 -65 -68 -75 -69 
-75 -65 -73 -63 -72 
-73 -65 -71 -71 -71 
-75 -65 -74 -70 -77 
-70 -65 -69 -68 -74 
-83 -66 -74 -62 -76 
-69 -65 -68 -66 -72 
-75 -64 -71 -62 -68 
-71 -65 -67 -67 -69 
-72 -68 -67 -72 -67 
-69 -66 -70 -67 -70 
-70 -65 -70 -67 -67 
-72 -66 -70 -64 -67 
-66 -65 -67 -76 -67 
-74 -67 -71 -67 -69 
-66 -67 -66 -63 -69 
-73 -66 -72 -81 -74 
-70 -67 -67 -66 -69 
-70 -66 -71 -62 -68 
-67 -66 -71 -68 -67 
-63 -68 -68 -69 -67 
-74 -66 -67 -68 -66 
-83 -66 -68 -68 -66 
-70 -67 -75 -70 -71 
-82 -66 -75 -69 -64 
-72 -68 -77 -68 -62 
-69 -69 -68 -66 -65 
-66 -63 -69 -71 -63 
-69 -70 -70 -70 -64 
-63 -68 -71 -70 -69 
-62 -66 -72 -68 -70 
-62 -65 -71 -69 -65 
-67 -66 -68 -64 -65 