387 9
-66 -64 -62 -67 -70 
-75 -67 -69 -63 -74 
-66 -66 -73 -68 -77 
-73 -67 -72 -76 -71 
-68 -69 -74 -68 -71 
-68 -62 -74 -63 -72 
-68 -67 -73 -77 -75 
-70 -68 -74 -64 -74 
-76 -65 -72 -80 -74 
-68 -67 -72 -65 -71 
-74 -66 -69 -75 -73 
-69 -66 -65 -65 -73 
-70 -70 -66 -78 -73 
-71 -67 -64 -65 -74 
-68 -68 -63 -66 -73 
-71 -67 -66 -63 -75 
-71 -65 -63 -67 -72 
-71 -67 -66 -74 -71 
-74 -65 -67 -66 -72 
-69 -66 -63 -67 -72 
-69 -69 -66 -77 -72 
-75 -65 -63 -67 -74 
-68 -69 -64 -67 -76 
-68 -68 -66 -76 -72 
-71 -68 -64 -63 -76 
-68 -68 -66 -66 -70 
-70 -65 -64 -78 -72 
-69 -68 -64 -65 -76 
-77 -68 -67 -67 -73 
-72 -69 -66 -68 -71 
-71 -65 -66 -77 -71 
-72 -66 -66 -64 -72 
-74 -67 -67 -69 -77 
-68 -68 -64 -67 -72 
-75 -65 -67 -76 -74 
-75 -68 -65 -65 -71 
-70 -65 -67 -76 -74 
-67 -69 -64 -64 -72 
-68 -68 -64 -69 -74 
-70 -68 -66 -63 -72 
-67 -68 -66 -64 -72 
-74 -69 -65 -75 -72 
-70 -68 -64 -75 -73 
-71 -68 -63 -63 -72 
-66 -65 -64 -71 -73 
-70 -69 -67 -63 -72 
-66 -65 -66 -66 -72 
-71 -67 -67 -63 -71 
-76 -65 -64 -76 -78 
-70 -65 -67 -63 -76 
-75 -68 -63 -67 -71 
-69 -65 -65 -67 -76 
-70 -69 -67 -78 -72 
-68 -65 -66 -67 -72 
-69 -69 -67 -76 -71 
-69 -64 -66 -67 -72 
-70 -68 -63 -64 -72 
-68 -65 -66 -67 -71 
-75 -69 -67 -64 -72 
-75 -68 -63 -75 -75 
-70 -68 -67 -64 -72 
-75 -69 -65 -64 -72 
-68 -68 -64 -68 -74 
-69 -65 -67 -71 -76 
-68 -66 -64 -64 -76 
-70 -69 -64 -69 -72 
-69 -69 -66 -75 -71 
-75 -68 -67 -64 -76 
-70 -65 -66 -76 -72 
-68 -69 -63 -64 -76 
-75 -65 -66 -75 -72 
-69 -69 -67 -68 -71 
-75 -65 -66 -64 -72 
-70 -69 -67 -68 -71 
-69 -65 -67 -76 -73 
-69 -65 -66 -67 -71 
-75 -66 -67 -68 -72 
-69 -66 -66 -68 -76 
-71 -67 -66 -69 -76 
-72 -68 -63 -70 -76 
-75 -69 -66 -75 -72 
-70 -65 -67 -64 -76 
-69 -69 -64 -66 -72 
-69 -67 -67 -64 -71 
-75 -68 -64 -75 -72 
-70 -65 -66 -69 -71 
-68 -69 -67 -62 -72 
-70 -69 -66 -72 -72 
-69 -68 -64 -64 -71 
-69 -63 -67 -75 -72 
-75 -69 -64 -66 -71 
-75 -67 -64 -69 -72 
-67 -65 -67 -76 -72 
-72 -69 -66 -64 -70 
-68 -65 -64 -66 -72 
-71 -68 -65 -64 -74 
-70 -65 -64 -75 -77 
-69 -68 -66 -64 -71 
-70 -64 -65 -68 -77 
-75 -65 -66 -68 -74 
-74 -66 -65 -75 -72 
-72 -67 -66 -64 -71 
-69 -65 -67 -75 -69 
-69 -68 -62 -64 -72 
-69 -68 -63 -69 -74 
-70 -65 -66 -67 -72 
-68 -68 -64 -64 -76 
-69 -66 -64 -68 -77 
-69 -64 -67 -64 -72 
-75 -69 -64 -63 -73 
-75 -66 -64 -68 -71 
-74 -66 -65 -66 -74 
-75 -69 -65 -69 -73 
-69 -69 -66 -64 -76 
-75 -65 -67 -75 -72 
-67 -69 -66 -64 -76 
-69 -65 -67 -66 -72 
-68 -68 -66 -75 -76 
-75 -65 -67 -67 -72 
-69 -65 -64 -68 -77 
-75 -68 -64 -64 -72 
-68 -69 -65 -65 -73 
-71 -65 -67 -75 -71 
-68 -68 -64 -68 -71 
-68 -69 -64 -69 -73 
-75 -68 -67 -75 -76 
-68 -68 -64 -75 -71 
-76 -65 -66 -64 -77 
-67 -68 -64 -75 -71 
-76 -65 -67 -64 -77 
-68 -68 -66 -67 -71 
-70 -65 -67 -64 -76 
-68 -69 -63 -68 -75 
-74 -66 -64 -69 -75 
-68 -65 -64 -64 -72 
-70 -68 -67 -75 -71 
-76 -65 -66 -64 -72 
-69 -69 -67 -75 -72 
-72 -65 -64 -64 -71 
-72 -67 -65 -75 -73 
-76 -65 -64 -64 -72 
-70 -68 -67 -68 -71 
-68 -65 -64 -62 -72 
-71 -67 -65 -66 -75 
-75 -65 -66 -64 -72 
-70 -67 -63 -75 -76 
-69 -65 -64 -64 -72 
-69 -68 -67 -75 -76 
-67 -67 -66 -64 -71 
-70 -69 -64 -66 -76 
-68 -65 -64 -65 -71 
-72 -66 -64 -65 -71 
-75 -69 -64 -65 -71 
-69 -69 -66 -65 -72 
-70 -65 -65 -64 -71 
-68 -68 -64 -76 -77 
-68 -69 -66 -70 -74 
-69 -68 -67 -67 -71 
-67 -69 -66 -76 -72 
-70 -68 -67 -64 -71 
-68 -68 -64 -76 -71 
-75 -65 -67 -64 -71 
-71 -66 -65 -66 -71 
-69 -68 -64 -64 -75 
-74 -69 -64 -71 -75 
-69 -69 -66 -65 -74 
-69 -66 -66 -67 -71 
-69 -68 -67 -64 -77 
-75 -65 -66 -67 -70 
-69 -68 -67 -76 -76 
-70 -68 -66 -64 -71 
-68 -68 -66 -64 -71 
-69 -65 -67 -75 -72 
-69 -69 -65 -64 -76 
-72 -66 -65 -69 -75 
-71 -66 -65 -75 -75 
-68 -69 -64 -76 -72 
-70 -68 -66 -64 -71 
-76 -69 -64 -76 -76 
-69 -69 -65 -70 -73 
-75 -69 -64 -67 -71 
-69 -68 -67 -67 -76 
-69 -69 -66 -64 -72 
-75 -68 -64 -70 -71 
-67 -65 -67 -67 -77 
-75 -69 -66 -64 -72 
-69 -65 -67 -67 -76 
-75 -68 -66 -67 -72 
-68 -65 -66 -62 -75 
-73 -66 -68 -76 -76 
-71 -65 -66 -65 -71 
-68 -69 -64 -64 -72 
-70 -68 -67 -67 -70 
-72 -66 -66 -67 -71 
-69 -66 -64 -64 -74 
-69 -65 -63 -67 -72 
-71 -66 -64 -71 -71 
-69 -69 -67 -76 -71 
-69 -67 -64 -67 -71 
-75 -65 -67 -64 -72 
-69 -68 -64 -76 -75 
-69 -65 -67 -64 -72 
-68 -68 -66 -67 -69 
-75 -65 -64 -71 -72 
-69 -69 -64 -76 -72 
-70 -69 -66 -67 -71 
-67 -67 -64 -70 -71 
-76 -66 -66 -69 -71 
-72 -68 -64 -76 -71 
-75 -66 -65 -75 -71 
-76 -67 -67 -68 -71 
-70 -66 -66 -69 -73 
-69 -67 -65 -69 -76 
-74 -65 -67 -76 -77 
-69 -68 -66 -66 -71 
-67 -65 -64 -76 -76 
-72 -66 -64 -67 -73 
-70 -66 -64 -67 -73 
-72 -66 -67 -69 -75 
-75 -68 -65 -70 -75 
-69 -64 -66 -67 -72 
-69 -68 -66 -66 -74 
-69 -67 -67 -64 -76 
-76 -66 -66 -65 -76 
-74 -69 -64 -64 -72 
-69 -68 -64 -76 -74 
-67 -69 -67 -67 -72 
-69 -68 -64 -76 -71 
-75 -69 -64 -64 -73 
-72 -68 -67 -65 -71 
-69 -68 -64 -64 -74 
-68 -64 -66 -75 -72 
-75 -69 -66 -67 -73 
-70 -65 -67 -76 -76 
-69 -69 -66 -64 -71 
-75 -65 -67 -75 -72 
-70 -66 -64 -64 -72 
-69 -68 -67 -67 -72 
-76 -65 -64 -67 -74 
-69 -66 -64 -64 -72 
-69 -66 -64 -69 -72 
-76 -66 -67 -64 -77 
-71 -66 -66 -71 -72 
-67 -69 -66 -64 -77 
-72 -68 -66 -65 -77 
-75 -65 -64 -69 -72 
-76 -68 -64 -67 -72 
-68 -67 -65 -67 -71 
-70 -65 -66 -67 -73 
-70 -64 -66 -64 -71 
-69 -68 -67 -66 -71 
-74 -65 -66 -64 -72 
-74 -67 -65 -65 -73 
-70 -65 -64 -68 -77 
-67 -68 -66 -66 -71 
-72 -68 -67 -67 -72 
-69 -68 -66 -67 -71 
-70 -65 -64 -75 -71 
-68 -69 -66 -68 -76 
-70 -65 -64 -75 -71 
-69 -68 -67 -67 -72 
-75 -66 -66 -66 -71 
-69 -66 -64 -65 -74 
-69 -69 -67 -66 -77 
-70 -65 -66 -64 -72 
-71 -69 -67 -75 -71 
-69 -65 -66 -65 -71 
-69 -65 -65 -69 -73 
-71 -69 -64 -76 -72 
-70 -65 -66 -64 -71 
-68 -69 -67 -67 -75 
-75 -63 -66 -64 -72 
-68 -69 -67 -67 -77 
-69 -69 -66 -65 -71 
-72 -69 -66 -70 -69 
-70 -68 -63 -64 -71 
-67 -69 -67 -66 -72 
-72 -68 -64 -67 -73 
-69 -66 -66 -67 -74 
-75 -68 -66 -62 -72 
-68 -63 -67 -67 -71 
-72 -68 -66 -64 -72 
-69 -65 -67 -67 -71 
-70 -68 -66 -64 -77 
-68 -65 -63 -76 -72 
-69 -65 -64 -69 -71 
-70 -68 -67 -64 -72 
-74 -65 -64 -76 -71 
-69 -68 -64 -67 -74 
-76 -68 -66 -64 -72 
-70 -68 -64 -76 -71 
-73 -67 -65 -71 -72 
-75 -69 -66 -67 -77 
-73 -69 -67 -69 -71 
-68 -68 -64 -76 -77 
-76 -65 -67 -64 -70 
-76 -69 -65 -76 -77 
-69 -68 -65 -70 -74 
-70 -65 -65 -66 -73 
-76 -69 -66 -76 -77 
-76 -65 -65 -63 -71 
-67 -68 -66 -76 -72 
-76 -65 -66 -64 -70 
-68 -68 -64 -76 -72 
-68 -69 -65 -76 -71 
-69 -69 -67 -65 -72 
-68 -66 -66 -64 -76 
-68 -68 -66 -67 -71 
-70 -68 -65 -64 -75 
-69 -67 -66 -76 -72 
-67 -67 -66 -62 -75 
-70 -69 -67 -76 -71 
-67 -68 -63 -64 -76 
-70 -69 -64 -76 -76 
-76 -65 -66 -64 -70 
-68 -68 -67 -75 -76 
-68 -68 -65 -65 -74 
-76 -69 -66 -64 -71 
-68 -68 -67 -77 -71 
-76 -69 -66 -64 -74 
-68 -68 -65 -76 -73 
-71 -69 -66 -64 -73 
-71 -65 -64 -65 -72 
-71 -68 -67 -67 -73 
-74 -66 -66 -64 -74 
-75 -70 -66 -67 -74 
-70 -70 -65 -70 -72 
-68 -67 -68 -75 -76 
-72 -65 -64 -67 -72 
-68 -66 -67 -63 -73 
-71 -65 -65 -76 -73 
-73 -63 -63 -65 -74 
-66 -66 -64 -64 -72 
-69 -67 -65 -75 -72 
-69 -67 -62 -72 -72 
-73 -70 -64 -64 -74 
-70 -66 -67 -64 -72 
-75 -66 -69 -64 -71 
-74 -66 -72 -66 -73 
-78 -67 -74 -70 -72 
-70 -69 -74 -77 -73 
-71 -64 -75 -63 -72 
-67 -69 -75 -73 -79 
-68 -70 -71 -65 -73 
-70 -69 -67 -67 -72 
-77 -65 -71 -65 -73 
-71 -68 -64 -68 -76 
-65 -69 -67 -66 -72 
-75 -65 -63 -66 -73 
-69 -66 -63 -71 -74 
-73 -68 -64 -68 -72 
-79 -70 -65 -74 -73 
-68 -69 -64 -64 -72 
-68 -79 -65 -70 -71 
-73 -75 -65 -68 -75 
-69 -76 -64 -71 -71 
-75 -73 -65 -70 -72 
-72 -66 -63 -77 -73 
-69 -66 -68 -69 -73 
-68 -70 -65 -68 -72 
-69 -69 -64 -69 -72 
-82 -68 -67 -63 -71 
-69 -72 -65 -66 -72 
-75 -68 -66 -66 -72 
-69 -69 -64 -68 -72 
-68 -65 -68 -74 -72 
-71 -69 -66 -67 -75 
-73 -65 -68 -68 -71 
-69 -70 -66 -70 -75 
-75 -72 -66 -69 -77 
-70 -80 -64 -75 -71 
-78 -72 -67 -71 -81 
-70 -70 -64 -75 -76 
-70 -71 -65 -74 -77 
-70 -69 -65 -75 -77 
-74 -69 -64 -74 -77 
-69 -70 -68 -68 -72 
-69 -69 -66 -73 -70 
-70 -67 -67 -80 -71 
-71 -68 -69 -78 -69 
-69 -66 -66 -74 -68 
-73 -68 -65 -71 -69 
-71 -67 -66 -73 -74 
-70 -69 -68 -71 -83 
-69 -68 -64 -71 -79 
-70 -69 -64 -84 -74 
-71 -68 -66 -71 -74 