332 8
-75 -64 -63 -78 -71 
-67 -67 -62 -75 -82 
-75 -64 -66 -78 -71 
-68 -67 -62 -75 -71 
-70 -66 -65 -76 -72 
-77 -60 -62 -77 -73 
-62 -68 -66 -79 -77 
-64 -64 -64 -79 -75 
-62 -69 -65 -78 -77 
-78 -65 -65 -77 -74 
-66 -68 -62 -78 -76 
-66 -64 -66 -77 -73 
-63 -64 -65 -76 -75 
-62 -69 -62 -76 -71 
-64 -61 -65 -75 -76 
-65 -66 -63 -76 -71 
-69 -64 -64 -76 -79 
-67 -60 -67 -75 -73 
-72 -65 -66 -66 -71 
-70 -68 -63 -74 -83 
-65 -61 -69 -75 -72 
-77 -64 -65 -74 -76 
-66 -64 -67 -76 -71 
-67 -69 -63 -75 -72 
-67 -64 -60 -76 -86 
-70 -63 -65 -71 -72 
-72 -63 -60 -74 -73 
-69 -63 -67 -79 -76 
-78 -62 -68 -76 -77 
-68 -70 -60 -78 -70 
-69 -63 -66 -75 -78 
-79 -65 -63 -81 -72 
-69 -69 -67 -74 -72 
-71 -63 -63 -79 -74 
-67 -63 -64 -76 -75 
-68 -60 -65 -77 -71 
-70 -70 -67 -75 -74 
-69 -64 -66 -75 -77 
-64 -60 -66 -74 -81 
-72 -69 -61 -81 -72 
-85 -61 -68 -75 -74 
-72 -66 -61 -77 -82 
-70 -60 -65 -74 -74 
-72 -63 -62 -83 -81 
-71 -60 -68 -74 -74 
-82 -72 -60 -81 -82 
-67 -59 -68 -72 -73 
-68 -69 -67 -76 -73 
-66 -65 -64 -77 -74 
-66 -61 -58 -76 -74 
-76 -60 -65 -74 -81 
-71 -64 -62 -75 -78 
-69 -67 -59 -74 -77 
-74 -66 -62 -75 -79 
-72 -66 -66 -78 -78 
-76 -60 -70 -73 -80 
-76 -70 -67 -73 -76 
-72 -66 -67 -77 -76 
-85 -60 -60 -74 -81 
-66 -63 -58 -74 -71 
-74 -61 -70 -75 -73 
-79 -62 -71 -79 -77 
-73 -64 -62 -75 -76 
-80 -62 -63 -78 -77 
-71 -61 -62 -76 -75 
-68 -63 -64 -75 -77 
-80 -59 -67 -79 -80 
-66 -63 -61 -75 -72 
-79 -59 -67 -77 -78 
-69 -66 -60 -76 -72 
-75 -60 -63 -76 -85 
-78 -68 -60 -77 -74 
-76 -65 -68 -79 -75 
-70 -60 -62 -77 -75 
-72 -72 -60 -80 -73 
-69 -61 -61 -78 -81 
-71 -72 -60 -75 -74 
-76 -62 -64 -78 -80 
-68 -59 -69 -76 -77 
-71 -62 -62 -74 -77 
-67 -68 -64 -78 -77 
-73 -62 -59 -75 -74 
-71 -71 -65 -76 -77 
-78 -61 -64 -77 -74 
-70 -60 -61 -83 -72 
-81 -71 -60 -74 -73 
-69 -61 -68 -77 -71 
-80 -60 -62 -74 -73 
-75 -70 -68 -74 -78 
-65 -61 -61 -72 -82 
-66 -63 -65 -72 -81 
-74 -72 -67 -73 -92 
-85 -62 -61 -81 -74 
-67 -65 -66 -73 -73 
-78 -61 -65 -75 -76 
-66 -61 -61 -73 -77 
-73 -62 -59 -72 -74 
-69 -60 -64 -74 -81 
-72 -61 -59 -81 -74 
-70 -69 -61 -74 -82 
-72 -60 -60 -72 -73 
-67 -61 -64 -75 -80 
-67 -61 -59 -80 -77 
-69 -64 -62 -76 -77 
-78 -62 -61 -75 -74 
-71 -70 -66 -79 -80 
-78 -61 -64 -72 -83 
-70 -64 -61 -75 -78 
-71 -65 -62 -77 -74 
-77 -63 -63 -77 -71 
-75 -65 -66 -76 -72 
-76 -66 -65 -76 -73 
-71 -68 -61 -76 -77 
-80 -61 -71 -77 -73 
-89 -61 -61 -79 -72 
-76 -61 -63 -77 -74 
-72 -67 -65 -78 -74 
-73 -64 -62 -78 -75 
-65 -64 -62 -78 -77 
-74 -62 -59 -78 -74 
-66 -65 -61 -75 -75 
-72 -67 -61 -81 -74 
-76 -63 -65 -77 -74 
-75 -66 -64 -77 -73 
-91 -66 -59 -78 -74 
-72 -63 -65 -75 -74 
-71 -64 -63 -78 -77 
-71 -64 -63 -77 -78 
-70 -64 -65 -77 -74 
-67 -63 -66 -77 -72 
-77 -64 -68 -76 -73 
-68 -62 -68 -78 -74 
-73 -64 -68 -75 -72 
-76 -64 -60 -77 -74 
-67 -61 -68 -75 -75 
-90 -64 -61 -78 -72 
-76 -68 -57 -73 -73 
-75 -60 -61 -74 -74 
-76 -62 -61 -70 -71 
-77 -61 -66 -75 -76 
-71 -65 -72 -76 -81 
-69 -60 -64 -75 -75 
-78 -63 -65 -78 -83 
-67 -63 -60 -75 -79 
-66 -66 -60 -76 -78 
-73 -68 -60 -78 -75 
-74 -65 -62 -74 -81 
-72 -68 -60 -77 -76 
-72 -64 -61 -76 -75 
-72 -63 -63 -77 -82 
-73 -68 -64 -78 -74 
-71 -69 -66 -76 -84 
-72 -61 -70 -75 -74 
-69 -63 -61 -75 -73 
-71 -67 -60 -81 -76 
-76 -61 -70 -77 -71 
-70 -62 -74 -77 -76 
-72 -62 -74 -77 -74 
-73 -60 -75 -76 -75 
-77 -62 -66 -77 -76 
-68 -67 -77 -76 -74 
-80 -62 -62 -76 -75 
-70 -62 -66 -75 -77 
-83 -67 -62 -75 -75 
-71 -60 -69 -76 -76 
-81 -68 -62 -75 -75 
-71 -60 -69 -76 -76 
-74 -64 -62 -75 -75 
-75 -60 -68 -79 -74 
-75 -64 -65 -78 -72 
-78 -62 -65 -76 -74 
-71 -67 -63 -79 -73 
-73 -62 -69 -77 -74 
-84 -67 -68 -79 -76 
-79 -63 -70 -78 -74 
-73 -62 -67 -81 -76 
-69 -60 -68 -79 -75 
-82 -64 -62 -77 -74 
-74 -61 -66 -77 -75 
-73 -66 -62 -76 -75 
-71 -64 -64 -78 -74 
-73 -61 -67 -78 -78 
-70 -65 -67 -77 -77 
-75 -61 -69 -77 -73 
-81 -64 -70 -78 -74 
-72 -63 -74 -77 -72 
-83 -64 -63 -77 -71 
-80 -62 -74 -75 -75 
-73 -60 -66 -77 -85 
-78 -62 -71 -77 -72 
-74 -68 -67 -78 -83 
-73 -61 -66 -75 -72 
-72 -62 -71 -77 -82 
-73 -61 -62 -74 -73 
-69 -62 -71 -75 -81 
-80 -60 -62 -78 -74 
-75 -63 -70 -74 -78 
-75 -65 -62 -76 -75 
-80 -60 -68 -73 -73 
-72 -66 -65 -73 -77 
-79 -60 -71 -74 -84 
-75 -63 -69 -74 -77 
-87 -62 -68 -74 -80 
-77 -62 -63 -70 -73 
-76 -62 -66 -73 -75 
-73 -63 -67 -75 -75 
-69 -64 -60 -73 -80 
-80 -60 -60 -74 -74 
-68 -60 -64 -74 -75 
-72 -66 -65 -76 -80 
-66 -60 -65 -84 -76 
-67 -63 -62 -81 -80 
-66 -65 -63 -78 -78 
-66 -60 -64 -78 -74 
-69 -64 -65 -76 -75 
-70 -64 -61 -78 -78 
-67 -64 -61 -77 -79 
-68 -61 -62 -79 -80 
-67 -65 -61 -79 -75 
-65 -63 -62 -78 -79 
-65 -65 -61 -78 -79 
-66 -63 -60 -77 -80 
-68 -60 -66 -79 -81 
-67 -66 -63 -78 -76 
-68 -66 -60 -74 -80 
-76 -63 -67 -77 -79 
-82 -58 -63 -75 -81 
-82 -62 -66 -78 -78 
-77 -60 -62 -76 -80 
-74 -62 -63 -76 -79 
-77 -67 -73 -76 -78 
-76 -60 -63 -78 -78 
-76 -66 -67 -76 -82 
-80 -59 -72 -79 -80 
-77 -62 -63 -76 -82 
-73 -64 -59 -81 -81 
-68 -61 -58 -77 -76 
-65 -62 -58 -79 -76 
-70 -65 -65 -78 -79 
-67 -62 -66 -78 -72 
-64 -63 -66 -77 -80 
-69 -65 -59 -79 -79 
-62 -64 -59 -75 -81 
-65 -63 -62 -76 -80 
-62 -65 -67 -77 -74 
-62 -65 -61 -78 -80 
-63 -63 -62 -75 -82 
-67 -61 -61 -77 -78 
-62 -65 -61 -81 -82 
-63 -60 -60 -76 -75 
-66 -64 -65 -76 -85 
-63 -60 -66 -75 -74 
-66 -63 -62 -75 -73 
-63 -65 -65 -76 -82 
-65 -63 -65 -77 -80 
-62 -60 -62 -80 -74 
-62 -63 -61 -77 -73 
-63 -62 -59 -78 -80 
-66 -65 -59 -76 -71 
-66 -61 -74 -76 -77 
-67 -64 -62 -78 -78 
-66 -62 -60 -77 -74 
-68 -65 -58 -77 -75 
-71 -64 -62 -78 -75 
-74 -62 -66 -75 -74 
-75 -63 -66 -75 -78 
-78 -60 -65 -76 -75 
-74 -62 -65 -75 -75 
-76 -60 -66 -75 -78 
-73 -63 -60 -76 -76 
-75 -63 -61 -75 -78 
-81 -66 -69 -75 -78 
-84 -61 -63 -76 -76 
-71 -63 -67 -75 -75 
-73 -65 -63 -76 -74 
-71 -64 -61 -78 -71 
-67 -66 -60 -75 -76 
-68 -64 -64 -79 -82 
-69 -62 -68 -75 -84 
-71 -60 -69 -75 -72 
-64 -63 -59 -75 -86 
-67 -60 -59 -76 -82 
-65 -65 -60 -75 -81 
-67 -60 -60 -75 -74 
-68 -62 -60 -75 -79 
-68 -62 -60 -78 -86 
-62 -64 -62 -75 -73 
-68 -61 -60 -79 -80 
-65 -65 -70 -75 -81 
-69 -62 -63 -79 -83 
-71 -65 -62 -74 -73 
-67 -62 -59 -76 -84 
-68 -64 -60 -78 -76 
-70 -61 -60 -77 -74 
-71 -64 -58 -76 -81 
-68 -61 -62 -80 -75 
-70 -63 -60 -77 -71 
-70 -61 -58 -79 -77 
-68 -63 -59 -81 -77 
-67 -64 -59 -79 -73 
-68 -65 -58 -80 -77 
-67 -63 -59 -78 -74 
-66 -67 -59 -77 -85 
-71 -69 -59 -83 -76 
-65 -66 -59 -75 -71 
-70 -68 -60 -78 -84 
-71 -62 -60 -75 -76 
-74 -71 -60 -80 -76 
-71 -64 -62 -79 -88 
-69 -65 -61 -78 -71 
-68 -67 -63 -75 -79 
-71 -62 -63 -78 -79 
-71 -65 -60 -79 -73 
-73 -59 -61 -76 -80 
-68 -65 -60 -78 -79 
-75 -65 -60 -76 -79 
-68 -63 -61 -79 -81 
-66 -60 -61 -80 -71 
-67 -63 -62 -79 -82 
-67 -61 -62 -80 -82 
-67 -62 -63 -79 -82 
-72 -64 -61 -75 -72 
-75 -62 -65 -77 -80 
-68 -60 -65 -81 -72 
-75 -62 -65 -83 -80 
-72 -65 -60 -78 -81 
-69 -62 -65 -77 -72 
-69 -63 -61 -75 -79 
-81 -63 -59 -76 -72 
-68 -64 -65 -76 -73 
-73 -62 -66 -78 -83 
-70 -62 -65 -78 -74 
