60 10 
-65 -77 -69 -85 -73 
-65 -70 -68 -83 -70 
-83 -80 -68 -84 -78 
-67 -71 -75 -83 -75 
-81 -68 -72 -83 -69 
-68 -68 -71 -84 -71 
-78 -70 -66 -85 -70 
-67 -73 -71 -88 -71 
-66 -76 -71 -90 -80 
-81 -70 -69 -82 -70 
-67 -83 -76 -85 -82 
-63 -70 -68 -83 -73 
-65 -70 -68 -87 -74 
-68 -71 -73 -86 -76 
-71 -69 -73 -82 -73 
-64 -69 -72 -85 -75 
-67 -69 -74 -84 -78 
-64 -82 -67 -84 -69 
-76 -75 -71 -91 -74 
-69 -70 -71 -86 -78 
-81 -80 -70 -88 -70 
-65 -69 -67 -88 -77 
-79 -70 -74 -82 -69 
-69 -77 -62 -84 -76 
-76 -69 -75 -86 -72 
-69 -76 -71 -85 -75 
-63 -71 -68 -85 -70 
-72 -71 -75 -85 -75 
-68 -74 -75 -83 -73 
-62 -70 -68 -84 -72 
-69 -70 -69 -86 -72 
-79 -68 -68 -83 -77 
-68 -81 -74 -85 -70 
-79 -69 -68 -86 -75 
-70 -74 -76 -83 -74 
-63 -82 -69 -84 -69 
-75 -68 -75 -84 -78 
-63 -68 -69 -85 -73 
-66 -81 -74 -86 -75 
-78 -70 -75 -90 -76 
-79 -75 -75 -84 -73 
-63 -71 -76 -85 -72 
-61 -84 -72 -83 -73 
-62 -72 -68 -83 -77 
-71 -68 -76 -84 -71 
-62 -83 -69 -84 -69 
-62 -75 -75 -82 -76 
-69 -70 -70 -84 -77 
-83 -82 -75 -84 -78 
-69 -69 -74 -87 -78 
-89 -77 -75 -82 -73 
-72 -68 -75 -86 -83 
-68 -71 -70 -88 -76 
-76 -70 -70 -81 -74 
-82 -80 -68 -81 -77 
-68 -72 -73 -83 -81 
-69 -69 -71 -84 -72 
-65 -75 -74 -87 -69 
-68 -69 -70 -82 -75 
-73 -72 -79 -86 -76 
