272 1
-71 -62 -71 -76 -77 
-76 -61 -57 -70 -79 
-71 -61 -70 -80 -75 
-71 -60 -65 -75 -79 
-73 -63 -72 -80 -76 
-76 -61 -70 -69 -81 
-76 -57 -72 -78 -81 
-76 -64 -79 -73 -81 
-73 -59 -68 -77 -79 
-73 -57 -69 -80 -72 
-72 -61 -74 -78 -74 
-73 -62 -69 -73 -75 
-72 -59 -71 -79 -74 
-71 -58 -78 -69 -79 
-74 -63 -66 -81 -81 
-71 -60 -75 -81 -73 
-75 -57 -67 -69 -79 
-70 -60 -69 -76 -73 
-70 -56 -68 -80 -81 
-70 -59 -69 -76 -73 
-73 -63 -68 -80 -84 
-72 -58 -73 -68 -79 
-71 -65 -71 -80 -73 
-73 -60 -69 -68 -76 
-74 -62 -73 -77 -81 
-74 -63 -72 -80 -77 
-75 -57 -68 -68 -74 
-76 -61 -71 -78 -83 
-77 -61 -72 -73 -83 
-73 -66 -71 -76 -82 
-79 -58 -75 -79 -83 
-73 -59 -74 -76 -78 
-72 -60 -75 -78 -78 
-74 -60 -74 -75 -81 
-74 -64 -74 -76 -86 
-75 -58 -66 -69 -86 
-73 -63 -66 -78 -79 
-75 -57 -67 -69 -85 
-74 -56 -63 -78 -78 
-77 -63 -85 -70 -79 
-80 -59 -68 -81 -75 
-74 -64 -75 -70 -82 
-77 -56 -67 -69 -72 
-74 -59 -71 -77 -79 
-74 -56 -64 -77 -76 
-76 -61 -65 -78 -75 
-80 -61 -69 -69 -84 
-72 -62 -67 -79 -75 
-73 -59 -67 -73 -75 
-74 -56 -69 -74 -78 
-75 -59 -71 -69 -81 
-76 -56 -72 -77 -74 
-74 -55 -66 -70 -77 
-73 -64 -68 -73 -74 
-69 -61 -70 -69 -77 
-76 -54 -71 -74 -76 
-70 -56 -72 -79 -75 
-76 -57 -70 -75 -75 
-78 -62 -73 -75 -85 
-80 -56 -71 -75 -72 
-65 -58 -77 -72 -83 
-74 -61 -68 -69 -83 
-71 -59 -74 -69 -80 
-71 -58 -66 -74 -80 
-75 -63 -65 -72 -87 
-78 -61 -72 -69 -73 
-78 -62 -69 -79 -80 
-83 -59 -69 -77 -74 
-82 -57 -63 -69 -74 
-84 -64 -67 -73 -73 
-79 -57 -62 -76 -82 
-86 -59 -66 -69 -82 
-74 -56 -68 -79 -79 
-72 -58 -70 -74 -73 
-71 -59 -67 -77 -74 
-71 -63 -69 -70 -75 
-70 -56 -68 -74 -76 
-68 -63 -69 -77 -76 
-71 -59 -68 -78 -79 
-73 -64 -65 -76 -78 
-72 -58 -67 -78 -89 
-70 -63 -69 -80 -82 
-67 -58 -65 -77 -71 
-72 -60 -68 -77 -73 
-69 -63 -72 -78 -86 
-71 -58 -70 -76 -75 
-69 -62 -67 -78 -74 
-69 -61 -70 -76 -70 
-70 -59 -71 -77 -78 
-72 -62 -68 -68 -84 
-84 -59 -76 -73 -82 
-73 -59 -72 -72 -86 
-73 -63 -73 -78 -85 
-70 -58 -67 -69 -83 
-88 -59 -62 -68 -82 
-78 -59 -66 -76 -77 
-73 -59 -66 -73 -84 
-80 -62 -67 -71 -83 
-71 -57 -68 -77 -72 
-76 -64 -63 -75 -81 
-71 -62 -66 -79 -86 
-72 -61 -71 -69 -79 
-74 -55 -66 -75 -87 
-75 -62 -65 -75 -81 
-72 -62 -71 -73 -82 
-71 -60 -68 -79 -73 
-71 -61 -71 -76 -78 
-75 -58 -68 -73 -78 
-78 -61 -66 -77 -72 
-70 -63 -76 -86 -78 
-75 -62 -64 -70 -75 
-71 -62 -64 -74 -74 
-70 -63 -67 -72 -77 
-77 -59 -66 -71 -82 
-74 -61 -65 -73 -78 
-69 -59 -67 -76 -82 
-73 -58 -67 -74 -83 
-77 -59 -73 -72 -73 
-80 -63 -75 -80 -80 
-74 -60 -75 -80 -75 
-75 -57 -70 -75 -75 
-72 -61 -76 -76 -77 
-78 -59 -77 -81 -81 
-74 -59 -71 -76 -78 
-73 -54 -77 -78 -83 
-74 -60 -73 -74 -79 
-76 -56 -79 -71 -82 
-78 -61 -78 -72 -79 
-73 -56 -80 -72 -79 
-73 -57 -80 -74 -80 
-74 -55 -82 -73 -80 
-74 -58 -76 -75 -81 
-71 -61 -74 -77 -79 
-73 -58 -74 -71 -77 
-71 -62 -78 -74 -74 
-78 -61 -80 -83 -84 
-74 -61 -82 -77 -88 
-76 -60 -81 -84 -74 
-75 -57 -76 -77 -75 
-74 -57 -78 -77 -83 
-75 -61 -81 -72 -75 
-72 -60 -81 -72 -77 
-76 -57 -81 -72 -81 
-75 -65 -84 -71 -76 
-77 -57 -75 -76 -79 
-73 -65 -75 -82 -83 
-76 -62 -77 -75 -83 
-73 -62 -78 -76 -83 
-75 -60 -84 -70 -87 
-74 -62 -84 -71 -91 
-77 -61 -84 -71 -75 
-76 -62 -78 -81 -76 
-73 -63 -83 -84 -76 
-75 -66 -78 -71 -77 
-74 -62 -77 -71 -91 
-75 -64 -85 -71 -83 
-75 -63 -77 -78 -84 
-72 -58 -77 -79 -76 
-71 -57 -77 -83 -78 
-74 -58 -77 -74 -76 
-74 -58 -77 -83 -85 
-73 -61 -87 -74 -85 
-74 -60 -85 -73 -85 
-72 -60 -85 -82 -82 
-74 -60 -81 -72 -82 
-70 -60 -75 -72 -85 
-73 -59 -77 -72 -77 
-72 -61 -84 -72 -81 
-72 -63 -78 -72 -83 
-70 -59 -77 -84 -76 
-72 -60 -79 -81 -77 
-72 -59 -76 -74 -88 
-71 -61 -75 -71 -78 
-71 -57 -76 -71 -86 
-70 -60 -75 -79 -82 
-75 -59 -89 -76 -77 
-73 -65 -84 -78 -76 
-71 -58 -87 -77 -77 
-73 -58 -81 -77 -84 
-71 -58 -84 -77 -78 
-72 -57 -67 -71 -75 
-73 -64 -77 -78 -81 
-69 -57 -79 -70 -76 
-73 -65 -75 -78 -83 
-73 -57 -75 -77 -85 
-73 -61 -78 -80 -85 
-76 -59 -75 -71 -89 
-73 -63 -81 -73 -76 
-75 -56 -79 -76 -86 
-74 -62 -84 -72 -88 
-74 -59 -83 -72 -75 
-73 -59 -79 -72 -75 
-72 -57 -77 -81 -76 
-74 -56 -77 -72 -77 
-74 -59 -79 -74 -84 
-73 -57 -80 -77 -79 
-72 -60 -74 -75 -82 
-72 -57 -80 -74 -86 
-73 -59 -73 -73 -77 
-71 -57 -71 -79 -77 
-76 -59 -74 -74 -83 
-72 -56 -76 -80 -83 
-75 -57 -73 -73 -83 
-73 -60 -74 -76 -85 
-74 -60 -74 -76 -82 
-75 -59 -74 -72 -83 
-73 -62 -75 -72 -77 
-75 -58 -74 -80 -84 
-75 -59 -80 -73 -78 
-74 -61 -74 -74 -78 
-75 -57 -77 -83 -80 
-74 -56 -74 -77 -85 
-75 -60 -75 -85 -83 
-72 -63 -75 -74 -83 
-80 -58 -75 -80 -81 
-74 -62 -78 -82 -83 
-78 -57 -78 -79 -83 
-74 -63 -86 -75 -77 
-74 -57 -79 -74 -80 
-74 -58 -79 -74 -81 
-75 -56 -71 -77 -79 
-76 -57 -76 -77 -82 
-76 -61 -87 -82 -82 
-77 -59 -77 -74 -78 
-73 -58 -77 -75 -77 
-76 -58 -78 -76 -79 
-73 -61 -74 -73 -80 
-76 -59 -76 -71 -76 
-77 -59 -72 -79 -84 
-73 -58 -74 -71 -81 
-73 -62 -74 -79 -78 
-73 -61 -75 -74 -78 
-72 -60 -75 -74 -78 
-71 -61 -77 -76 -86 
-75 -60 -79 -77 -88 
-71 -61 -75 -76 -78 
-74 -59 -81 -75 -79 
-70 -60 -78 -78 -79 
-74 -60 -77 -77 -78 
-75 -61 -93 -72 -81 
-73 -62 -71 -79 -82 
-71 -64 -67 -75 -79 
-72 -59 -76 -72 -76 
-74 -56 -71 -73 -80 
-73 -59 -71 -75 -79 
-73 -59 -73 -75 -80 
-74 -58 -69 -77 -80 
-70 -64 -85 -80 -83 
-76 -59 -77 -74 -85 
-81 -61 -78 -76 -78 
-74 -60 -76 -73 -77 
-74 -61 -79 -73 -77 
-74 -59 -75 -76 -77 
-75 -61 -74 -77 -77 
-75 -61 -74 -74 -77 
-74 -61 -78 -77 -77 
-74 -59 -83 -73 -88 
-74 -57 -78 -77 -76 
-73 -61 -72 -74 -77 
-72 -59 -80 -77 -80 
-73 -60 -86 -77 -77 
-73 -58 -72 -76 -87 
-79 -62 -85 -73 -78 
-75 -58 -73 -77 -87 
-74 -62 -85 -74 -79 
-80 -60 -73 -77 -79 
-75 -61 -74 -77 -87 
-76 -60 -76 -75 -78 
-76 -60 -77 -77 -83 
-74 -60 -77 -77 -86 
-76 -60 -77 -72 -79 
-77 -57 -86 -73 -84 