271 14
-64 -70 -74 -78 -83 
-71 -80 -75 -78 -65 
-57 -80 -73 -77 -77 
-68 -80 -73 -76 -67 
-75 -68 -69 -81 -67 
-68 -75 -71 -89 -68 
-66 -79 -64 -79 -67 
-63 -80 -69 -77 -68 
-65 -75 -70 -79 -66 
-58 -70 -69 -84 -68 
-69 -78 -69 -79 -67 
-58 -70 -69 -77 -85 
-68 -77 -72 -80 -66 
-69 -70 -63 -77 -83 
-69 -80 -70 -79 -82 
-58 -81 -64 -77 -67 
-71 -71 -70 -80 -85 
-58 -79 -65 -76 -82 
-68 -76 -68 -76 -66 
-62 -76 -68 -77 -79 
-69 -78 -63 -81 -66 
-58 -81 -69 -77 -68 
-71 -77 -64 -79 -66 
-68 -70 -64 -81 -66 
-70 -80 -70 -80 -83 
-69 -75 -64 -80 -69 
-63 -80 -67 -80 -70 
-68 -76 -66 -80 -69 
-69 -78 -66 -78 -84 
-58 -77 -66 -89 -68 
-69 -79 -71 -80 -83 
-58 -76 -70 -89 -66 
-71 -81 -64 -79 -84 
-64 -78 -69 -81 -66 
-71 -77 -69 -81 -67 
-70 -77 -69 -81 -67 
-65 -70 -70 -76 -85 
-66 -77 -68 -81 -72 
-71 -70 -66 -78 -67 
-58 -77 -69 -82 -67 
-69 -77 -70 -75 -66 
-71 -77 -69 -80 -84 
-71 -70 -69 -75 -76 
-68 -70 -70 -77 -84 
-58 -81 -69 -87 -66 
-69 -77 -64 -76 -69 
-71 -77 -66 -87 -66 
-71 -81 -69 -80 -69 
-69 -70 -64 -87 -84 
-69 -79 -70 -78 -77 
-71 -74 -69 -76 -69 
-62 -76 -66 -83 -75 
-70 -69 -66 -78 -85 
-69 -77 -64 -80 -66 
-69 -77 -70 -77 -67 
-58 -75 -70 -78 -77 
-70 -77 -69 -76 -69 
-58 -81 -68 -78 -76 
-63 -70 -69 -76 -69 
-64 -76 -63 -80 -76 
-63 -79 -66 -80 -86 
-70 -70 -69 -76 -85 
-58 -77 -66 -80 -87 
-72 -69 -69 -76 -69 
-58 -77 -69 -80 -66 
-64 -75 -70 -84 -66 
-70 -69 -64 -87 -68 
-63 -75 -66 -80 -84 
-70 -76 -64 -81 -66 
-63 -75 -70 -76 -69 
-71 -72 -69 -89 -67 
-68 -70 -71 -76 -66 
-58 -78 -64 -76 -69 
-72 -77 -64 -88 -72 
-71 -80 -69 -76 -83 
-71 -77 -64 -80 -84 
-69 -79 -69 -76 -68 
-57 -69 -69 -86 -81 
-72 -80 -69 -77 -67 
-61 -79 -72 -81 -82 
-65 -74 -72 -75 -67 
-58 -69 -75 -86 -89 
-68 -73 -70 -86 -84 
-59 -77 -65 -76 -76 
-63 -78 -70 -80 -66 
-68 -82 -74 -87 -72 
-64 -79 -73 -80 -71 
-71 -77 -73 -80 -67 
-67 -68 -64 -77 -79 
-60 -73 -72 -80 -74 
-73 -75 -63 -87 -67 
-65 -74 -70 -79 -78 
-64 -74 -70 -79 -66 
-58 -76 -71 -79 -78 
-68 -75 -71 -77 -72 
-55 -80 -76 -78 -74 
-61 -77 -75 -80 -77 
-69 -75 -73 -86 -69 
-58 -80 -67 -80 -64 
-63 -85 -67 -81 -66 
-65 -82 -71 -89 -72 
-67 -87 -72 -82 -72 
-60 -68 -76 -80 -68 
-65 -82 -67 -78 -74 
-63 -77 -75 -90 -70 
-86 -68 -72 -82 -63 
-68 -80 -69 -81 -70 
-64 -72 -76 -81 -69 
-68 -77 -71 -85 -69 
-66 -76 -78 -90 -73 
-69 -77 -76 -79 -69 
-58 -75 -66 -77 -66 
-75 -68 -65 -80 -68 
-58 -78 -77 -77 -66 
-65 -67 -65 -83 -68 
-59 -81 -75 -80 -66 
-71 -74 -66 -84 -66 
-59 -68 -75 -76 -69 
-68 -77 -83 -80 -74 
-72 -76 -67 -76 -68 
-71 -67 -67 -81 -74 
-65 -74 -68 -78 -67 
-66 -86 -74 -84 -70 
-67 -82 -68 -89 -73 
-66 -69 -76 -82 -77 
-70 -80 -78 -88 -75 
-67 -75 -78 -82 -75 
-64 -73 -76 -85 -71 
-64 -66 -79 -77 -67 
-65 -83 -67 -78 -75 
-62 -70 -76 -77 -73 
-64 -91 -77 -77 -76 
-64 -75 -71 -79 -74 
-67 -73 -79 -78 -74 
-66 -69 -67 -84 -68 
-65 -77 -66 -82 -71 
-65 -69 -75 -82 -63 
-63 -77 -66 -87 -73 
-61 -77 -72 -79 -83 
-64 -68 -71 -78 -69 
-66 -72 -71 -79 -71 
-66 -82 -74 -76 -69 
-68 -66 -73 -84 -79 
-68 -78 -70 -88 -70 
-72 -68 -79 -78 -69 
-68 -76 -75 -81 -69 
-64 -78 -75 -80 -67 
-68 -73 -74 -81 -70 
-61 -82 -67 -81 -66 
-68 -74 -73 -81 -72 
-68 -75 -66 -84 -71 
-65 -85 -68 -80 -70 
-60 -76 -67 -78 -80 
-67 -74 -72 -80 -70 
-65 -77 -69 -79 -73 
-71 -83 -78 -84 -66 
-61 -80 -69 -86 -80 
-63 -82 -67 -83 -71 
-64 -80 -68 -78 -71 
-62 -81 -76 -79 -75 
-69 -82 -72 -78 -66 
-72 -72 -65 -82 -67 
-73 -69 -74 -78 -69 
-71 -83 -82 -79 -67 
-70 -78 -71 -81 -70 
-59 -80 -70 -80 -67 
-75 -81 -80 -83 -69 
-60 -77 -69 -81 -67 
-68 -77 -69 -89 -70 
-58 -81 -69 -83 -70 
-67 -69 -66 -81 -69 
-63 -80 -65 -88 -67 
-63 -74 -68 -79 -73 
-59 -83 -69 -80 -73 
-72 -75 -77 -82 -69 
-64 -76 -66 -78 -74 
-74 -75 -75 -85 -68 
-66 -75 -76 -86 -73 
-65 -78 -71 -88 -68 
-65 -79 -78 -79 -68 
-79 -69 -69 -84 -76 
-75 -72 -73 -79 -71 
-70 -77 -76 -79 -78 
-69 -77 -72 -78 -70 
-70 -81 -71 -87 -74 
-70 -85 -73 -81 -69 
-72 -79 -71 -79 -69 
-71 -85 -70 -81 -70 
-69 -83 -75 -79 -67 
-81 -76 -70 -79 -70 
-69 -68 -83 -83 -73 
-79 -79 -69 -86 -69 
-77 -80 -78 -79 -74 
-72 -69 -71 -83 -77 
-72 -79 -78 -83 -77 
-80 -69 -76 -81 -70 
-72 -79 -79 -80 -71 
-68 -75 -73 -81 -67 
-74 -74 -70 -82 -67 
-70 -72 -72 -85 -74 
-73 -71 -75 -81 -72 
-66 -68 -74 -82 -70 
-75 -80 -72 -81 -68 
-73 -86 -71 -83 -68 
-66 -80 -80 -78 -67 
-66 -75 -71 -88 -68 
-73 -79 -70 -86 -74 
-69 -70 -71 -82 -66 
-66 -78 -79 -85 -67 
-80 -74 -70 -87 -68 
-72 -88 -75 -80 -72 
-65 -78 -76 -80 -67 
-65 -74 -75 -80 -72 
-71 -73 -70 -86 -78 
-71 -81 -76 -81 -73 
-74 -68 -70 -82 -72 
-70 -85 -76 -85 -69 
-74 -78 -72 -88 -67 
-70 -83 -75 -79 -67 
-66 -69 -74 -87 -67 
-69 -87 -73 -83 -69 
-66 -73 -73 -82 -75 
-71 -72 -70 -83 -66 
-70 -81 -75 -85 -69 
-70 -86 -68 -84 -68 
-82 -67 -71 -79 -70 
-61 -75 -76 -83 -67 
-61 -66 -69 -83 -75 
-61 -70 -78 -83 -75 
-66 -70 -69 -79 -81 
-72 -67 -75 -87 -66 
-82 -74 -77 -83 -81 
-70 -70 -78 -84 -71 
-72 -66 -79 -82 -72 
-64 -66 -80 -80 -72 
-67 -67 -72 -83 -74 
-61 -87 -69 -83 -84 
-59 -76 -68 -81 -68 
-66 -67 -81 -83 -66 
-82 -83 -70 -83 -85 
-63 -74 -80 -79 -88 
-60 -81 -83 -85 -65 
-70 -72 -75 -79 -72 
-59 -76 -82 -82 -65 
-77 -69 -77 -80 -75 
-60 -78 -74 -82 -73 
-71 -68 -74 -84 -65 
-64 -79 -75 -87 -66 
-71 -72 -69 -86 -70 
-66 -78 -72 -81 -73 
-65 -82 -78 -81 -79 
-71 -71 -70 -83 -72 
-63 -78 -70 -85 -67 
-77 -74 -73 -80 -73 
-69 -75 -68 -81 -73 
-64 -75 -68 -83 -68 
-71 -71 -72 -86 -68 
-75 -67 -78 -83 -75 
-67 -72 -67 -83 -77 
-63 -69 -71 -80 -66 
-72 -73 -71 -89 -73 
-83 -88 -76 -80 -71 
-70 -67 -72 -86 -63 
-82 -84 -76 -79 -66 
-70 -85 -74 -80 -66 
-70 -81 -75 -83 -66 
-66 -73 -76 -81 -75 
-65 -82 -72 -84 -67 
-68 -75 -76 -86 -67 
-65 -77 -68 -84 -69 
-70 -83 -78 -89 -66 
