320 13
-65 -74 -66 -74 -76 
-68 -72 -69 -82 -75 
-62 -73 -68 -79 -75 
-69 -72 -67 -76 -79 
-62 -72 -67 -74 -71 
-68 -71 -73 -84 -74 
-69 -73 -70 -74 -75 
-68 -70 -72 -75 -76 
-65 -72 -74 -80 -76 
-63 -70 -71 -74 -69 
-68 -71 -67 -75 -72 
-65 -74 -71 -75 -71 
-64 -72 -67 -79 -74 
-64 -71 -71 -75 -71 
-70 -74 -73 -73 -71 
-70 -69 -68 -74 -71 
-70 -72 -72 -80 -71 
-68 -70 -70 -79 -70 
-64 -70 -68 -75 -75 
-68 -72 -66 -75 -70 
-64 -70 -71 -75 -74 
-68 -71 -70 -75 -72 
-67 -72 -66 -78 -72 
-65 -71 -71 -75 -74 
-62 -74 -69 -83 -71 
-70 -71 -70 -76 -78 
-62 -74 -69 -74 -71 
-70 -70 -68 -82 -74 
-62 -71 -70 -75 -77 
-64 -71 -71 -75 -75 
-69 -71 -68 -75 -76 
-62 -73 -71 -75 -71 
-66 -72 -68 -75 -71 
-69 -71 -71 -75 -74 
-65 -74 -68 -76 -71 
-63 -70 -70 -75 -72 
-67 -71 -71 -82 -75 
-64 -72 -71 -75 -71 
-65 -72 -70 -76 -73 
-62 -73 -71 -83 -70 
-63 -72 -69 -79 -75 
-63 -73 -70 -81 -77 
-65 -71 -67 -75 -71 
-62 -74 -70 -75 -73 
-66 -71 -70 -74 -70 
-63 -74 -72 -83 -74 
-63 -72 -69 -75 -72 
-63 -70 -67 -78 -72 
-66 -71 -70 -75 -72 
-65 -71 -71 -82 -73 
-67 -72 -70 -75 -72 
-68 -70 -69 -75 -74 
-63 -71 -72 -83 -71 
-69 -74 -71 -75 -71 
-64 -74 -66 -78 -73 
-66 -71 -70 -77 -72 
-67 -71 -74 -84 -75 
-63 -74 -65 -76 -73 
-68 -70 -70 -76 -71 
-62 -71 -72 -82 -75 
-66 -69 -74 -75 -72 
-63 -71 -73 -84 -73 
-66 -70 -71 -75 -74 
-71 -69 -71 -75 -75 
-65 -71 -73 -75 -72 
-62 -71 -66 -76 -74 
-65 -69 -66 -76 -72 
-67 -69 -73 -75 -71 
-62 -73 -77 -76 -75 
-69 -69 -68 -76 -71 
-69 -71 -69 -75 -72 
-74 -70 -68 -76 -73 
-76 -70 -71 -83 -70 
-66 -71 -71 -77 -71 
-72 -70 -71 -77 -70 
-66 -70 -70 -81 -71 
-77 -74 -68 -75 -71 
-65 -69 -73 -84 -71 
-71 -73 -70 -75 -71 
-78 -70 -70 -80 -69 
-72 -70 -71 -80 -70 
-72 -70 -71 -83 -70 
-72 -73 -73 -77 -72 
-81 -70 -71 -84 -70 
-74 -72 -68 -76 -71 
-77 -71 -72 -76 -71 
-65 -72 -68 -84 -71 
-69 -73 -65 -75 -71 
-69 -68 -70 -75 -74 
-72 -73 -77 -82 -70 
-72 -70 -65 -75 -70 
-69 -72 -69 -77 -74 
-64 -69 -71 -84 -73 
-62 -73 -65 -76 -72 
-65 -71 -65 -80 -73 
-72 -70 -72 -76 -73 
-62 -74 -66 -77 -73 
-68 -70 -70 -75 -73 
-63 -74 -68 -84 -73 
-72 -70 -71 -74 -71 
-66 -71 -70 -79 -71 
-65 -75 -68 -75 -73 
-74 -69 -67 -76 -72 
-65 -72 -69 -76 -69 
-77 -71 -70 -79 -72 
-70 -70 -70 -86 -69 
-72 -71 -71 -74 -70 
-75 -73 -75 -76 -73 
-72 -71 -68 -76 -75 
-75 -71 -75 -86 -73 
-72 -73 -71 -74 -75 
-74 -70 -66 -76 -71 
-72 -73 -74 -74 -75 
-68 -72 -71 -76 -74 
-65 -70 -74 -74 -72 
-74 -72 -71 -76 -75 
-65 -69 -66 -74 -71 
-71 -71 -66 -87 -74 
-65 -71 -71 -76 -71 
-77 -70 -73 -75 -73 
-68 -71 -73 -75 -73 
-75 -72 -72 -75 -73 
-71 -69 -72 -87 -73 
-77 -72 -66 -75 -69 
-73 -68 -66 -87 -74 
-73 -69 -70 -75 -73 
-75 -72 -66 -75 -74 
-68 -72 -69 -85 -74 
-66 -70 -67 -74 -74 
-82 -70 -66 -78 -73 
-69 -75 -69 -75 -72 
-70 -70 -69 -85 -71 
-71 -71 -76 -75 -74 
-64 -72 -66 -82 -74 
-76 -72 -72 -75 -70 
-71 -71 -68 -81 -69 
-76 -72 -69 -74 -72 
-70 -70 -70 -83 -75 
-72 -69 -67 -80 -72 
-68 -70 -68 -74 -74 
-67 -70 -65 -75 -73 
-72 -71 -69 -84 -72 
-67 -70 -65 -75 -74 
-69 -71 -65 -75 -73 
-72 -70 -71 -84 -73 
-70 -71 -72 -75 -73 
-65 -71 -68 -75 -73 
-65 -71 -72 -75 -72 
-70 -70 -73 -75 -72 
-67 -70 -71 -74 -72 
-62 -69 -68 -75 -73 
-62 -74 -74 -84 -73 
-63 -69 -68 -74 -71 
-64 -72 -68 -79 -71 
-69 -72 -74 -83 -73 
-75 -69 -67 -74 -73 
-68 -69 -77 -78 -73 
-68 -70 -65 -77 -73 
-66 -71 -72 -81 -72 
-69 -69 -70 -78 -72 
-72 -73 -72 -74 -73 
-67 -70 -71 -76 -73 
-73 -75 -69 -85 -72 
-65 -70 -66 -74 -74 
-70 -72 -68 -83 -72 
-69 -72 -67 -77 -74 
-77 -72 -69 -75 -70 
-69 -73 -69 -82 -74 
-69 -71 -70 -77 -72 
-72 -71 -70 -75 -72 
-68 -69 -70 -75 -73 
-73 -72 -72 -75 -71 
-69 -72 -67 -75 -72 
-72 -70 -67 -75 -73 
-74 -70 -73 -75 -73 
-75 -69 -67 -82 -72 
-71 -70 -69 -75 -72 
-74 -70 -73 -75 -72 
-69 -69 -70 -76 -73 
-71 -69 -73 -84 -72 
-67 -69 -65 -77 -71 
-69 -70 -72 -75 -73 
-70 -68 -71 -76 -74 
-68 -69 -74 -76 -72 
-71 -69 -69 -80 -71 
-74 -71 -69 -75 -71 
-69 -69 -69 -84 -74 
-65 -71 -66 -76 -72 
-74 -71 -64 -78 -71 
-64 -70 -66 -80 -72 
-63 -73 -68 -74 -74 
-66 -72 -72 -74 -75 
-66 -72 -73 -76 -72 
-73 -73 -70 -79 -70 
-71 -73 -72 -77 -73 
-68 -74 -70 -87 -72 
-72 -69 -72 -78 -71 
-71 -69 -70 -85 -70 
-72 -72 -74 -76 -71 
-66 -74 -68 -84 -75 
-74 -71 -67 -74 -71 
-83 -71 -68 -85 -75 
-65 -69 -67 -74 -71 
-79 -75 -69 -76 -77 
-67 -69 -67 -79 -70 
-68 -69 -71 -75 -72 
-74 -72 -71 -77 -70 
-74 -69 -71 -76 -72 
-67 -73 -71 -75 -74 
-82 -70 -68 -85 -71 
-64 -70 -71 -74 -71 
-79 -71 -69 -75 -69 
-69 -72 -74 -83 -72 
-77 -71 -67 -75 -72 
-69 -70 -74 -86 -74 
-74 -71 -69 -75 -75 
-68 -73 -66 -84 -74 
-73 -73 -73 -82 -72 
-65 -70 -69 -75 -73 
-66 -74 -72 -75 -73 
-77 -71 -70 -74 -72 
-65 -72 -69 -79 -72 
-72 -69 -70 -79 -71 
-69 -69 -74 -84 -74 
-65 -70 -66 -75 -74 
-68 -69 -65 -75 -72 
-70 -69 -66 -75 -73 
-65 -69 -71 -75 -74 
-72 -69 -71 -80 -72 
-67 -69 -71 -75 -70 
-64 -70 -72 -75 -74 
-63 -72 -68 -75 -74 
-67 -71 -70 -75 -72 
-63 -70 -75 -83 -75 
-63 -73 -70 -75 -76 
-75 -69 -75 -75 -72 
-68 -71 -72 -75 -72 
-63 -71 -70 -83 -77 
-72 -72 -74 -75 -72 
-62 -70 -67 -82 -72 
-63 -69 -67 -75 -76 
-71 -70 -71 -84 -71 
-63 -73 -68 -79 -71 
-63 -71 -69 -79 -71 
-62 -70 -69 -75 -72 
-66 -70 -71 -84 -71 
-69 -73 -70 -79 -72 
-70 -70 -69 -75 -73 
-69 -73 -70 -75 -75 
-67 -71 -68 -75 -73 
-69 -71 -65 -78 -74 
-70 -72 -69 -76 -74 
-64 -73 -77 -74 -72 
-68 -71 -69 -75 -74 
-69 -69 -66 -79 -72 
-65 -72 -68 -77 -75 
-62 -70 -67 -83 -71 
-91 -73 -70 -76 -71 
-71 -70 -68 -75 -74 
-72 -70 -69 -77 -73 
-70 -70 -66 -83 -73 
-72 -72 -66 -75 -72 
-70 -68 -71 -75 -74 
-72 -68 -71 -76 -73 
-66 -71 -72 -79 -73 
-72 -69 -66 -76 -74 
-69 -69 -68 -79 -74 
-66 -70 -74 -83 -73 
-72 -72 -70 -76 -73 
-65 -68 -74 -83 -73 
-71 -69 -69 -76 -74 
-74 -73 -74 -83 -73 
-71 -69 -69 -77 -73 
-74 -69 -74 -83 -71 
-72 -69 -69 -77 -74 
-73 -69 -70 -75 -73 
-76 -68 -74 -84 -74 
-71 -69 -69 -77 -71 
-65 -72 -73 -83 -74 
-65 -68 -70 -77 -72 
-76 -71 -71 -78 -71 
-70 -69 -68 -77 -70 
-74 -69 -73 -75 -74 
-69 -69 -71 -76 -73 
-69 -69 -70 -80 -74 
-69 -69 -70 -75 -72 
-71 -69 -70 -83 -73 
-73 -72 -72 -76 -71 
-66 -70 -67 -83 -74 
-66 -72 -67 -80 -72 
-72 -71 -73 -75 -72 
-72 -69 -67 -83 -74 
-71 -73 -73 -83 -72 
-72 -69 -70 -76 -71 
-65 -73 -67 -83 -73 
-71 -69 -70 -76 -71 
-72 -69 -68 -83 -70 
-69 -68 -71 -75 -70 
-71 -68 -74 -83 -74 
-65 -73 -70 -75 -71 
-72 -69 -66 -83 -74 
-77 -69 -69 -75 -71 
-64 -69 -66 -83 -74 
-64 -69 -69 -75 -74 
-74 -72 -74 -75 -71 
-72 -70 -66 -84 -70 
-73 -69 -69 -80 -74 
-65 -69 -74 -75 -73 
-65 -73 -69 -80 -74 
-75 -70 -74 -75 -72 
-65 -68 -74 -75 -73 
-76 -68 -66 -79 -72 
-65 -72 -66 -75 -73 
-75 -70 -66 -76 -71 
-77 -69 -69 -84 -71 
-73 -73 -66 -75 -75 
-71 -69 -69 -76 -73 
-75 -69 -67 -84 -73 
-72 -69 -66 -75 -73 
-78 -74 -74 -76 -75 

