324 5
-64 -71 -63 -75 -81 
-64 -64 -66 -80 -82 
-63 -69 -61 -75 -86 
-63 -65 -63 -79 -80 
-64 -67 -63 -73 -75 
-63 -67 -68 -81 -84 
-65 -68 -58 -74 -86 
-65 -67 -68 -77 -84 
-63 -70 -59 -79 -83 
-68 -65 -63 -74 -75 
-63 -70 -60 -72 -83 
-67 -67 -61 -81 -84 
-70 -66 -66 -81 -80 
-64 -70 -60 -73 -85 
-67 -63 -64 -73 -79 
-66 -68 -65 -80 -77 
-66 -63 -67 -72 -83 
-65 -71 -60 -82 -81 
-70 -64 -63 -72 -84 
-66 -71 -60 -72 -80 
-65 -67 -61 -72 -78 
-63 -65 -63 -72 -82 
-68 -68 -61 -76 -83 
-64 -67 -68 -72 -75 
-67 -67 -68 -76 -79 
-67 -72 -63 -72 -81 
-63 -69 -60 -78 -81 
-69 -73 -65 -70 -78 
-64 -64 -59 -79 -82 
-63 -67 -61 -70 -77 
-69 -73 -67 -71 -81 
-63 -70 -67 -71 -78 
-70 -63 -60 -72 -76 
-62 -67 -67 -77 -81 
-67 -68 -67 -71 -77 
-71 -61 -59 -72 -79 
-65 -67 -66 -79 -80 
-65 -68 -66 -72 -80 
-67 -67 -63 -72 -78 
-65 -67 -65 -72 -79 
-63 -72 -60 -79 -74 
-65 -64 -63 -72 -81 
-64 -73 -60 -79 -78 
-65 -66 -64 -72 -74 
-67 -63 -61 -75 -81 
-70 -66 -68 -71 -75 
-66 -69 -65 -71 -80 
-67 -67 -65 -72 -78 
-64 -68 -67 -78 -79 
-69 -67 -66 -72 -81 
-67 -70 -59 -71 -81 
-71 -65 -67 -71 -75 
-65 -72 -59 -71 -83 
-69 -65 -66 -78 -81 
-65 -73 -60 -73 -78 
-69 -66 -63 -78 -82 
-65 -74 -62 -73 -83 
-69 -65 -63 -78 -76 
-65 -69 -64 -74 -84 
-66 -69 -61 -77 -75 
-69 -65 -64 -72 -83 
-65 -66 -63 -75 -87 
-67 -67 -63 -80 -85 
-67 -66 -65 -76 -89 
-69 -69 -64 -72 -88 
-64 -72 -64 -73 -86 
-68 -64 -64 -75 -80 
-67 -65 -61 -77 -85 
-67 -68 -63 -72 -74 
-67 -68 -63 -79 -81 
-64 -66 -62 -72 -84 
-67 -70 -62 -74 -88 
-64 -73 -61 -74 -80 
-71 -68 -62 -71 -75 
-68 -68 -64 -78 -79 
-63 -64 -65 -73 -81 
-64 -68 -65 -74 -84 
-63 -74 -64 -77 -76 
-64 -71 -61 -76 -84 
-63 -65 -65 -73 -77 
-68 -69 -62 -72 -79 
-68 -64 -62 -79 -78 
-63 -77 -63 -70 -76 
-66 -63 -63 -79 -84 
-64 -71 -64 -78 -76 
-65 -62 -63 -77 -82 
-71 -74 -64 -72 -75 
-64 -63 -62 -79 -79 
-64 -71 -63 -71 -79 
-69 -69 -62 -78 -77 
-66 -72 -64 -80 -91 
-68 -63 -64 -72 -75 
-67 -75 -63 -73 -83 
-64 -65 -64 -85 -75 
-67 -70 -63 -73 -76 
-70 -69 -64 -74 -80 
-66 -64 -62 -79 -80 
-72 -71 -65 -74 -75 
-68 -66 -66 -80 -76 
-73 -73 -64 -71 -80 
-71 -68 -61 -75 -73 
-66 -64 -63 -70 -75 
-73 -72 -62 -72 -75 
-69 -70 -65 -77 -78 
-73 -65 -65 -71 -75 
-78 -75 -60 -78 -76 
-79 -64 -62 -75 -74 
-81 -65 -64 -77 -78 
-72 -66 -67 -72 -79 
-78 -62 -69 -81 -78 
-89 -68 -71 -72 -80 
-75 -74 -72 -77 -77 
-75 -71 -70 -83 -78 
-78 -64 -66 -71 -75 
-74 -74 -62 -71 -81 
-69 -63 -63 -79 -74 
-82 -71 -63 -71 -74 
-73 -64 -65 -79 -75 
-73 -70 -63 -70 -76 
-80 -76 -61 -74 -77 
-81 -64 -65 -71 -76 
-79 -64 -63 -71 -78 
-70 -76 -61 -69 -74 
-81 -64 -62 -78 -75 
-71 -72 -61 -70 -80 
-80 -65 -62 -78 -75 
-71 -72 -61 -71 -79 
-74 -62 -63 -79 -75 
-81 -72 -61 -72 -76 
-75 -68 -63 -79 -76 
-79 -71 -62 -72 -77 
-77 -67 -63 -76 -76 
-72 -68 -60 -79 -76 
-79 -67 -63 -72 -75 
-76 -67 -61 -79 -77 
-70 -71 -60 -70 -75 
-70 -67 -61 -72 -79 
-70 -64 -61 -70 -75 
-78 -65 -62 -80 -75 
-71 -65 -60 -72 -75 
-81 -66 -63 -80 -75 
-72 -72 -62 -73 -74 
-71 -68 -62 -78 -77 
-80 -65 -62 -71 -79 
-84 -65 -60 -81 -77 
-84 -76 -60 -76 -77 
-73 -65 -64 -72 -77 
-84 -65 -58 -80 -75 
-82 -64 -62 -77 -77 
-81 -74 -62 -75 -80 
-74 -69 -62 -74 -76 
-80 -65 -63 -72 -76 
-81 -66 -63 -81 -76 
-80 -72 -58 -72 -76 
-81 -65 -63 -81 -76 
-80 -72 -61 -76 -81 
-81 -65 -63 -72 -75 
-84 -72 -64 -77 -77 
-78 -74 -62 -75 -74 
-70 -66 -60 -79 -75 
-79 -72 -62 -74 -81 
-70 -64 -63 -80 -75 
-77 -70 -63 -74 -82 
-71 -64 -63 -73 -74 
-81 -75 -66 -73 -78 
-76 -68 -68 -74 -81 
-75 -68 -67 -74 -80 
-78 -65 -66 -81 -86 
-72 -72 -68 -75 -81 
-73 -64 -67 -79 -79 
-76 -68 -65 -75 -91 
-76 -67 -65 -72 -73 
-76 -64 -64 -77 -84 
-80 -66 -64 -84 -73 
-86 -63 -61 -72 -83 
-80 -67 -65 -73 -82 
-71 -71 -65 -73 -73 
-76 -64 -65 -84 -77 
-77 -64 -61 -72 -76 
-78 -66 -65 -72 -74 
-81 -67 -65 -83 -78 
-82 -67 -65 -83 -78 
-77 -64 -63 -79 -78 
-76 -70 -63 -72 -82 
-79 -64 -65 -84 -75 
-72 -71 -65 -72 -77 
-83 -64 -63 -73 -74 
-71 -64 -63 -73 -79 
-78 -63 -65 -74 -77 
-77 -67 -65 -74 -75 
-73 -64 -64 -85 -75 
-81 -70 -63 -72 -78 
-77 -64 -65 -71 -75 
-81 -69 -65 -72 -76 
-77 -65 -62 -83 -78 
-87 -64 -64 -71 -78 
-78 -64 -66 -73 -75 
-79 -71 -65 -83 -77 
-77 -63 -62 -70 -75 
-73 -65 -66 -80 -77 
-79 -68 -64 -72 -74 
-79 -65 -65 -73 -77 
-78 -68 -64 -74 -77 
-80 -67 -65 -82 -75 
-76 -65 -67 -71 -75 
-72 -65 -63 -71 -80 
-73 -69 -65 -72 -76 
-79 -66 -65 -71 -80 
-75 -65 -64 -86 -77 
-77 -65 -63 -72 -83 
-76 -65 -65 -84 -78 
-79 -77 -64 -70 -74 
-77 -65 -67 -84 -87 
-78 -64 -68 -79 -74 
-81 -63 -68 -75 -78 
-73 -67 -65 -85 -81 
-71 -68 -67 -79 -76 
-75 -72 -68 -74 -78 
-80 -69 -66 -82 -76 
-73 -64 -66 -76 -78 
-69 -73 -70 -73 -79 
-71 -64 -65 -78 -76 
-71 -69 -65 -72 -77 
-71 -64 -70 -72 -81 
-68 -64 -67 -81 -78 
-71 -63 -67 -73 -82 
-69 -72 -65 -82 -78 
-73 -65 -66 -78 -79 
-72 -72 -65 -73 -81 
-74 -64 -66 -85 -77 
-72 -72 -64 -72 -78 
-71 -66 -66 -86 -80 
-71 -65 -65 -71 -80 
-74 -64 -68 -72 -80 
-72 -71 -66 -72 -79 
-68 -63 -65 -81 -78 
-82 -71 -67 -70 -78 
-73 -70 -64 -78 -79 
-78 -65 -64 -79 -78 
-73 -64 -63 -74 -82 
-72 -67 -63 -71 -83 
-72 -65 -63 -74 -86 
-72 -65 -63 -72 -83 
-77 -74 -64 -73 -73 
-70 -71 -65 -77 -78 
-76 -65 -64 -74 -82 
-70 -69 -66 -72 -82 
-73 -65 -65 -74 -72 
-73 -67 -62 -73 -73 
-75 -64 -65 -74 -79 
-72 -71 -60 -81 -72 
-78 -64 -63 -75 -78 
-72 -72 -62 -74 -79 
-81 -64 -60 -73 -72 
-75 -66 -62 -75 -89 
-74 -63 -61 -71 -78 
-75 -72 -63 -73 -74 
-77 -66 -61 -74 -81 
-77 -70 -66 -73 -75 
-75 -62 -65 -83 -84 
-69 -70 -70 -72 -77 
-70 -65 -68 -77 -74 
-69 -73 -67 -72 -80 
-72 -69 -68 -72 -83 
-71 -65 -63 -73 -76 
-74 -66 -62 -71 -74 
-73 -73 -63 -77 -80 
-82 -69 -61 -76 -77 
-80 -65 -62 -72 -80 
-70 -65 -63 -73 -78 
-80 -69 -61 -79 -81 
-74 -67 -62 -71 -78 
-76 -65 -64 -81 -79 
-72 -70 -59 -72 -77 
-76 -65 -64 -81 -80 
-76 -66 -63 -85 -74 
-76 -65 -63 -71 -78 
-76 -68 -65 -79 -75 
-72 -66 -63 -88 -76 
-72 -65 -62 -71 -79 
-80 -69 -63 -71 -77 
-75 -64 -62 -71 -78 
-77 -64 -63 -78 -78 
-72 -65 -60 -71 -78 
-73 -67 -63 -73 -77 
-74 -66 -62 -70 -77 
-78 -68 -64 -76 -75 
-78 -66 -63 -71 -78 
-76 -66 -62 -77 -78 
-74 -66 -62 -75 -78 
-75 -65 -63 -77 -80 
-75 -65 -64 -77 -79 
-73 -65 -63 -71 -75 
-73 -65 -63 -71 -81 
-72 -65 -63 -82 -80 
-76 -65 -64 -71 -75 
-73 -65 -61 -70 -80 
-75 -65 -63 -84 -81 
-76 -65 -63 -83 -80 
-76 -65 -63 -69 -80 
-75 -65 -61 -70 -78 
-71 -69 -65 -70 -75 
-76 -65 -63 -70 -82 
-74 -69 -64 -70 -79 
-72 -65 -61 -70 -81 
-77 -68 -63 -83 -80 
-77 -67 -61 -71 -79 
-77 -67 -63 -77 -76 
-77 -67 -63 -71 -79 
-73 -68 -62 -71 -80 
-73 -67 -61 -71 -77 
-75 -67 -63 -70 -79 
-73 -68 -60 -70 -79 
-75 -66 -63 -84 -74 
-74 -69 -63 -70 -78 
-73 -67 -64 -86 -79 
-72 -69 -66 -79 -78 
-73 -66 -66 -71 -79 
-74 -69 -65 -87 -80 
-73 -67 -64 -71 -74 
-73 -67 -63 -71 -80 
-73 -67 -63 -71 -81 
-73 -67 -63 -71 -81 
-73 -68 -64 -71 -75 
