287 2
-85 -69 -75 -76 -82 
-91 -68 -75 -76 -83 
-77 -72 -81 -74 -86 
-77 -66 -78 -77 -87 
-81 -70 -79 -76 -87 
-83 -72 -85 -80 -88 
-85 -70 -69 -75 -87 
-80 -68 -71 -77 -87 
-92 -69 -70 -74 -81 
-78 -67 -68 -75 -83 
-76 -67 -71 -81 -80 
-77 -66 -71 -75 -82 
-75 -69 -65 -80 -81 
-90 -70 -66 -75 -83 
-78 -71 -70 -76 -81 
-78 -70 -66 -77 -82 
-77 -68 -65 -75 -83 
-75 -66 -69 -75 -80 
-83 -70 -65 -73 -82 
-79 -65 -74 -72 -81 
-89 -73 -76 -78 -77 
-80 -71 -77 -75 -81 
-82 -75 -76 -76 -83 
-77 -67 -84 -75 -85 
-74 -65 -74 -77 -83 
-80 -71 -72 -80 -89 
-74 -64 -81 -78 -83 
-78 -70 -75 -77 -86 
-74 -69 -74 -75 -81 
-75 -64 -76 -74 -85 
-77 -69 -80 -77 -84 
-74 -73 -76 -80 -84 
-75 -69 -75 -81 -83 
-74 -64 -74 -73 -83 
-79 -76 -81 -76 -83 
-74 -65 -73 -77 -81 
-81 -82 -79 -78 -80 
-79 -70 -78 -74 -83 
-77 -68 -75 -76 -80 
-83 -65 -73 -77 -85 
-80 -78 -73 -80 -80 
-79 -65 -74 -81 -82 
-84 -75 -73 -77 -82 
-79 -71 -68 -75 -77 
-77 -67 -70 -76 -82 
-81 -70 -73 -77 -79 
-78 -75 -74 -76 -84 
-72 -69 -76 -78 -81 
-83 -66 -73 -76 -80 
-76 -65 -68 -75 -79 
-78 -68 -82 -74 -78 
-76 -74 -68 -76 -81 
-85 -65 -71 -76 -85 
-72 -69 -75 -80 -83 
-77 -71 -72 -75 -82 
-76 -65 -74 -75 -84 
-83 -71 -69 -74 -86 
-76 -72 -75 -80 -80 
-78 -71 -71 -76 -80 
-77 -71 -69 -76 -82 
-85 -68 -69 -72 -80 
-77 -71 -75 -75 -83 
-76 -68 -74 -74 -81 
-79 -67 -69 -75 -81 
-83 -72 -71 -75 -87 
-77 -68 -81 -77 -85 
-79 -72 -77 -75 -80 
-78 -72 -78 -73 -77 
-81 -71 -74 -74 -79 
-79 -74 -72 -76 -78 
-82 -71 -76 -73 -78 
-80 -71 -74 -73 -80 
-81 -71 -74 -76 -78 
-77 -66 -74 -76 -80 
-75 -68 -74 -74 -82 
-72 -71 -66 -77 -82 
-79 -65 -70 -76 -80 
-76 -72 -68 -73 -81 
-74 -65 -78 -78 -80 
-77 -70 -80 -78 -82 
-76 -69 -71 -75 -80 
-76 -68 -72 -79 -83 
-79 -68 -72 -84 -82 
-83 -67 -72 -78 -85 
-83 -65 -76 -75 -85 
-79 -67 -77 -78 -89 
-83 -68 -65 -74 -84 
-81 -67 -69 -77 -85 
-81 -69 -73 -74 -81 
-85 -71 -72 -77 -81 
-82 -70 -69 -78 -79 
-78 -69 -65 -74 -81 
-80 -71 -71 -80 -83 
-90 -70 -65 -74 -87 
-78 -68 -66 -81 -82 
-81 -69 -72 -73 -81 
-80 -71 -72 -80 -81 
-80 -70 -72 -73 -84 
-71 -65 -76 -79 -81 
-79 -70 -78 -74 -86 
-77 -66 -70 -75 -87 
-79 -68 -72 -75 -84 
-79 -70 -71 -75 -84 
-73 -68 -73 -75 -87 
-76 -68 -70 -79 -83 
-80 -71 -73 -82 -86 
-76 -69 -71 -81 -85 
-78 -67 -74 -83 -85 
-79 -69 -65 -79 -86 
-78 -66 -71 -79 -90 
-77 -70 -65 -84 -86 
-81 -65 -72 -80 -82 
-76 -68 -73 -74 -81 
-79 -67 -70 -77 -87 
-76 -63 -66 -74 -80 
-79 -70 -68 -75 -79 
-79 -68 -75 -74 -77 
-77 -74 -75 -76 -89 
-79 -67 -73 -74 -83 
-75 -71 -75 -74 -83 
-75 -67 -77 -73 -78 
-85 -69 -68 -75 -84 
-79 -66 -74 -74 -78 
-76 -71 -78 -73 -85 
-83 -69 -68 -83 -77 
-78 -68 -68 -75 -84 
-73 -69 -74 -76 -84 
-83 -69 -75 -76 -78 
-81 -72 -70 -80 -78 
-76 -72 -71 -80 -81 
-80 -77 -74 -76 -87 
-90 -63 -80 -72 -78 
-77 -68 -73 -74 -75 
-83 -70 -74 -76 -84 
-73 -76 -75 -75 -89 
-78 -75 -73 -76 -80 
-83 -63 -71 -75 -80 
-76 -73 -75 -75 -78 
-86 -74 -75 -77 -79 
-80 -75 -71 -80 -79 
-78 -74 -77 -77 -82 
-77 -74 -74 -75 -79 
-84 -76 -74 -77 -81 
-91 -64 -71 -75 -79 
-84 -74 -72 -78 -84 
-84 -73 -71 -77 -78 
-87 -65 -70 -75 -82 
-82 -70 -74 -80 -89 
-85 -65 -71 -75 -83 
-80 -69 -75 -79 -86 
-79 -65 -71 -76 -81 
-80 -68 -76 -81 -83 
-79 -68 -77 -81 -81 
-81 -71 -75 -81 -80 
-92 -68 -73 -75 -82 
-83 -68 -70 -75 -82 
-84 -66 -71 -79 -84 
-83 -65 -65 -76 -86 
-80 -71 -68 -75 -80 
-81 -72 -68 -78 -80 
-77 -70 -64 -75 -84 
-76 -72 -69 -75 -77 
-79 -69 -68 -74 -82 
-75 -66 -71 -83 -84 
-83 -72 -67 -75 -83 
-86 -66 -71 -79 -78 
-78 -71 -66 -76 -82 
-77 -66 -66 -74 -79 
-83 -73 -64 -75 -78 
-79 -66 -69 -79 -78 
-76 -70 -67 -75 -85 
-81 -67 -65 -75 -79 
-79 -68 -68 -76 -84 
-84 -67 -67 -75 -79 
-81 -66 -65 -75 -81 
-80 -68 -67 -75 -79 
-77 -72 -69 -77 -76 
-85 -70 -66 -80 -79 
-87 -67 -67 -78 -83 
-80 -72 -63 -76 -79 
-83 -68 -65 -74 -79 
-78 -71 -72 -74 -80 
-80 -70 -66 -79 -83 
-77 -68 -66 -74 -80 
-86 -76 -67 -76 -84 
-81 -71 -68 -75 -83 
-87 -69 -70 -86 -83 
-89 -65 -76 -75 -88 
-82 -69 -79 -75 -85 
-82 -75 -78 -78 -81 
-80 -70 -83 -73 -81 
-81 -65 -72 -74 -81 
-81 -74 -79 -73 -79 
-81 -66 -80 -80 -81 
-80 -70 -70 -74 -88 
-86 -71 -66 -72 -82 
-77 -67 -72 -73 -83 
-81 -70 -67 -81 -89 
-77 -67 -65 -79 -84 
-79 -70 -71 -80 -84 
-81 -71 -73 -75 -84 
-81 -65 -65 -72 -85 
-81 -69 -73 -76 -89 
-84 -67 -71 -76 -84 
-81 -67 -69 -85 -81 
-82 -67 -71 -80 -85 
-79 -73 -70 -74 -83 
-78 -70 -69 -73 -84 
-78 -66 -68 -74 -81 
-80 -74 -69 -74 -83 
-85 -70 -68 -75 -83 
-80 -66 -67 -75 -87 
-76 -67 -66 -75 -83 
-82 -67 -73 -77 -86 
-77 -67 -65 -73 -86 
-83 -70 -70 -75 -84 
-85 -69 -69 -76 -90 
-78 -73 -69 -75 -78 
-79 -75 -65 -79 -80 
-79 -74 -71 -78 -90 
-78 -71 -68 -74 -86 
-80 -64 -65 -75 -86 
-83 -71 -65 -77 -84 
-82 -72 -64 -74 -85 
-84 -66 -72 -77 -84 
-80 -68 -64 -75 -78 
-78 -67 -72 -73 -83 
-80 -68 -64 -76 -79 
-79 -67 -64 -75 -82 
-79 -66 -72 -77 -80 
-79 -67 -67 -75 -80 
-79 -65 -70 -79 -79 
-80 -67 -64 -76 -83 
-78 -68 -64 -76 -81 
-85 -64 -65 -75 -82 
-81 -75 -74 -78 -87 
-81 -68 -71 -75 -80 
-81 -67 -71 -76 -86 
-81 -64 -73 -78 -84 
-83 -69 -71 -81 -88 
-81 -64 -65 -75 -85 
-84 -69 -72 -81 -88 
-82 -64 -70 -75 -85 
-83 -68 -74 -75 -80 
-81 -65 -71 -75 -86 
-82 -69 -75 -80 -80 
-81 -68 -65 -81 -83 
-81 -65 -65 -75 -84 
-82 -69 -75 -74 -88 
-81 -65 -71 -75 -80 
-84 -69 -75 -75 -84 
-85 -65 -65 -75 -89 
-84 -67 -67 -80 -84 
-86 -67 -65 -76 -87 
-81 -69 -71 -74 -85 
-83 -66 -70 -75 -80 
-77 -72 -69 -76 -86 
-81 -72 -69 -78 -85 
-78 -66 -68 -73 -84 
-78 -71 -74 -78 -80 
-80 -68 -74 -74 -87 
-81 -71 -65 -75 -80 
-75 -70 -76 -75 -79 
-78 -70 -70 -73 -89 
-75 -70 -69 -75 -79 
-79 -67 -73 -75 -83 
-75 -69 -70 -75 -79 
-82 -66 -75 -76 -83 
-79 -69 -70 -75 -78 
-82 -66 -74 -77 -83 
-79 -70 -70 -75 -79 
-76 -69 -68 -76 -83 
-76 -70 -65 -77 -90 
-77 -70 -67 -74 -90 
-79 -70 -74 -77 -83 
-83 -69 -65 -74 -90 
-80 -70 -64 -73 -79 
-77 -70 -65 -73 -87 
-76 -70 -75 -76 -89 
-79 -70 -70 -73 -83 
-76 -69 -75 -74 -90 
-76 -69 -69 -73 -78 
-80 -69 -75 -76 -83 
-83 -70 -71 -76 -80 
-79 -69 -70 -74 -78 
-75 -69 -65 -76 -82 
-75 -68 -70 -75 -88 