277 9
-75 -66 -63 -81 -72 
-71 -66 -65 -73 -78 
-73 -65 -63 -80 -72 
-73 -67 -65 -76 -73 
-74 -66 -65 -74 -83 
-70 -67 -66 -80 -84 
-67 -66 -63 -74 -72 
-67 -67 -63 -74 -82 
-69 -67 -65 -73 -81 
-71 -67 -65 -80 -71 
-71 -67 -65 -73 -78 
-71 -67 -62 -73 -71 
-75 -67 -65 -73 -80 
-72 -66 -63 -73 -77 
-66 -66 -62 -81 -78 
-77 -66 -65 -80 -74 
-75 -66 -65 -73 -74 
-73 -67 -66 -80 -71 
-69 -66 -65 -73 -81 
-72 -68 -66 -80 -70 
-78 -67 -62 -81 -80 
-68 -67 -63 -80 -83 
-67 -67 -63 -81 -80 
-72 -68 -65 -73 -85 
-77 -67 -63 -73 -74 
-71 -67 -65 -73 -72 
-72 -67 -63 -73 -75 
-68 -67 -63 -80 -78 
-68 -67 -63 -80 -77 
-69 -67 -66 -74 -72 
-66 -66 -65 -74 -71 
-72 -67 -65 -74 -74 
-71 -66 -64 -73 -71 
-73 -67 -65 -74 -81 
-75 -68 -65 -74 -73 
-76 -67 -64 -80 -81 
-69 -66 -65 -73 -77 
-76 -68 -65 -80 -77 
-73 -66 -63 -73 -82 
-70 -66 -65 -74 -80 
-73 -66 -65 -81 -77 
-72 -68 -62 -73 -71 
-68 -68 -65 -82 -77 
-76 -66 -64 -73 -74 
-66 -66 -64 -79 -76 
-71 -68 -65 -73 -71 
-69 -67 -65 -79 -77 
-71 -69 -65 -83 -72 
-65 -66 -66 -77 -70 
-71 -65 -63 -74 -74 
-65 -67 -65 -74 -71 
-65 -68 -65 -82 -78 
-66 -68 -66 -76 -78 
-67 -67 -65 -86 -82 
-72 -67 -71 -74 -80 
-76 -66 -77 -73 -73 
-75 -65 -80 -82 -85 
-77 -67 -74 -75 -78 
-70 -66 -78 -73 -76 
-77 -69 -75 -86 -85 
-77 -65 -69 -77 -76 
-73 -66 -75 -75 -76 
-77 -66 -75 -73 -79 
-71 -70 -66 -80 -85 
-84 -65 -77 -74 -75 
-75 -66 -81 -73 -74 
-65 -66 -71 -80 -77 
-65 -65 -69 -78 -76 
-71 -67 -67 -81 -70 
-74 -65 -62 -77 -82 
-71 -64 -59 -78 -70 
-76 -65 -62 -74 -88 
-65 -64 -62 -77 -74 
-65 -65 -62 -77 -82 
-69 -64 -61 -75 -71 
-82 -66 -62 -75 -78 
-74 -66 -66 -90 -70 
-71 -66 -63 -76 -71 
-64 -65 -75 -87 -77 
-74 -68 -65 -74 -76 
-77 -66 -73 -76 -78 
-70 -67 -78 -78 -83 
-76 -66 -75 -81 -78 
-69 -68 -75 -74 -79 
-75 -68 -70 -73 -75 
-78 -65 -67 -79 -80 
-75 -67 -75 -74 -76 
-68 -68 -69 -75 -75 
-77 -67 -68 -79 -72 
-67 -68 -74 -88 -71 
-76 -67 -74 -73 -73 
-65 -65 -73 -75 -72 
-74 -67 -69 -80 -77 
-77 -66 -68 -80 -77 
-72 -66 -68 -78 -78 
-69 -65 -71 -78 -71 
-70 -66 -64 -75 -72 
-66 -67 -65 -78 -71 
-68 -66 -65 -75 -79 
-68 -66 -64 -83 -71 
-68 -65 -64 -78 -71 
-68 -66 -70 -75 -80 
-66 -65 -60 -78 -85 
-71 -65 -69 -75 -71 
-73 -64 -67 -89 -81 
-74 -66 -62 -76 -79 
-76 -65 -60 -80 -70 
-67 -66 -63 -82 -83 
-71 -65 -62 -81 -75 
-67 -65 -59 -75 -82 
-66 -68 -61 -84 -72 
-67 -66 -61 -75 -73 
-76 -65 -63 -72 -77 
-69 -66 -61 -75 -76 
-67 -70 -59 -76 -84 
-74 -65 -63 -74 -80 
-69 -67 -62 -81 -81 
-69 -69 -63 -75 -78 
-72 -67 -63 -79 -82 
-65 -66 -63 -75 -77 
-75 -67 -68 -77 -75 
-74 -65 -68 -79 -75 
-79 -66 -71 -73 -76 
-67 -67 -71 -79 -72 
-73 -66 -79 -79 -79 
-76 -67 -75 -81 -79 
-80 -66 -69 -73 -72 
-75 -67 -77 -82 -70 
-73 -66 -76 -81 -72 
-71 -67 -74 -73 -83 
-67 -66 -72 -78 -79 
-70 -68 -65 -73 -80 
-68 -66 -74 -80 -80 
-75 -67 -67 -73 -78 
-74 -68 -65 -74 -78 
-72 -66 -65 -78 -71 
-66 -69 -66 -73 -80 
-74 -66 -64 -74 -76 
-65 -66 -62 -80 -78 
-74 -67 -63 -79 -77 
-74 -68 -65 -74 -79 
-82 -68 -67 -74 -76 
-74 -66 -66 -78 -72 
-75 -66 -66 -76 -79 
-74 -67 -66 -76 -71 
-66 -66 -65 -74 -71 
-72 -68 -66 -73 -72 
-65 -66 -64 -79 -80 
-69 -67 -63 -79 -75 
-72 -66 -65 -77 -76 
-78 -68 -65 -79 -77 
-69 -66 -63 -79 -78 
-75 -67 -64 -73 -75 
-74 -66 -65 -74 -81 
-75 -66 -62 -78 -80 
-67 -68 -65 -74 -71 
-70 -65 -63 -79 -80 
-67 -67 -65 -74 -78 
-69 -66 -65 -78 -80 
-80 -68 -65 -79 -79 
-72 -66 -65 -78 -77 
-74 -67 -62 -74 -78 
-68 -67 -64 -80 -71 
-68 -66 -64 -79 -74 
-73 -67 -65 -74 -75 
-67 -65 -65 -79 -80 
-72 -67 -63 -78 -78 
-68 -67 -64 -78 -78 
-76 -68 -65 -79 -78 
-71 -67 -66 -78 -76 
-74 -68 -64 -74 -76 
-69 -65 -65 -80 -79 
-83 -67 -63 -79 -79 
-66 -68 -64 -74 -71 
-82 -66 -66 -79 -79 
-71 -67 -63 -78 -72 
-82 -67 -75 -76 -71 
-67 -66 -78 -81 -70 
-69 -68 -69 -73 -71 
-69 -66 -72 -73 -84 
-77 -66 -83 -72 -71 
-67 -68 -74 -84 -74 
-76 -67 -86 -77 -79 
-80 -66 -70 -74 -69 
-73 -70 -82 -79 -75 
-71 -71 -85 -79 -79 
-87 -69 -75 -79 -74 
-72 -66 -76 -81 -78 
-74 -66 -72 -72 -79 
-76 -67 -79 -79 -78 
-72 -67 -70 -72 -81 
-78 -68 -73 -79 -74 
-66 -65 -74 -79 -76 
-80 -66 -76 -79 -77 
-73 -66 -70 -78 -76 
-72 -67 -74 -81 -73 
-73 -66 -78 -81 -80 
-72 -65 -68 -75 -73 
-68 -65 -79 -88 -76 
-65 -67 -68 -73 -78 
-70 -65 -79 -76 -73 
-65 -66 -68 -73 -80 
-72 -65 -75 -89 -79 
-78 -66 -67 -73 -72 
-66 -64 -79 -89 -77 
-66 -65 -74 -80 -81 
-71 -68 -80 -73 -80 
-75 -66 -82 -71 -78 
-66 -65 -69 -76 -78 
-74 -67 -69 -84 -79 
-69 -67 -84 -77 -73 
-73 -67 -74 -78 -73 
-65 -67 -72 -83 -80 
-72 -66 -71 -73 -77 
-65 -67 -74 -80 -84 
-68 -66 -81 -73 -73 
-71 -66 -75 -80 -76 
-68 -65 -77 -80 -79 
-66 -68 -70 -72 -77 
-77 -66 -75 -72 -76 
-68 -66 -75 -73 -73 
-67 -66 -75 -89 -77 
-72 -68 -70 -77 -71 
-80 -65 -81 -88 -71 
-78 -67 -77 -76 -79 
-65 -66 -67 -74 -77 
-74 -66 -80 -85 -71 
-73 -65 -67 -83 -77 
-74 -66 -83 -84 -70 
-73 -65 -67 -75 -81 
-74 -65 -74 -83 -70 
-68 -65 -75 -79 -73 
-71 -66 -68 -74 -77 
-69 -66 -79 -81 -73 
-75 -65 -79 -76 -73 
-77 -65 -67 -81 -76 
-79 -66 -76 -74 -71 
-71 -69 -84 -77 -70 
-74 -68 -69 -89 -79 
-79 -69 -77 -78 -70 
-76 -66 -72 -80 -78 
-65 -67 -80 -87 -77 
-72 -66 -82 -78 -77 
-76 -66 -69 -84 -76 
-81 -66 -83 -75 -78 
-76 -66 -75 -74 -78 
-83 -65 -78 -87 -81 
-71 -67 -77 -79 -80 
-74 -64 -65 -77 -74 
-65 -67 -65 -72 -74 
-74 -65 -70 -73 -81 
-69 -66 -70 -80 -79 
-65 -65 -70 -81 -76 
-71 -65 -66 -77 -77 
-76 -66 -68 -77 -73 
-68 -66 -75 -78 -72 
-72 -65 -75 -76 -81 
-82 -66 -80 -87 -71 
-72 -67 -72 -80 -71 
-76 -66 -75 -84 -76 
-67 -66 -69 -78 -73 
-76 -66 -74 -72 -71 
-76 -66 -78 -72 -77 
-66 -66 -79 -85 -77 
-72 -66 -74 -79 -84 
-69 -67 -74 -72 -71 
-75 -67 -78 -79 -84 
-70 -67 -74 -79 -77 
-75 -66 -74 -72 -83 
-66 -67 -70 -72 -71 
-76 -66 -78 -72 -82 
-65 -67 -77 -80 -71 
-66 -67 -69 -72 -77 
-70 -66 -79 -75 -71 
-66 -66 -74 -78 -83 
-75 -67 -78 -72 -76 
-66 -66 -78 -78 -77 
