315 12
-59 -73 -71 -75 -69 
-57 -71 -71 -76 -67 
-55 -85 -70 -78 -68 
-54 -72 -72 -78 -68 
-56 -88 -68 -73 -68 
-54 -69 -70 -72 -68 
-58 -86 -71 -69 -68 
-65 -70 -72 -77 -68 
-59 -72 -70 -79 -66 
-65 -87 -65 -72 -67 
-54 -75 -65 -73 -68 
-58 -69 -65 -77 -67 
-54 -86 -68 -76 -68 
-59 -71 -65 -72 -67 
-65 -73 -69 -72 -68 
-58 -84 -73 -76 -72 
-64 -73 -64 -70 -65 
-57 -84 -72 -77 -71 
-56 -75 -68 -73 -68 
-55 -81 -72 -72 -66 
-55 -75 -69 -77 -69 
-56 -83 -64 -76 -67 
-63 -74 -70 -76 -69 
-57 -74 -73 -77 -67 
-65 -72 -72 -75 -69 
-55 -75 -67 -78 -66 
-61 -78 -66 -72 -68 
-60 -74 -71 -72 -68 
-61 -82 -67 -77 -65 
-67 -71 -72 -76 -67 
-55 -81 -66 -77 -67 
-66 -72 -72 -69 -69 
-56 -74 -71 -77 -66 
-59 -72 -72 -68 -68 
-58 -83 -71 -78 -66 
-63 -72 -75 -75 -68 
-57 -84 -72 -69 -64 
-70 -83 -70 -74 -68 
-60 -71 -73 -69 -66 
-57 -81 -67 -79 -66 
-65 -71 -67 -69 -67 
-58 -81 -75 -78 -68 
-61 -72 -65 -69 -65 
-71 -72 -65 -77 -69 
-59 -81 -72 -78 -65 
-80 -70 -67 -69 -70 
-57 -80 -71 -79 -65 
-69 -72 -70 -69 -70 
-54 -73 -70 -69 -65 
-56 -73 -65 -78 -69 
-55 -77 -70 -68 -66 
-57 -81 -68 -73 -68 
-58 -72 -72 -68 -66 
-65 -85 -66 -77 -69 
-56 -83 -68 -73 -66 
-57 -72 -75 -69 -67 
-59 -84 -66 -73 -69 
-63 -73 -75 -75 -68 
-65 -72 -71 -69 -66 
-65 -73 -72 -78 -68 
-59 -73 -71 -78 -68 
-68 -86 -72 -69 -66 
-67 -72 -72 -78 -68 
-67 -73 -67 -77 -68 
-66 -76 -68 -74 -66 
-74 -80 -68 -76 -66 
-71 -69 -69 -74 -69 
-67 -74 -69 -69 -68 
-63 -79 -69 -71 -67 
-64 -74 -70 -79 -71 
-83 -83 -73 -79 -68 
-63 -77 -69 -78 -71 
-82 -76 -74 -75 -65 
-63 -71 -66 -70 -65 
-75 -73 -69 -71 -67 
-64 -75 -74 -81 -66 
-83 -82 -65 -72 -77 
-61 -74 -73 -81 -67 
-58 -83 -65 -70 -69 
-57 -73 -68 -81 -72 
-58 -72 -65 -73 -69 
-56 -77 -65 -70 -70 
-59 -75 -76 -75 -69 
-70 -85 -72 -72 -63 
-66 -74 -78 -79 -73 
-59 -81 -69 -80 -65 
-74 -73 -66 -72 -76 
-60 -77 -65 -81 -65 
-66 -71 -73 -73 -75 
-64 -74 -71 -78 -65 
-71 -77 -65 -84 -74 
-68 -70 -72 -72 -66 
-71 -74 -68 -73 -65 
-72 -79 -66 -81 -77 
-74 -70 -76 -75 -65 
-75 -84 -67 -82 -70 
-71 -73 -75 -75 -65 
-64 -69 -75 -74 -69 
-63 -74 -70 -74 -69 
-67 -77 -74 -76 -78 
-62 -81 -73 -73 -69 
-78 -72 -70 -72 -65 
-70 -79 -68 -84 -72 
-71 -74 -71 -77 -68 
-62 -79 -72 -83 -70 
-70 -75 -73 -76 -68 
-61 -76 -70 -80 -70 
-72 -76 -70 -74 -69 
-75 -76 -67 -80 -68 
-71 -81 -70 -76 -70 
-79 -73 -66 -74 -69 
-70 -78 -65 -83 -69 
-74 -75 -70 -77 -68 
-77 -72 -70 -71 -68 
-70 -77 -67 -71 -69 
-72 -73 -72 -71 -70 
-60 -72 -70 -73 -67 
-62 -78 -68 -83 -66 
-70 -78 -72 -77 -70 
-70 -77 -71 -78 -66 
-70 -76 -68 -82 -67 
-61 -79 -69 -68 -68 
-69 -78 -69 -76 -69 
-61 -78 -69 -81 -70 
-65 -76 -70 -75 -69 
-65 -78 -67 -78 -68 
-69 -75 -68 -70 -67 
-72 -79 -70 -86 -68 
-69 -75 -70 -80 -68 
-71 -76 -70 -75 -69 
-61 -79 -71 -81 -69 
-70 -75 -69 -81 -69 
-60 -79 -72 -81 -69 
-61 -75 -70 -80 -68 
-61 -74 -71 -76 -69 
-72 -74 -73 -71 -65 
-66 -73 -69 -75 -68 
-66 -72 -72 -81 -67 
-71 -79 -72 -73 -69 
-68 -71 -70 -72 -67 
-66 -75 -70 -74 -67 
-61 -76 -69 -78 -69 
-67 -75 -69 -74 -69 
-71 -73 -70 -76 -67 
-73 -81 -70 -76 -71 
-62 -73 -71 -80 -67 
-62 -80 -71 -77 -67 
-62 -76 -71 -75 -67 
-60 -81 -74 -73 -67 
-62 -79 -67 -78 -66 
-70 -72 -71 -72 -67 
-68 -74 -70 -71 -65 
-70 -75 -74 -78 -70 
-74 -76 -71 -78 -70 
-73 -80 -68 -77 -68 
-75 -74 -69 -73 -67 
-62 -74 -69 -75 -67 
-78 -81 -68 -70 -65 
-76 -74 -71 -76 -69 
-70 -75 -69 -75 -69 
-79 -81 -69 -74 -67 
-70 -75 -68 -76 -71 
-70 -74 -69 -73 -67 
-73 -72 -67 -71 -68 
-62 -77 -68 -77 -65 
-75 -72 -68 -71 -68 
-63 -77 -68 -71 -69 
-62 -73 -71 -76 -68 
-71 -72 -71 -72 -69 
-73 -72 -71 -71 -68 
-75 -77 -71 -80 -69 
-72 -72 -70 -77 -67 
-62 -77 -68 -72 -66 
-68 -73 -69 -71 -67 
-61 -73 -68 -70 -66 
-74 -73 -68 -70 -66 
-68 -74 -69 -76 -68 
-74 -72 -71 -78 -68 
-62 -79 -70 -70 -68 
-62 -72 -67 -71 -67 
-66 -78 -70 -77 -68 
-72 -78 -71 -73 -68 
-67 -72 -68 -73 -67 
-67 -78 -67 -77 -69 
-62 -74 -68 -77 -69 
-73 -78 -74 -78 -71 
-77 -73 -66 -77 -68 
-71 -76 -69 -71 -69 
-74 -72 -71 -78 -69 
-63 -74 -71 -77 -69 
-62 -76 -70 -77 -67 
-79 -75 -71 -81 -71 
-62 -72 -69 -77 -67 
-77 -75 -74 -78 -70 
-67 -72 -70 -80 -65 
-69 -75 -70 -73 -67 
-63 -78 -72 -77 -70 
-69 -77 -73 -75 -66 
-62 -80 -70 -77 -65 
-73 -75 -69 -70 -65 
-62 -76 -68 -78 -65 
-65 -77 -69 -70 -66 
-69 -76 -71 -77 -70 
-69 -72 -69 -69 -65 
-68 -78 -68 -72 -65 
-62 -72 -68 -76 -66 
-68 -80 -68 -78 -68 
-69 -72 -68 -76 -66 
-65 -75 -69 -76 -66 
-69 -71 -67 -68 -67 
-62 -80 -72 -75 -67 
-70 -71 -70 -68 -69 
-69 -77 -66 -74 -67 
-65 -77 -73 -73 -67 
-68 -80 -67 -78 -66 
-69 -71 -72 -69 -68 
-70 -77 -68 -78 -68 
-62 -80 -73 -69 -67 
-66 -81 -70 -76 -67 
-66 -76 -67 -75 -68 
-70 -80 -69 -78 -68 
-64 -77 -69 -70 -66 
-69 -82 -72 -78 -66 
-63 -78 -68 -77 -66 
-74 -81 -72 -70 -66 
-71 -77 -68 -78 -67 
-72 -80 -72 -73 -68 
-69 -77 -69 -76 -69 
-66 -76 -71 -78 -68 
-60 -74 -70 -80 -66 
-69 -72 -69 -70 -70 
-70 -75 -67 -79 -68 
-68 -79 -72 -69 -69 
-64 -75 -66 -77 -67 
-61 -81 -71 -79 -67 
-73 -80 -67 -78 -69 
-62 -83 -69 -70 -67 
-65 -79 -66 -73 -68 
-66 -76 -69 -74 -68 
-69 -79 -70 -73 -69 
-57 -87 -68 -80 -67 
-56 -73 -75 -72 -75 
-54 -77 -66 -72 -71 
-57 -81 -75 -77 -70 
-53 -73 -71 -73 -83 
-55 -74 -71 -77 -69 
-59 -72 -73 -81 -83 
-54 -78 -74 -73 -84 
-59 -72 -65 -84 -74 
-54 -71 -65 -83 -80 
-76 -72 -73 -77 -78 
-63 -75 -68 -80 -78 
-68 -75 -70 -75 -66 
-57 -77 -73 -78 -73 
-67 -74 -68 -71 -68 
-75 -77 -67 -78 -82 
-78 -72 -70 -69 -67 
-75 -76 -70 -80 -82 
-65 -76 -67 -72 -68 
-74 -75 -73 -80 -71 
-71 -72 -66 -74 -66 
-67 -77 -76 -77 -71 
-71 -77 -66 -78 -67 
-60 -81 -67 -84 -66 
-60 -76 -67 -80 -66 
-77 -77 -77 -71 -68 
-59 -79 -64 -80 -68 
-65 -74 -75 -81 -65 
-76 -73 -68 -71 -68 
-65 -74 -74 -82 -66 
-64 -72 -70 -75 -67 
-60 -80 -67 -73 -68 
-62 -74 -70 -77 -67 
-59 -73 -71 -77 -67 
-72 -76 -67 -77 -66 
-67 -73 -71 -78 -68 
-66 -73 -66 -72 -65 
-71 -74 -71 -77 -66 
-79 -76 -74 -73 -71 
-73 -73 -68 -72 -68 
-59 -78 -72 -77 -72 
-71 -74 -65 -78 -66 
-69 -73 -65 -72 -68 
-70 -76 -70 -72 -67 
-60 -80 -70 -72 -67 
-75 -73 -75 -78 -71 
-67 -79 -65 -71 -66 
-73 -77 -65 -77 -72 
-69 -79 -66 -78 -66 
-70 -77 -67 -79 -66 
-65 -74 -70 -71 -66 
-71 -75 -66 -79 -90 
-63 -78 -70 -78 -64 
-66 -74 -65 -83 -74 
-63 -76 -67 -77 -65 
-58 -75 -73 -77 -85 
-57 -76 -68 -83 -64 
-64 -78 -68 -75 -65 
-71 -75 -72 -78 -65 
-58 -76 -65 -73 -64 
-69 -78 -67 -73 -65 
-69 -74 -77 -76 -67 
-66 -76 -67 -78 -78 
-68 -83 -81 -77 -68 
-63 -75 -67 -79 -75 
-59 -73 -66 -76 -70 
-57 -72 -68 -80 -69 
-83 -72 -70 -75 -68 
-61 -76 -67 -78 -69 
-68 -78 -66 -79 -70 
-80 -73 -79 -72 -71 
-57 -82 -67 -80 -69 
-71 -85 -67 -79 -72 
-61 -74 -81 -73 -72 
-71 -74 -78 -80 -77 
