241 3
-73 -70 -76 -72 -84 
-73 -72 -72 -75 -85 
-75 -78 -75 -72 -79 
-73 -71 -77 -72 -80 
-75 -74 -81 -71 -84 
-80 -78 -72 -80 -81 
-77 -73 -73 -71 -85 
-78 -77 -76 -80 -84 
-74 -74 -74 -75 -82 
-74 -73 -76 -72 -78 
-73 -71 -74 -71 -83 
-74 -73 -74 -71 -80 
-75 -74 -75 -75 -87 
-74 -75 -73 -73 -80 
-75 -71 -73 -73 -78 
-75 -72 -75 -80 -78 
-72 -75 -73 -75 -78 
-73 -77 -72 -82 -78 
-73 -74 -72 -75 -87 
-71 -70 -74 -72 -81 
-77 -69 -71 -76 -81 
-77 -69 -74 -76 -87 
-74 -68 -72 -72 -82 
-69 -71 -72 -84 -83 
-80 -74 -77 -77 -81 
-74 -73 -75 -72 -86 
-73 -69 -70 -70 -83 
-71 -72 -77 -71 -80 
-71 -73 -78 -70 -81 
-72 -72 -75 -78 -78 
-74 -74 -73 -76 -78 
-75 -72 -77 -70 -82 
-77 -75 -77 -72 -79 
-74 -73 -70 -75 -79 
-74 -74 -82 -73 -83 
-77 -72 -71 -72 -86 
-73 -75 -74 -83 -78 
-74 -73 -72 -80 -82 
-73 -71 -73 -75 -87 
-73 -73 -81 -72 -80 
-75 -74 -73 -78 -80 
-77 -76 -81 -74 -84 
-69 -72 -78 -81 -80 
-71 -72 -79 -75 -80 
-67 -75 -75 -77 -86 
-73 -71 -79 -72 -89 
-73 -73 -77 -75 -80 
-72 -71 -74 -77 -79 
-77 -71 -77 -77 -87 
-75 -67 -74 -77 -80 
-72 -68 -75 -81 -82 
-75 -67 -72 -72 -85 
-80 -73 -72 -76 -83 
-73 -79 -74 -77 -83 
-75 -68 -85 -73 -83 
-74 -73 -77 -71 -92 
-71 -75 -73 -75 -84 
-75 -68 -78 -71 -81 
-74 -70 -70 -74 -82 
-75 -78 -80 -71 -83 
-75 -71 -72 -74 -78 
-73 -69 -73 -80 -82 
-70 -73 -76 -76 -81 
-73 -74 -77 -76 -82 
-74 -73 -79 -78 -81 
-75 -71 -81 -77 -81 
-76 -72 -78 -78 -81 
-75 -72 -81 -76 -83 
-74 -70 -82 -78 -80 
-74 -72 -80 -77 -81 
-77 -72 -77 -76 -83 
-76 -72 -78 -74 -83 
-79 -78 -83 -77 -84 
-75 -74 -75 -75 -84 
-72 -74 -76 -75 -81 
-73 -72 -86 -71 -87 
-74 -72 -73 -72 -80 
-72 -71 -82 -74 -81 
-77 -71 -76 -72 -82 
-72 -72 -75 -71 -82 
-75 -72 -74 -75 -82 
-73 -72 -74 -75 -81 
-73 -73 -78 -76 -90 
-75 -72 -86 -73 -81 
-78 -73 -77 -71 -81 
-82 -74 -80 -81 -81 
-73 -72 -82 -75 -90 
-77 -74 -80 -77 -81 
-73 -73 -82 -77 -88 
-77 -73 -82 -75 -82 
-74 -73 -81 -75 -90 
-81 -73 -81 -71 -82 
-81 -71 -84 -70 -80 
-75 -72 -79 -74 -80 
-75 -73 -79 -71 -80 
-77 -72 -80 -74 -80 
-75 -72 -80 -74 -84 
-77 -78 -80 -72 -80 
-73 -76 -78 -71 -83 
-77 -76 -86 -72 -80 
-79 -76 -77 -74 -84 
-74 -73 -88 -71 -82 
-81 -77 -80 -71 -82 
-78 -76 -80 -76 -81 
-78 -72 -82 -71 -80 
-72 -69 -76 -78 -84 
-74 -69 -83 -76 -82 
-72 -74 -80 -70 -78 
-75 -74 -83 -70 -84 
-70 -69 -78 -82 -79 
-72 -75 -83 -71 -84 
-74 -72 -77 -77 -81 
-70 -69 -83 -76 -84 
-73 -72 -76 -79 -79 
-75 -73 -80 -74 -87 
-79 -71 -73 -74 -80 
-73 -73 -84 -74 -80 
-73 -77 -84 -72 -86 
-73 -74 -75 -73 -80 
-71 -76 -83 -76 -82 
-76 -70 -88 -75 -80 
-73 -78 -75 -75 -79 
-80 -81 -81 -75 -87 
-75 -78 -84 -79 -78 
-72 -81 -87 -76 -78 
-69 -78 -81 -76 -86 
-76 -78 -80 -77 -86 
-73 -70 -80 -73 -79 
-72 -75 -87 -75 -79 
-77 -77 -80 -74 -79 
-73 -79 -79 -73 -86 
-78 -78 -81 -72 -85 
-73 -74 -77 -70 -87 
-69 -75 -78 -69 -81 
-73 -73 -82 -77 -85 
-77 -72 -76 -74 -81 
-78 -71 -80 -77 -80 
-73 -73 -79 -73 -80 
-73 -72 -83 -74 -78 
-69 -77 -83 -74 -86 
-78 -68 -77 -78 -80 
-74 -77 -82 -73 -79 
-68 -78 -76 -75 -85 
-71 -78 -74 -75 -89 
-73 -74 -79 -68 -84 
-74 -78 -78 -70 -82 
-76 -68 -78 -76 -81 
-67 -75 -81 -69 -79 
-75 -81 -81 -76 -86 
-73 -79 -77 -73 -83 
-73 -77 -78 -69 -80 
-75 -80 -77 -70 -80 
-72 -68 -77 -70 -79 
-72 -73 -78 -77 -79 
-72 -72 -79 -75 -79 
-74 -76 -81 -77 -88 
-73 -78 -80 -75 -79 
-75 -80 -80 -75 -79 
-69 -78 -85 -78 -87 
-75 -80 -79 -74 -84 
-71 -78 -84 -71 -86 
-71 -78 -78 -75 -79 
-72 -79 -79 -73 -79 
-72 -68 -81 -80 -78 
-78 -73 -80 -76 -87 
-75 -81 -83 -73 -80 
-71 -70 -80 -80 -79 
-72 -76 -76 -77 -79 
-77 -72 -87 -75 -85 
-72 -70 -81 -74 -78 
-73 -73 -77 -74 -78 
-74 -70 -79 -76 -78 
-72 -73 -76 -79 -79 
-72 -72 -78 -70 -80 
-72 -70 -76 -78 -85 
-75 -72 -80 -82 -79 
-69 -69 -76 -74 -81 
-79 -68 -82 -70 -86 
-79 -67 -79 -72 -84 
-77 -71 -81 -69 -81 
-75 -71 -84 -76 -83 
-76 -73 -81 -74 -80 
-74 -70 -80 -73 -83 
-74 -70 -80 -72 -81 
-77 -69 -84 -75 -80 
-70 -70 -79 -74 -80 
-77 -70 -79 -79 -80 
-75 -74 -76 -77 -82 
-75 -67 -81 -71 -84 
-71 -67 -73 -71 -84 
-79 -69 -79 -74 -85 
-76 -70 -76 -76 -83 
-73 -71 -83 -76 -85 
-78 -72 -86 -78 -84 
-74 -70 -88 -73 -83 
-73 -68 -81 -78 -87 
-75 -73 -80 -77 -80 
-76 -68 -78 -75 -79 
-71 -65 -74 -83 -82 
-75 -72 -81 -80 -87 
-79 -74 -79 -78 -79 
-74 -71 -76 -76 -79 
-78 -76 -82 -75 -83 
-73 -81 -78 -81 -82 
-76 -66 -78 -74 -85 
-77 -82 -74 -77 -82 
-72 -66 -75 -72 -84 
-72 -68 -79 -77 -84 
-83 -76 -72 -71 -84 
-78 -69 -75 -80 -79 
-73 -69 -77 -77 -85 
-68 -82 -70 -77 -81 
-74 -72 -72 -74 -82 
-75 -77 -74 -73 -84 
-72 -69 -76 -76 -81 
-72 -70 -75 -74 -84 
-76 -68 -74 -74 -88 
-76 -72 -74 -74 -86 
-76 -69 -72 -77 -91 
-73 -68 -79 -78 -85 
-75 -71 -75 -73 -87 
-78 -73 -75 -74 -84 
-74 -73 -74 -75 -84 
-78 -70 -74 -74 -84 
-78 -69 -73 -77 -88 
-76 -77 -75 -79 -86 
-77 -74 -74 -76 -89 
-71 -69 -75 -70 -84 
-78 -77 -73 -75 -89 
-74 -72 -75 -74 -88 
-77 -69 -71 -71 -93 
-78 -69 -72 -75 -89 
-86 -73 -75 -77 -92 
-83 -74 -75 -77 -90 
-73 -70 -72 -74 -89 
-68 -72 -76 -77 -85 
-78 -80 -74 -77 -88 
-74 -71 -73 -72 -84 
-75 -74 -73 -72 -83 
-76 -76 -75 -75 -86 
-73 -72 -73 -76 -88 
