276 11 
-69 -80 -68 -78 -70 
-68 -79 -67 -77 -71 
-63 -72 -70 -90 -75 
-62 -72 -70 -77 -71 
-67 -71 -67 -77 -74 
-64 -73 -67 -83 -76 
-69 -73 -68 -84 -75 
-66 -78 -68 -78 -68 
-65 -74 -68 -82 -68 
-65 -76 -67 -76 -79 
-62 -86 -66 -77 -76 
-75 -74 -69 -76 -77 
-64 -88 -69 -78 -73 
-67 -72 -68 -87 -75 
-64 -74 -68 -77 -69 
-65 -73 -68 -78 -70 
-76 -72 -68 -83 -72 
-81 -78 -68 -82 -68 
-70 -73 -69 -81 -73 
-72 -75 -68 -80 -71 
-69 -75 -66 -77 -69 
-66 -73 -68 -90 -77 
-72 -78 -69 -83 -73 
-70 -78 -68 -78 -75 
-63 -83 -68 -78 -67 
-72 -77 -68 -84 -68 
-78 -75 -68 -89 -72 
-64 -78 -70 -79 -72 
-75 -73 -69 -79 -75 
-64 -78 -67 -82 -69 
-64 -76 -67 -77 -75 
-77 -78 -69 -78 -75 
-67 -78 -68 -79 -67 
-65 -75 -67 -82 -67 
-63 -75 -68 -84 -78 
-66 -79 -67 -80 -75 
-64 -74 -68 -84 -77 
-64 -87 -68 -78 -69 
-69 -74 -68 -82 -82 
-64 -74 -69 -88 -67 
-74 -77 -68 -78 -69 
-69 -74 -66 -82 -70 
-75 -80 -69 -84 -68 
-69 -80 -66 -86 -77 
-73 -76 -68 -82 -72 
-64 -73 -70 -86 -79 
-74 -78 -69 -83 -74 
-63 -73 -67 -77 -74 
-69 -84 -68 -76 -74 
-80 -78 -66 -80 -71 
-65 -74 -71 -76 -73 
-68 -73 -66 -76 -71 
-64 -74 -67 -79 -72 
-64 -78 -68 -83 -71 
-62 -74 -68 -90 -83 
-64 -74 -71 -87 -71 
-63 -72 -71 -92 -74 
-68 -72 -72 -83 -71 
-63 -74 -70 -79 -70 
-63 -74 -68 -77 -73 
-71 -73 -68 -75 -75 
-64 -72 -67 -86 -72 
-65 -77 -67 -89 -71 
-65 -77 -68 -77 -82 
-62 -83 -68 -76 -69 
-68 -75 -69 -75 -74 
-69 -76 -69 -77 -69 
-77 -75 -72 -82 -70 
-70 -78 -67 -82 -70 
-75 -75 -66 -78 -68 
-62 -78 -65 -80 -80 
-66 -74 -67 -76 -72 
-70 -74 -67 -82 -71 
-69 -77 -66 -75 -74 
-62 -86 -66 -82 -71 
-73 -77 -66 -76 -77 
-62 -73 -74 -88 -70 
-73 -77 -65 -78 -76 
-63 -86 -66 -81 -74 
-62 -78 -67 -76 -68 
-63 -77 -73 -85 -76 
-68 -78 -72 -77 -73 
-65 -77 -70 -78 -74 
-65 -76 -66 -91 -74 
-72 -79 -67 -81 -71 
-66 -74 -69 -75 -76 
-75 -74 -68 -75 -72 
-63 -74 -72 -80 -71 
-66 -75 -67 -75 -75 
-78 -76 -69 -91 -75 
-65 -84 -69 -78 -67 
-62 -76 -67 -86 -77 
-68 -82 -72 -75 -81 
-72 -76 -66 -86 -76 
-67 -86 -71 -79 -67 
-74 -78 -67 -83 -66 
-67 -77 -68 -74 -71 
-67 -77 -70 -79 -76 
-74 -78 -66 -74 -68 
-68 -79 -67 -76 -72 
-68 -76 -68 -73 -72 
-69 -77 -67 -76 -73 
-71 -74 -66 -74 -69 
-69 -75 -67 -73 -74 
-70 -79 -68 -74 -70 
-74 -76 -69 -84 -73 
-71 -76 -69 -78 -70 
-71 -81 -69 -77 -76 
-69 -76 -71 -89 -72 
-69 -80 -72 -76 -70 
-70 -78 -71 -74 -71 
-72 -80 -68 -73 -76 
-69 -80 -66 -72 -68 
-69 -80 -66 -75 -73 
-68 -82 -67 -74 -71 
-70 -80 -66 -75 -68 
-70 -77 -69 -75 -73 
-64 -77 -67 -74 -67 
-65 -78 -69 -80 -72 
-66 -83 -68 -92 -67 
-64 -77 -66 -79 -68 
-65 -84 -72 -89 -74 
-64 -74 -68 -78 -68 
-66 -78 -70 -79 -75 
-68 -78 -68 -76 -67 
-68 -78 -67 -81 -76 
-74 -79 -71 -75 -76 
-73 -79 -67 -78 -74 
-72 -86 -70 -76 -74 
-81 -74 -71 -91 -74 
-71 -87 -67 -75 -72 
-73 -74 -71 -79 -68 
-68 -82 -69 -77 -72 
-73 -80 -70 -77 -69 
-72 -83 -70 -77 -73 
-69 -80 -74 -90 -83 
-68 -84 -70 -74 -71 
-69 -80 -71 -77 -77 
-74 -80 -71 -75 -69 
-71 -81 -69 -82 -76 
-71 -81 -69 -75 -70 
-70 -78 -70 -76 -75 
-75 -80 -68 -77 -70 
-67 -83 -65 -78 -72 
-70 -80 -81 -75 -73 
-69 -83 -73 -76 -71 
-66 -83 -74 -77 -72 
-70 -76 -71 -77 -74 
-78 -80 -77 -78 -69 
-71 -80 -71 -75 -70 
-77 -78 -68 -78 -69 
-70 -82 -69 -78 -68 
-66 -79 -69 -75 -69 
-69 -79 -68 -77 -70 
-76 -80 -67 -76 -68 
-70 -79 -68 -76 -79 
-71 -82 -68 -75 -69 
-68 -80 -70 -78 -74 
-76 -77 -77 -77 -77 
-63 -83 -67 -80 -72 
-80 -83 -77 -79 -70 
-77 -83 -67 -80 -74 
-69 -86 -75 -77 -69 
-71 -80 -68 -75 -73 
-67 -81 -74 -77 -72 
-66 -81 -66 -76 -68 
-69 -83 -67 -75 -69 
-63 -83 -67 -77 -69 
-64 -82 -67 -90 -76 
-82 -82 -67 -76 -68 
-84 -79 -72 -75 -76 
-65 -83 -70 -75 -69 
-61 -84 -71 -75 -72 
-71 -85 -74 -74 -70 
-64 -78 -71 -77 -71 
-62 -83 -70 -73 -77 
-63 -75 -71 -75 -74 
-84 -83 -74 -73 -69 
-64 -83 -71 -77 -77 
-76 -78 -72 -75 -75 
-62 -75 -75 -89 -70 
-63 -80 -68 -75 -69 
-68 -75 -77 -76 -72 
-63 -76 -75 -82 -71 
-63 -76 -71 -78 -72 
-74 -79 -79 -89 -81 
-65 -76 -77 -74 -73 
-67 -80 -75 -81 -72 
-63 -82 -68 -88 -72 
-65 -81 -66 -74 -72 
-63 -83 -67 -87 -71 
-67 -84 -67 -77 -71 
-64 -78 -66 -75 -77 
-67 -82 -68 -78 -71 
-66 -78 -65 -76 -77 
-64 -81 -67 -76 -71 
-70 -81 -68 -77 -73 
-65 -80 -70 -79 -75 
-64 -79 -71 -77 -73 
-65 -80 -71 -78 -75 
-69 -78 -72 -77 -80 
-67 -78 -69 -87 -70 
-66 -81 -64 -83 -72 
-69 -80 -65 -79 -74 
-66 -79 -66 -78 -70 
-68 -79 -68 -81 -70 
-71 -84 -75 -77 -72 
-62 -79 -69 -75 -68 
-73 -78 -69 -75 -70 
-79 -79 -74 -74 -70 
-75 -79 -69 -73 -71 
-70 -78 -67 -78 -74 
-71 -78 -66 -83 -78 
-73 -86 -68 -77 -72 
-74 -78 -69 -78 -71 
-68 -81 -71 -85 -73 
-69 -79 -74 -84 -69 
-72 -82 -69 -77 -70 
-72 -79 -70 -75 -85 
-67 -79 -70 -75 -73 
-71 -86 -71 -74 -70 
-78 -81 -66 -86 -76 
-69 -80 -71 -82 -70 
-73 -79 -70 -84 -69 
-67 -80 -71 -85 -67 
-69 -77 -74 -78 -75 
-76 -85 -71 -82 -67 
-68 -83 -67 -78 -73 
-73 -78 -68 -75 -69 
-74 -76 -71 -80 -73 
-74 -86 -72 -92 -65 
-68 -84 -69 -77 -68 
-74 -80 -71 -82 -67 
-72 -84 -73 -81 -72 
-71 -82 -68 -78 -72 
-79 -82 -68 -80 -73 
-78 -83 -75 -85 -74 
-72 -84 -69 -79 -74 
-71 -80 -69 -77 -72 
-72 -78 -69 -78 -65 
-71 -78 -70 -78 -76 
-78 -79 -69 -78 -70 
-78 -79 -69 -79 -70 
-78 -85 -68 -79 -69 
-74 -80 -70 -78 -73 
-75 -85 -68 -78 -67 
-74 -80 -68 -77 -72 
-69 -80 -68 -77 -77 
-78 -90 -76 -77 -66 
-78 -82 -69 -77 -71 
-71 -80 -68 -77 -73 
-74 -83 -68 -83 -70 
-71 -86 -74 -77 -67 
-71 -81 -69 -92 -68 
-71 -80 -70 -78 -69 
-72 -81 -71 -78 -67 
-73 -81 -71 -78 -71 
-74 -81 -73 -77 -70 
-72 -82 -68 -90 -77 
-76 -79 -71 -90 -68 
-76 -89 -71 -78 -70 
-74 -81 -68 -77 -66 
-80 -80 -69 -76 -70 
-73 -85 -68 -76 -70 
-71 -85 -68 -91 -70 
-73 -87 -77 -77 -75 
-71 -80 -69 -77 -68 
-72 -80 -69 -84 -72 
-73 -79 -68 -84 -72 
-73 -81 -68 -81 -71 
-74 -84 -69 -77 -72 
-71 -85 -67 -77 -69 
-76 -84 -72 -77 -68 
-75 -83 -69 -76 -73 
-78 -81 -68 -77 -69 
-76 -79 -68 -74 -66 
