313 6
-74 -77 -64 -67 -75 
-73 -70 -64 -68 -72 
-71 -80 -66 -69 -86 
-77 -82 -68 -68 -73 
-68 -81 -64 -66 -77 
-75 -83 -64 -66 -72 
-75 -72 -64 -68 -73 
-78 -73 -68 -68 -72 
-71 -72 -70 -70 -73 
-68 -82 -68 -74 -72 
-75 -79 -64 -68 -72 
-71 -83 -61 -74 -73 
-77 -73 -69 -68 -72 
-71 -80 -61 -74 -73 
-77 -76 -64 -71 -73 
-72 -86 -64 -68 -72 
-76 -88 -71 -68 -72 
-71 -72 -66 -68 -87 
-73 -71 -66 -72 -74 
-76 -83 -66 -71 -75 
-71 -87 -65 -70 -72 
-70 -81 -66 -69 -72 
-73 -71 -64 -70 -70 
-72 -80 -61 -69 -74 
-72 -71 -65 -68 -71 
-72 -83 -60 -69 -75 
-73 -70 -64 -71 -71 
-72 -80 -62 -68 -71 
-72 -81 -62 -69 -76 
-75 -76 -65 -72 -71 
-74 -78 -64 -69 -71 
-72 -71 -66 -67 -77 
-75 -80 -61 -67 -71 
-67 -69 -66 -69 -75 
-75 -76 -61 -67 -71 
-66 -75 -65 -67 -70 
-69 -76 -66 -68 -84 
-74 -76 -66 -68 -72 
-73 -81 -60 -74 -75 
-75 -74 -65 -69 -73 
-72 -82 -66 -75 -79 
-74 -79 -65 -68 -78 
-73 -75 -65 -71 -74 
-72 -74 -65 -75 -77 
-73 -76 -65 -69 -73 
-73 -74 -65 -68 -74 
-70 -76 -64 -72 -77 
-75 -79 -61 -75 -80 
-74 -78 -61 -68 -78 
-72 -71 -64 -69 -72 
-76 -78 -61 -69 -81 
-72 -74 -64 -68 -72 
-70 -76 -63 -72 -73 
-76 -72 -63 -76 -75 
-73 -72 -63 -69 -79 
-71 -72 -62 -68 -78 
-74 -73 -62 -68 -81 
-67 -79 -63 -69 -74 
-67 -76 -64 -72 -77 
-74 -75 -63 -73 -78 
-67 -80 -60 -68 -77 
-73 -74 -64 -75 -72 
-67 -76 -64 -68 -81 
-72 -74 -62 -71 -74 
-74 -74 -62 -69 -83 
-71 -73 -65 -75 -72 
-74 -74 -62 -68 -76 
-70 -76 -61 -68 -83 
-74 -76 -63 -75 -72 
-72 -73 -61 -69 -82 
-74 -74 -64 -75 -76 
-72 -73 -60 -68 -83 
-67 -74 -65 -75 -71 
-72 -73 -65 -69 -83 
-67 -79 -60 -72 -72 
-73 -75 -64 -69 -73 
-72 -79 -60 -75 -83 
-74 -73 -65 -68 -76 
-67 -74 -64 -75 -72 
-67 -78 -60 -71 -72 
-72 -73 -62 -68 -76 
-74 -78 -64 -76 -72 
-70 -73 -63 -69 -76 
-73 -77 -62 -77 -77 
-75 -77 -65 -69 -82 
-69 -74 -62 -76 -77 
-67 -77 -61 -70 -72 
-74 -74 -63 -68 -76 
-73 -73 -62 -68 -78 
-74 -74 -63 -76 -72 
-74 -73 -63 -69 -76 
-67 -74 -63 -76 -69 
-74 -78 -64 -68 -86 
-69 -74 -64 -69 -75 
-70 -75 -64 -71 -78 
-71 -78 -60 -71 -72 
-73 -73 -64 -72 -76 
-66 -78 -64 -76 -72 
-73 -74 -60 -68 -85 
-73 -77 -64 -77 -72 
-73 -74 -64 -69 -71 
-74 -72 -65 -68 -77 
-74 -75 -60 -69 -71 
-66 -72 -65 -77 -76 
-66 -76 -64 -68 -78 
-73 -72 -60 -68 -86 
-66 -76 -65 -69 -76 
-66 -76 -64 -68 -79 
-73 -77 -62 -73 -87 
-70 -73 -62 -73 -76 
-73 -72 -60 -77 -87 
-66 -74 -64 -69 -72 
-73 -72 -62 -77 -76 
-74 -72 -64 -69 -76 
-66 -75 -61 -69 -89 
-73 -73 -64 -77 -75 
-73 -75 -63 -71 -72 
-73 -77 -64 -68 -76 
-73 -75 -61 -69 -72 
-73 -76 -64 -68 -76 
-67 -72 -63 -68 -80 
-66 -76 -62 -73 -83 
-74 -74 -65 -68 -72 
-77 -73 -60 -76 -82 
-64 -73 -67 -71 -74 
-70 -74 -61 -68 -76 
-72 -76 -66 -71 -74 
-70 -72 -66 -68 -74 
-71 -70 -68 -72 -90 
-76 -84 -68 -69 -75 
-73 -73 -65 -70 -90 
-72 -81 -66 -69 -72 
-73 -70 -63 -67 -72 
-74 -71 -62 -73 -84 
-74 -74 -62 -68 -72 
-75 -75 -65 -70 -78 
-71 -75 -67 -71 -84 
-68 -80 -64 -69 -72 
-75 -77 -67 -71 -83 
-69 -68 -63 -69 -72 
-71 -80 -69 -71 -82 
-69 -73 -64 -68 -76 
-72 -77 -62 -69 -71 
-71 -73 -64 -71 -72 
-72 -70 -67 -68 -80 
-71 -71 -64 -66 -76 
-70 -70 -62 -70 -86 
-69 -75 -65 -66 -77 
-71 -78 -64 -72 -74 
-71 -83 -64 -71 -75 
-74 -72 -63 -69 -82 
-74 -71 -64 -67 -76 
-69 -82 -63 -68 -74 
-69 -81 -61 -72 -83 
-69 -73 -65 -66 -72 
-77 -77 -60 -69 -73 
-70 -81 -62 -69 -86 
-74 -70 -63 -67 -73 
-72 -77 -61 -72 -86 
-71 -71 -66 -69 -73 
-76 -70 -63 -71 -72 
-69 -73 -64 -68 -73 
-69 -72 -61 -71 -77 
-71 -80 -62 -66 -79 
-80 -70 -60 -69 -74 
-71 -82 -63 -68 -77 
-69 -82 -61 -68 -83 
-74 -70 -63 -65 -79 
-77 -72 -62 -70 -74 
-74 -72 -65 -69 -83 
-71 -71 -63 -66 -89 
-81 -75 -66 -69 -72 
-73 -74 -62 -73 -89 
-74 -71 -65 -68 -73 
-73 -77 -63 -69 -84 
-70 -70 -64 -68 -74 
-69 -77 -64 -69 -74 
-68 -74 -63 -71 -77 
-72 -75 -63 -71 -81 
-67 -72 -64 -69 -81 
-72 -75 -62 -67 -72 
-74 -71 -63 -66 -83 
-76 -70 -64 -66 -72 
-71 -72 -66 -69 -80 
-77 -71 -63 -66 -86 
-72 -71 -64 -67 -86 
-75 -70 -65 -70 -86 
-72 -69 -67 -71 -72 
-69 -71 -65 -70 -72 
-71 -70 -63 -69 -79 
-77 -72 -62 -67 -84 
-72 -70 -63 -67 -79 
-68 -71 -65 -69 -83 
-75 -70 -61 -67 -79 
-68 -72 -64 -69 -72 
-72 -72 -61 -67 -78 
-71 -72 -61 -68 -79 
-74 -75 -64 -70 -79 
-71 -75 -61 -69 -79 
-68 -72 -60 -72 -83 
-74 -75 -61 -69 -72 
-74 -72 -61 -72 -79 
-76 -75 -63 -69 -72 
-68 -72 -61 -69 -79 
-75 -70 -63 -72 -72 
-70 -72 -62 -70 -83 
-74 -73 -61 -69 -77 
-76 -75 -60 -72 -72 
-67 -73 -61 -69 -80 
-72 -74 -60 -71 -79 
-75 -71 -65 -66 -79 
-72 -74 -60 -73 -83 
-73 -72 -63 -69 -79 
-72 -69 -61 -69 -80 
-72 -73 -63 -70 -78 
-71 -74 -62 -70 -78 
-69 -75 -61 -68 -77 
-73 -77 -61 -71 -81 
-68 -74 -63 -69 -78 
-69 -69 -66 -68 -80 
-71 -70 -61 -66 -77 
-67 -75 -62 -69 -71 
-76 -73 -63 -69 -71 
-73 -70 -64 -71 -86 
-68 -76 -67 -66 -72 
-73 -75 -65 -67 -81 
-68 -68 -63 -69 -89 
-78 -74 -61 -70 -79 
-74 -69 -61 -67 -76 
-68 -77 -65 -69 -83 
-71 -68 -63 -67 -72 
-68 -80 -62 -71 -80 
-75 -69 -63 -70 -79 
-70 -75 -64 -69 -81 
-68 -71 -61 -69 -82 
-68 -68 -61 -66 -86 
-72 -72 -62 -67 -79 
-70 -79 -64 -67 -81 
-67 -69 -62 -68 -87 
-68 -72 -62 -71 -75 
-72 -78 -62 -69 -84 
-72 -75 -64 -67 -79 
-80 -77 -61 -69 -80 
-76 -72 -61 -70 -84 
-70 -75 -63 -71 -70 
-77 -72 -64 -67 -71 
-77 -72 -63 -68 -79 
-73 -70 -67 -68 -81 
-74 -71 -63 -68 -84 
-77 -71 -66 -68 -83 
-74 -72 -65 -67 -80 
-73 -77 -63 -69 -74 
-76 -73 -66 -71 -72 
-71 -76 -63 -68 -73 
-72 -72 -63 -70 -83 
-77 -78 -66 -67 -84 
-72 -81 -63 -71 -73 
-69 -77 -62 -68 -84 
-71 -77 -63 -72 -74 
-78 -77 -65 -68 -80 
-71 -71 -61 -67 -76 
-70 -74 -62 -70 -73 
-77 -70 -63 -73 -83 
-68 -75 -63 -70 -74 
-76 -73 -63 -75 -79 
-74 -73 -61 -75 -75 
-81 -73 -60 -69 -77 
-67 -78 -64 -73 -74 
-67 -74 -60 -71 -80 
-71 -75 -59 -68 -80 
-70 -69 -62 -69 -78 
-80 -75 -61 -72 -91 
-70 -72 -62 -69 -75 
-71 -78 -65 -67 -85 
-68 -75 -63 -68 -74 
-73 -71 -65 -69 -77 
-68 -74 -62 -68 -80 
-72 -74 -65 -70 -82 
-79 -71 -63 -69 -74 
-80 -74 -63 -67 -85 
-67 -71 -62 -68 -85 
-67 -75 -65 -67 -79 
-72 -71 -62 -70 -77 
-76 -72 -62 -69 -85 
-81 -70 -65 -67 -74 
-68 -72 -63 -68 -84 
-68 -70 -63 -67 -74 
-68 -73 -62 -67 -84 
-72 -72 -62 -68 -84 
-68 -71 -61 -70 -85 
-69 -71 -61 -72 -79 
-68 -70 -61 -72 -74 
-81 -71 -62 -68 -78 
-72 -70 -61 -72 -74 
-67 -70 -62 -68 -86 
-72 -70 -61 -72 -73 
-76 -74 -63 -67 -79 
-67 -72 -62 -70 -78 
-76 -74 -64 -69 -79 
-80 -70 -62 -68 -73 
-67 -74 -64 -72 -79 
-81 -71 -62 -67 -86 
-81 -74 -62 -68 -80 
-72 -74 -61 -72 -86 
-81 -71 -62 -67 -74 
-73 -73 -61 -70 -73 
-72 -75 -62 -72 -85 
-76 -74 -63 -70 -73 
-73 -70 -61 -67 -73 
-68 -72 -65 -67 -86 
-78 -72 -63 -71 -77 
-68 -71 -66 -68 -74 
-78 -72 -63 -71 -77 

