225 15
-69 -73 -74 -87 -71 
-56 -72 -70 -85 -69 
-57 -72 -78 -74 -61 
-57 -71 -74 -82 -66 
-57 -80 -75 -78 -66 
-57 -71 -76 -77 -72 
-64 -71 -76 -77 -69 
-64 -70 -75 -77 -69 
-61 -77 -73 -88 -67 
-61 -76 -75 -88 -68 
-61 -75 -72 -89 -64 
-61 -76 -72 -90 -62 
-61 -74 -72 -91 -64 
-56 -76 -73 -78 -69 
-58 -72 -74 -78 -66 
-57 -72 -72 -78 -68 
-62 -72 -74 -78 -66 
-61 -75 -73 -76 -66 
-56 -78 -73 -85 -67 
-56 -71 -73 -77 -64 
-57 -74 -71 -77 -64 
-57 -73 -73 -76 -62 
-56 -75 -71 -89 -73 
-67 -79 -75 -77 -68 
-63 -72 -71 -75 -71 
-56 -74 -71 -76 -71 
-57 -75 -71 -75 -66 
-61 -74 -72 -76 -66 
-63 -77 -77 -75 -64 
-64 -72 -76 -77 -65 
-65 -72 -79 -90 -66 
-63 -80 -76 -75 -63 
-62 -78 -76 -88 -65 
-64 -76 -73 -75 -67 
-63 -73 -73 -74 -68 
-59 -80 -71 -90 -69 
-57 -77 -72 -76 -63 
-70 -74 -73 -76 -63 
-56 -78 -75 -76 -67 
-63 -78 -77 -76 -67 
-63 -78 -75 -75 -64 
-64 -77 -76 -76 -65 
-64 -75 -75 -75 -62 
-56 -75 -72 -75 -67 
-66 -80 -73 -75 -68 
-65 -75 -74 -76 -65 
-57 -72 -72 -88 -71 
-57 -72 -71 -88 -66 
-57 -76 -72 -87 -63 
-66 -72 -72 -76 -72 
-64 -75 -74 -86 -67 
-62 -72 -72 -85 -72 
-64 -72 -72 -86 -71 
-57 -72 -73 -85 -63 
-58 -74 -72 -84 -71 
-62 -75 -74 -80 -72 
-57 -72 -74 -76 -72 
-57 -72 -72 -76 -68 
-64 -75 -72 -81 -69 
-57 -72 -71 -76 -73 
-64 -75 -74 -85 -63 
-70 -72 -73 -86 -63 
-58 -75 -74 -76 -75 
-58 -72 -70 -85 -63 
-72 -74 -75 -86 -63 
-57 -74 -72 -85 -76 
-63 -74 -72 -81 -66 
-57 -85 -71 -83 -62 
-74 -76 -74 -75 -72 
-64 -73 -72 -87 -70 
-65 -72 -71 -85 -62 
-62 -72 -71 -75 -62 
-57 -77 -73 -85 -65 
-65 -78 -73 -84 -68 
-65 -78 -72 -84 -71 
-57 -73 -73 -83 -68 
-65 -74 -74 -84 -67 
-57 -76 -70 -79 -70 
-62 -72 -72 -82 -65 
-57 -75 -71 -87 -68 
-57 -75 -74 -81 -62 
-64 -71 -74 -81 -68 
-71 -76 -74 -81 -62 
-57 -72 -71 -75 -68 
-56 -75 -78 -75 -61 
-61 -76 -74 -75 -69 
-57 -77 -74 -75 -67 
-62 -81 -72 -77 -67 
-62 -74 -76 -75 -69 
-61 -80 -71 -75 -64 
-63 -81 -71 -89 -66 
-62 -76 -72 -84 -65 
-62 -78 -71 -76 -67 
-68 -81 -73 -75 -66 
-56 -71 -74 -75 -66 
-59 -76 -71 -75 -62 
-60 -75 -72 -87 -71 
-63 -71 -71 -75 -70 
-60 -72 -75 -75 -63 
-70 -75 -73 -88 -65 
-56 -75 -74 -76 -65 
-57 -70 -72 -75 -64 
-63 -74 -72 -75 -63 
-63 -73 -73 -90 -72 
-56 -75 -69 -85 -71 
-59 -84 -76 -87 -72 
-55 -76 -73 -75 -66 
-62 -84 -73 -88 -71 
-66 -79 -76 -86 -69 
-59 -74 -72 -76 -62 
-61 -72 -78 -75 -64 
-71 -75 -78 -88 -62 
-54 -78 -72 -81 -62 
-56 -73 -76 -76 -73 
-61 -73 -78 -88 -67 
-63 -77 -78 -87 -71 
-58 -73 -70 -87 -77 
-62 -73 -78 -86 -64 
-70 -73 -78 -77 -62 
-57 -83 -77 -77 -69 
-57 -79 -76 -86 -67 
-56 -79 -77 -76 -71 
-56 -79 -75 -75 -71 
-64 -73 -74 -89 -69 
-62 -74 -75 -76 -64 
-61 -74 -74 -76 -62 
-56 -74 -74 -87 -65 
-56 -84 -70 -75 -68 
-63 -75 -73 -88 -71 
-58 -76 -78 -85 -68 
-72 -75 -71 -88 -79 
-63 -80 -75 -78 -62 
-59 -76 -73 -91 -66 
-69 -72 -69 -78 -69 
-61 -79 -73 -78 -69 
-54 -79 -77 -89 -71 
-54 -78 -76 -77 -68 
-54 -72 -72 -81 -68 
-54 -89 -73 -82 -72 
-70 -79 -72 -86 -70 
-59 -81 -71 -87 -71 
-71 -81 -71 -85 -64 
-56 -80 -72 -76 -64 
-62 -71 -75 -90 -67 
-70 -70 -74 -84 -69 
-59 -82 -77 -76 -64 
-56 -71 -73 -85 -64 
-58 -71 -78 -75 -70 
-71 -83 -74 -81 -63 
-61 -78 -74 -75 -65 
-60 -77 -73 -74 -64 
-54 -76 -74 -84 -62 
-56 -76 -72 -75 -62 
-58 -78 -74 -85 -71 
-62 -72 -73 -85 -66 
-54 -78 -77 -76 -66 
-54 -72 -75 -85 -71 
-62 -76 -77 -86 -67 
-56 -77 -73 -76 -64 
-55 -76 -75 -76 -64 
-55 -78 -73 -87 -71 
-60 -78 -73 -87 -68 
-54 -75 -76 -76 -67 
-56 -72 -72 -81 -67 
-58 -80 -71 -86 -67 
-61 -79 -73 -77 -62 
-67 -72 -75 -79 -64 
-62 -78 -78 -90 -71 
-57 -79 -74 -85 -62 
-56 -74 -76 -77 -66 
-56 -77 -76 -76 -71 
-60 -79 -75 -75 -66 
-64 -77 -77 -85 -67 
-61 -79 -75 -90 -67 
-57 -75 -80 -84 -62 
-69 -74 -74 -85 -67 
-56 -75 -77 -74 -62 
-58 -75 -71 -90 -67 
-56 -76 -76 -75 -62 
-56 -75 -72 -89 -70 
-63 -75 -75 -83 -64 
-61 -74 -74 -75 -67 
-57 -73 -73 -87 -63 
-58 -76 -70 -86 -67 
-57 -86 -78 -75 -65 
-66 -76 -80 -75 -63 
-56 -77 -75 -76 -66 
-57 -74 -82 -77 -66 
-65 -73 -74 -77 -66 
-75 -73 -72 -78 -64 
-63 -72 -75 -80 -62 
-60 -80 -74 -83 -66 
-59 -81 -75 -75 -68 
-56 -71 -77 -85 -62 
-57 -73 -72 -77 -65 
-55 -79 -75 -90 -68 
-60 -74 -80 -93 -66 
-58 -84 -80 -86 -68 
-71 -74 -72 -78 -69 
-55 -80 -79 -78 -68 
-58 -75 -79 -78 -66 
-61 -79 -76 -83 -63 
-69 -75 -81 -78 -70 
-61 -73 -75 -85 -71 
-56 -72 -78 -79 -72 
-70 -72 -75 -86 -70 
-56 -72 -75 -80 -67 
-62 -75 -72 -79 -72 
-56 -84 -86 -80 -67 
-68 -73 -78 -79 -72 
-60 -73 -81 -79 -72 
-56 -75 -73 -85 -67 
-57 -72 -74 -84 -72 
-56 -72 -74 -89 -69 
-62 -74 -74 -89 -69 
-63 -72 -80 -81 -69 
-63 -72 -75 -86 -69 
-57 -75 -73 -87 -66 
-57 -82 -81 -87 -63 
-70 -80 -76 -78 -69 
-61 -75 -79 -86 -65 
-62 -75 -76 -89 -70 
-64 -73 -78 -78 -63 
-58 -78 -72 -89 -63 
-56 -76 -78 -78 -62 
