333 4
-73 -59 -67 -74 -75 
-75 -69 -68 -74 -80 
-68 -77 -64 -78 -75 
-69 -62 -67 -74 -80 
-68 -68 -60 -75 -79 
-71 -60 -54 -73 -85 
-78 -72 -56 -74 -76 
-82 -61 -60 -78 -75 
-75 -84 -57 -72 -81 
-87 -61 -59 -80 -77 
-67 -66 -55 -73 -83 
-86 -77 -52 -78 -79 
-66 -59 -53 -72 -79 
-64 -61 -55 -75 -79 
-64 -60 -52 -75 -82 
-75 -59 -52 -76 -90 
-70 -59 -55 -77 -83 
-83 -60 -53 -73 -79 
-73 -59 -60 -75 -83 
-76 -59 -56 -77 -83 
-72 -77 -56 -72 -81 
-74 -61 -58 -75 -78 
-72 -73 -53 -75 -81 
-73 -62 -54 -73 -81 
-69 -61 -56 -72 -79 
-67 -63 -52 -74 -75 
-68 -64 -57 -74 -77 
-68 -71 -56 -76 -78 
-80 -79 -53 -76 -76 
-70 -59 -60 -76 -79 
-79 -81 -56 -77 -78 
-71 -63 -52 -78 -71 
-70 -72 -52 -77 -71 
-69 -62 -54 -74 -76 
-75 -59 -59 -78 -78 
-64 -61 -53 -75 -69 
-79 -82 -55 -77 -76 
-68 -79 -59 -73 -78 
-80 -62 -54 -76 -70 
-68 -59 -59 -73 -76 
-75 -80 -54 -75 -74 
-69 -62 -55 -74 -75 
-80 -81 -56 -74 -70 
-70 -59 -56 -75 -71 
-67 -58 -54 -74 -75 
-77 -60 -58 -72 -77 
-65 -58 -52 -73 -77 
-67 -60 -55 -77 -75 
-81 -58 -58 -74 -74 
-69 -84 -55 -72 -74 
-89 -59 -52 -75 -78 
-65 -59 -60 -75 -76 
-65 -61 -52 -72 -77 
-66 -86 -56 -75 -74 
-72 -61 -56 -77 -75 
-65 -61 -59 -73 -76 
-77 -59 -52 -75 -76 
-67 -59 -59 -79 -75 
-70 -59 -56 -73 -75 
-79 -87 -53 -76 -74 
-64 -58 -59 -73 -75 
-84 -61 -52 -77 -78 
-65 -58 -59 -73 -72 
-71 -59 -55 -75 -74 
-75 -59 -56 -75 -74 
-69 -60 -56 -73 -75 
-67 -61 -56 -74 -75 
-81 -83 -52 -75 -74 
-69 -60 -56 -75 -78 
-64 -59 -55 -77 -77 
-75 -59 -52 -74 -76 
-64 -83 -56 -76 -76 
-68 -61 -52 -73 -74 
-86 -84 -54 -75 -79 
-68 -58 -55 -73 -74 
-67 -58 -59 -75 -74 
-65 -61 -52 -73 -76 
-90 -59 -55 -73 -74 
-69 -61 -59 -76 -74 
-63 -61 -54 -74 -74 
-64 -59 -52 -75 -77 
-70 -87 -59 -75 -75 
-65 -59 -53 -75 -75 
-65 -60 -55 -75 -74 
-64 -61 -52 -72 -74 
-76 -61 -55 -74 -76 
-84 -59 -52 -76 -77 
-77 -58 -54 -73 -75 
-78 -58 -54 -72 -75 
-70 -61 -59 -74 -76 
-73 -73 -56 -76 -75 
-79 -87 -52 -76 -76 
-65 -61 -60 -74 -76 
-64 -60 -52 -72 -73 
-68 -60 -55 -74 -76 
-70 -84 -59 -76 -75 
-66 -60 -53 -72 -75 
-65 -59 -56 -72 -75 
-80 -62 -60 -75 -75 
-66 -59 -53 -73 -75 
-64 -59 -53 -76 -76 
-85 -62 -54 -75 -75 
-62 -87 -53 -76 -75 
-72 -62 -56 -74 -73 
-62 -81 -56 -74 -76 
-65 -70 -55 -74 -74 
-67 -62 -55 -73 -73 
-84 -59 -61 -75 -69 
-67 -69 -53 -75 -76 
-71 -71 -57 -75 -73 
-73 -61 -53 -76 -70 
-71 -71 -53 -73 -77 
-65 -59 -57 -74 -76 
-83 -73 -59 -72 -75 
-72 -69 -53 -74 -77 
-71 -67 -57 -72 -79 
-71 -60 -56 -74 -78 
-65 -60 -56 -72 -77 
-72 -68 -55 -73 -79 
-65 -59 -60 -77 -81 
-68 -78 -56 -74 -76 
-72 -60 -53 -75 -80 
-78 -82 -59 -74 -77 
-71 -62 -54 -72 -77 
-77 -62 -58 -76 -75 
-74 -59 -54 -75 -78 
-71 -61 -57 -77 -81 
-69 -59 -62 -73 -82 
-69 -64 -62 -74 -80 
-77 -78 -65 -74 -79 
-72 -57 -65 -74 -78 
-84 -58 -62 -75 -80 
-77 -80 -68 -74 -77 
-85 -59 -63 -74 -78 
-74 -60 -65 -75 -77 
-82 -60 -65 -74 -82 
-82 -78 -65 -77 -76 
-85 -60 -64 -77 -82 
-74 -75 -62 -80 -75 
-84 -75 -65 -74 -93 
-74 -76 -63 -78 -84 
-82 -61 -71 -80 -79 
-73 -58 -65 -77 -85 
-73 -69 -63 -74 -80 
-76 -58 -62 -73 -83 
-78 -66 -64 -78 -77 
-81 -80 -72 -73 -84 
-73 -60 -62 -73 -76 
-81 -79 -72 -78 -84 
-73 -59 -72 -73 -82 
-82 -66 -65 -73 -78 
-74 -57 -62 -79 -83 
-86 -68 -65 -72 -82 
-74 -57 -68 -78 -85 
-81 -78 -64 -73 -84 
-80 -58 -77 -81 -73 
-77 -64 -73 -77 -79 
-79 -59 -62 -75 -85 
-76 -70 -68 -79 -80 
-70 -77 -73 -78 -87 
-73 -74 -58 -75 -77 
-81 -60 -59 -73 -78 
-74 -60 -56 -75 -80 
-77 -59 -54 -75 -75 
-72 -85 -62 -73 -77 
-76 -60 -58 -73 -84 
-72 -59 -59 -74 -82 
-80 -60 -54 -76 -76 
-75 -86 -56 -74 -82 
-76 -59 -64 -76 -76 
-76 -74 -60 -75 -82 
-71 -59 -56 -77 -82 
-77 -79 -60 -77 -83 
-71 -59 -56 -75 -83 
-79 -68 -56 -78 -84 
-78 -58 -66 -75 -76 
-72 -59 -56 -76 -79 
-82 -59 -61 -75 -83 
-77 -58 -61 -75 -76 
-83 -77 -66 -75 -83 
-72 -58 -56 -74 -76 
-73 -68 -61 -76 -82 
-79 -58 -57 -78 -76 
-73 -59 -56 -74 -83 
-79 -75 -65 -79 -83 
-72 -58 -56 -75 -76 
-81 -74 -54 -79 -82 
-73 -60 -60 -78 -77 
-80 -69 -54 -77 -83 
-71 -60 -56 -74 -83 
-88 -75 -57 -77 -84 
-72 -61 -61 -75 -81 
-74 -67 -54 -78 -75 
-75 -76 -60 -78 -80 
-85 -61 -54 -75 -75 
-74 -74 -56 -75 -75 
-77 -71 -60 -75 -75 
-83 -66 -61 -73 -83 
-77 -77 -59 -75 -84 
-80 -59 -59 -74 -78 
-78 -67 -56 -74 -80 
-82 -62 -58 -75 -86 
-77 -59 -61 -75 -77 
-76 -59 -58 -74 -75 
-74 -78 -63 -76 -86 
-87 -60 -56 -74 -80 
-83 -70 -59 -72 -82 
-75 -74 -61 -78 -75 
-74 -68 -55 -76 -78 
-76 -68 -56 -78 -75 
-73 -58 -54 -77 -81 
-80 -86 -57 -83 -81 
-73 -58 -64 -79 -80 
-68 -86 -56 -77 -82 
-72 -58 -63 -83 -78 
-77 -69 -58 -77 -80 
-81 -60 -60 -80 -80 
-75 -77 -60 -74 -81 
-87 -60 -68 -79 -75 
-77 -57 -66 -77 -82 
-76 -67 -67 -75 -81 
-76 -61 -61 -75 -77 
-77 -61 -60 -76 -75 
-79 -62 -62 -75 -78 
-80 -60 -63 -74 -80 
-79 -61 -63 -76 -81 
-75 -78 -67 -77 -75 
-75 -61 -62 -74 -77 
-76 -66 -63 -74 -81 
-76 -59 -63 -75 -78 
-77 -60 -63 -73 -79 
-75 -60 -68 -76 -86 
-76 -59 -63 -72 -80 
-76 -59 -65 -75 -80 
-75 -60 -69 -77 -85 
-75 -60 -63 -75 -80 
-77 -60 -63 -74 -82 
-77 -60 -63 -73 -83 
-77 -80 -69 -75 -79 
-79 -61 -63 -73 -83 
-78 -80 -64 -77 -79 
-78 -59 -62 -72 -83 
-78 -61 -64 -76 -83 
-78 -59 -66 -74 -82 
-77 -78 -68 -77 -82 
-77 -61 -65 -76 -79 
-80 -59 -64 -77 -86 
-77 -61 -62 -76 -82 
-78 -59 -68 -77 -82 
-77 -60 -63 -75 -82 
-77 -59 -68 -75 -83 
-76 -59 -68 -74 -83 
-77 -60 -66 -78 -89 
-76 -60 -69 -74 -77 
-78 -77 -65 -75 -87 
-77 -75 -64 -75 -79 
-78 -59 -64 -75 -81 
-79 -64 -65 -77 -87 
-78 -74 -67 -75 -86 
-77 -67 -68 -83 -79 
-78 -59 -62 -74 -85 
-76 -67 -62 -74 -78 
-75 -58 -68 -85 -77 
-73 -58 -69 -74 -76 
-78 -59 -68 -76 -75 
-86 -59 -69 -80 -83 
-84 -67 -65 -78 -83 
-81 -75 -62 -75 -85 
-84 -60 -68 -74 -84 
-82 -75 -62 -75 -76 
-87 -58 -69 -74 -81 
-84 -57 -62 -75 -81 
-81 -65 -65 -75 -82 
-80 -72 -63 -75 -87 
-79 -65 -69 -74 -75 
-79 -58 -66 -84 -75 
-82 -66 -69 -75 -83 
-83 -65 -67 -79 -83 
-83 -58 -68 -78 -83 
-82 -66 -65 -76 -82 
-79 -59 -72 -75 -80 
-83 -65 -65 -81 -78 
-84 -59 -61 -77 -80 
-82 -59 -63 -77 -81 
-74 -60 -66 -76 -81 
-84 -59 -64 -76 -82 
-84 -75 -61 -78 -86 
-78 -68 -61 -78 -81 
-85 -67 -65 -77 -83 
-74 -60 -62 -79 -79 
-79 -69 -60 -75 -82 
-81 -60 -70 -81 -81 
-75 -61 -63 -77 -77 
-79 -61 -62 -76 -75 
-78 -59 -62 -75 -73 
-73 -59 -63 -79 -78 
-78 -80 -58 -74 -81 
-74 -61 -63 -78 -82 
-74 -59 -58 -81 -77 
-71 -62 -57 -80 -85 
-72 -70 -55 -85 -77 
-74 -64 -54 -78 -85 
-76 -58 -62 -75 -83 
-69 -58 -57 -80 -80 
-80 -60 -55 -80 -83 
-74 -69 -54 -79 -82 
-79 -59 -56 -81 -82 
-72 -65 -60 -80 -81 
-87 -59 -58 -81 -81 
-71 -65 -62 -83 -78 
-79 -65 -56 -83 -74 
-74 -72 -57 -78 -81 
-76 -60 -59 -83 -77 
-75 -65 -59 -83 -76 
-84 -71 -56 -78 -74 
-74 -59 -57 -88 -82 
-86 -71 -57 -83 -74 
-79 -58 -57 -83 -78 
-72 -65 -56 -82 -82 
-72 -58 -57 -78 -82 
-89 -58 -56 -82 -83 
-72 -59 -57 -78 -82 
-93 -58 -56 -84 -74 
-72 -71 -57 -79 -82 
-73 -59 -56 -86 -83 
-73 -59 -57 -82 -82 
-73 -59 -63 -79 -74 
-91 -71 -60 -79 -73 
-73 -71 -56 -80 -83 
-87 -58 -57 -83 -82 
-86 -71 -63 -78 -82 
-74 -59 -60 -86 -82 
-81 -73 -56 -78 -83 
