234 7
-72 -74 -66 -82 -78 
-81 -71 -63 -79 -81 
-67 -74 -66 -80 -80 
-77 -72 -67 -80 -81 
-77 -72 -72 -81 -81 
-74 -71 -71 -82 -79 
-72 -72 -64 -80 -79 
-78 -73 -66 -88 -83 
-72 -73 -67 -82 -77 
-78 -72 -63 -82 -80 
-67 -72 -67 -80 -83 
-78 -72 -65 -83 -80 
-71 -72 -69 -80 -82 
-68 -72 -79 -81 -80 
-79 -72 -65 -81 -80 
-75 -73 -70 -80 -80 
-73 -72 -64 -80 -75 
-67 -74 -73 -80 -75 
-71 -73 -73 -80 -79 
-77 -72 -70 -80 -82 
-80 -74 -72 -82 -83 
-73 -72 -73 -81 -82 
-71 -72 -65 -80 -82 
-71 -72 -68 -79 -78 
-77 -75 -68 -79 -75 
-66 -73 -63 -78 -75 
-77 -71 -66 -78 -80 
-71 -72 -65 -78 -77 
-67 -80 -74 -78 -75 
-78 -77 -68 -77 -76 
-78 -73 -77 -77 -82 
-67 -72 -72 -80 -78 
-80 -73 -66 -78 -81 
-79 -72 -76 -79 -77 
-79 -74 -65 -77 -78 
-68 -73 -76 -77 -80 
-79 -72 -66 -79 -85 
-78 -73 -66 -80 -82 
-68 -73 -68 -78 -82 
-78 -73 -70 -77 -78 
-73 -74 -64 -80 -77 
-78 -75 -71 -82 -78 
-75 -72 -71 -81 -79 
-75 -71 -72 -81 -73 
-71 -73 -70 -78 -80 
-71 -74 -70 -79 -80 
-76 -71 -69 -81 -80 
-67 -73 -68 -78 -77 
-74 -71 -71 -81 -79 
-75 -72 -71 -79 -78 
-89 -72 -70 -81 -90 
-76 -72 -69 -79 -86 
-69 -72 -63 -82 -80 
-83 -73 -72 -82 -80 
-75 -73 -69 -80 -83 
-75 -75 -63 -77 -82 
-70 -73 -67 -78 -79 
-78 -74 -67 -78 -82 
-74 -74 -74 -77 -76 
-72 -74 -70 -77 -81 
-77 -73 -68 -77 -78 
-71 -74 -64 -78 -84 
-75 -72 -65 -83 -78 
-66 -74 -65 -77 -80 
-75 -76 -70 -79 -79 
-76 -72 -62 -78 -84 
-75 -78 -68 -80 -77 
-71 -75 -69 -80 -81 
-72 -70 -74 -76 -82 
-71 -73 -66 -77 -84 
-76 -74 -66 -80 -81 
-78 -74 -79 -84 -83 
-81 -74 -63 -81 -80 
-70 -72 -68 -78 -81 
-73 -70 -70 -88 -82 
-77 -71 -67 -76 -81 
-73 -73 -63 -75 -76 
-71 -72 -67 -77 -81 
-77 -73 -64 -80 -80 
-75 -73 -65 -78 -79 
-75 -74 -68 -76 -73 
-71 -74 -67 -77 -73 
-74 -73 -69 -79 -77 
-68 -75 -72 -83 -77 
-70 -71 -66 -85 -79 
-72 -74 -73 -79 -81 
-74 -71 -66 -81 -84 
-67 -72 -73 -81 -80 
-70 -72 -65 -80 -86 
-72 -73 -73 -77 -81 
-72 -73 -64 -77 -81 
-76 -73 -64 -77 -77 
-78 -73 -65 -81 -83 
-75 -75 -73 -83 -83 
-73 -71 -68 -77 -81 
-72 -72 -64 -82 -81 
-71 -72 -64 -76 -80 
-74 -72 -63 -84 -78 
-70 -75 -74 -81 -77 
-73 -72 -65 -79 -81 
-71 -75 -69 -80 -84 
-65 -77 -72 -79 -80 
-70 -75 -67 -79 -79 
-72 -74 -69 -81 -79 
-75 -73 -66 -80 -81 
-72 -72 -72 -80 -83 
-71 -73 -65 -79 -77 
-75 -71 -73 -78 -79 
-67 -74 -65 -82 -82 
-71 -72 -70 -78 -79 
-69 -73 -66 -88 -83 
-72 -72 -64 -81 -77 
-66 -71 -65 -81 -81 
-74 -72 -66 -79 -77 
-77 -73 -65 -79 -81 
-69 -74 -66 -79 -77 
-75 -74 -70 -78 -76 
-73 -73 -77 -81 -84 
-77 -77 -68 -78 -76 
-73 -73 -66 -82 -85 
-76 -71 -65 -78 -81 
-75 -71 -65 -80 -80 
-66 -76 -65 -78 -84 
-72 -72 -65 -79 -81 
-72 -76 -69 -82 -78 
-77 -74 -70 -80 -77 
-71 -73 -69 -82 -82 
-67 -72 -74 -88 -87 
-73 -72 -63 -82 -81 
-72 -74 -68 -78 -81 
-72 -74 -69 -83 -79 
-79 -74 -68 -79 -82 
-71 -73 -69 -78 -81 
-75 -73 -63 -80 -78 
-70 -75 -71 -78 -79 
-67 -75 -65 -78 -83 
-74 -78 -66 -79 -81 
-75 -73 -71 -78 -79 
-76 -75 -65 -81 -82 
-75 -74 -71 -81 -81 
-75 -74 -67 -80 -79 
-69 -73 -71 -81 -82 
-70 -72 -65 -81 -79 
-68 -72 -78 -81 -89 
-68 -72 -67 -80 -77 
-64 -71 -66 -80 -76 
-77 -76 -66 -78 -81 
-76 -71 -76 -81 -77 
-70 -72 -68 -81 -74 
-68 -72 -65 -78 -76 
-71 -74 -69 -79 -76 
-78 -71 -71 -86 -75 
-67 -74 -68 -79 -76 
-77 -72 -65 -79 -79 
-70 -72 -69 -78 -84 
-71 -72 -69 -78 -86 
-73 -70 -67 -78 -82 
-68 -74 -68 -79 -80 
-70 -78 -67 -85 -83 
-66 -72 -71 -79 -81 
-70 -73 -67 -81 -80 
-71 -73 -68 -79 -78 
-75 -70 -72 -82 -79 
-76 -72 -65 -80 -83 
-78 -70 -65 -79 -82 
-74 -72 -70 -77 -84 
-72 -71 -62 -78 -83 
-70 -72 -63 -80 -82 
-69 -72 -70 -82 -84 
-69 -73 -71 -80 -82 
-75 -72 -67 -81 -89 
-69 -76 -68 -78 -83 
-65 -74 -71 -79 -81 
-69 -75 -67 -79 -83 
-73 -72 -68 -78 -87 
-68 -73 -68 -78 -81 
-65 -74 -70 -79 -78 
-71 -71 -69 -78 -82 
-65 -74 -70 -77 -81 
-68 -75 -68 -78 -87 
-72 -75 -68 -80 -80 
-70 -73 -66 -78 -90 
-71 -74 -67 -79 -80 
-68 -74 -68 -78 -80 
-74 -73 -65 -78 -80 
-74 -72 -69 -79 -81 
-73 -73 -64 -82 -84 
-73 -70 -71 -81 -84 
-73 -71 -69 -80 -82 
-70 -73 -70 -77 -82 
-71 -74 -62 -82 -78 
-76 -74 -67 -79 -87 
-71 -75 -73 -77 -89 
-70 -74 -73 -80 -86 
-72 -74 -67 -76 -87 
-73 -71 -68 -79 -86 
-77 -72 -70 -80 -85 
-71 -72 -68 -80 -84 
-70 -73 -69 -80 -82 
-76 -72 -70 -80 -83 
-75 -71 -68 -80 -81 
-71 -72 -66 -80 -83 
-72 -75 -68 -80 -81 
-76 -73 -69 -79 -84 
-76 -73 -71 -80 -84 
-73 -73 -65 -89 -84 
-74 -71 -70 -80 -81 
-66 -75 -75 -78 -80 
-70 -71 -68 -78 -80 
-71 -75 -72 -80 -80 
-71 -71 -70 -80 -85 
-73 -71 -69 -80 -84 
-77 -71 -64 -78 -80 
-66 -75 -75 -80 -80 
-76 -72 -68 -78 -80 
-75 -71 -68 -80 -84 
-76 -73 -66 -80 -82 
-78 -71 -74 -78 -84 
-66 -75 -68 -79 -84 
-73 -76 -64 -78 -81 
-76 -71 -71 -80 -82 
-71 -71 -68 -81 -82 
-78 -72 -64 -78 -85 
-66 -75 -74 -80 -80 
-71 -73 -68 -78 -78 
-72 -70 -69 -78 -81 
-67 -72 -67 -78 -84 
-70 -73 -66 -78 -83 
-71 -74 -71 -81 -83 
-74 -71 -69 -78 -81 
-76 -73 -66 -80 -86 
-76 -73 -64 -78 -80 
-72 -70 -66 -80 -78 
-71 -72 -69 -80 -81 
