2016-05-19 23:31:42.702724 -52 -63 -68 -67 -46 
2016-05-19 23:31:42.833744 -50 -61 -72 -60 -52 
2016-05-19 23:31:42.935758 -53 -60 -66 -67 -44 
2016-05-19 23:31:43.036775 -53 -74 -75 -76 -58 
2016-05-19 23:31:43.140784 -56 -63 -71 -63 -53 
2016-05-19 23:31:43.344812 -50 -65 -75 -76 -44 
2016-05-19 23:31:43.551842 -53 -58 -74 -76 -44 
2016-05-19 23:31:43.657859 -51 -62 -63 -62 -50 
2016-05-19 23:31:43.758995 -48 -62 -71 -63 -44 
2016-05-19 23:31:43.943018 -48 -63 -73 -63 -46 
2016-05-19 23:31:44.050903 -51 -64 -69 -73 -50 
2016-05-19 23:31:44.152915 -50 -63 -73 -65 -48 
2016-05-19 23:31:44.305937 -62 -68 -69 -80 -43 
2016-05-19 23:31:44.517961 -47 -65 -65 -62 -44 
2016-05-19 23:31:44.621982 -62 -64 -68 -60 -68 
2016-05-19 23:31:44.807131 -57 -74 -79 -64 -46 
2016-05-19 23:31:44.968020 -61 -64 -68 -62 -49 
2016-05-19 23:31:45.190052 -52 -63 -72 -63 -57 
2016-05-19 23:31:45.297070 -56 -62 -64 -62 -54 
2016-05-19 23:31:45.481090 -51 -67 -67 -66 -56 
2016-05-19 23:31:45.584104 -49 -69 -75 -63 -45 
2016-05-19 23:31:45.690117 -53 -65 -63 -60 -46 
2016-05-19 23:31:45.792134 -49 -60 -69 -71 -52 
2016-05-19 23:31:45.901145 -52 -63 -65 -62 -51 
2016-05-19 23:31:46.096170 -48 -63 -82 -65 -48 
2016-05-19 23:31:46.281195 -45 -64 -69 -61 -45 
2016-05-19 23:31:46.596236 -48 -60 -65 -62 -44 
2016-05-19 23:31:46.704250 -43 -63 -63 -65 -44 
2016-05-19 23:31:46.870272 -45 -71 -62 -89 -45 
2016-05-19 23:31:47.032296 -45 -60 -65 -62 -48 
2016-05-19 23:31:47.242325 -48 -59 -60 -64 -44 
2016-05-19 23:31:47.452351 -51 -62 -63 -70 -43 
2016-05-19 23:31:47.755388 -47 -66 -64 -61 -46 
2016-05-19 23:31:47.856400 -43 -65 -62 -63 -43 
2016-05-19 23:31:47.981416 -54 -62 -65 -66 -48 
2016-05-19 23:31:48.085430 -47 -60 -61 -63 -45 
2016-05-19 23:31:48.190445 -52 -63 -62 -69 -49 
2016-05-19 23:31:48.299459 -47 -64 -62 -66 -48 
2016-05-19 23:31:48.505492 -49 -62 -61 -67 -46 
2016-05-19 23:31:48.679646 -50 -57 -65 -63 -45 
2016-05-19 23:31:48.814533 -47 -54 -65 -69 -47 
2016-05-19 23:31:48.951553 -49 -61 -65 -70 -45 
2016-05-19 23:31:49.052568 -54 -64 -64 -71 -48 
2016-05-19 23:31:49.151579 -43 -60 -61 -60 -47 
2016-05-19 23:31:49.256590 -55 -61 -61 -63 -58 
2016-05-19 23:31:49.451620 -55 -61 -62 -67 -48 
2016-05-19 23:31:49.556630 -48 -64 -59 -71 -44 
2016-05-19 23:31:49.658640 -44 -70 -63 -69 -48 
2016-05-19 23:31:49.852674 -49 -67 -65 -69 -45 
2016-05-19 23:31:50.165710 -48 -53 -63 -64 -42 
2016-05-19 23:31:50.558757 -56 -56 -62 -64 -43 
2016-05-19 23:31:50.728780 -52 -55 -63 -62 -41 
2016-05-19 23:31:50.829796 -44 -73 -65 -57 -43 
2016-05-19 23:31:50.941811 -52 -56 -62 -72 -50 
2016-05-19 23:31:51.048822 -43 -75 -65 -56 -43 
2016-05-19 23:31:51.122839 -51 -55 -61 -69 -41 
2016-05-19 23:31:51.222853 -43 -65 -64 -59 -50 
2016-05-19 23:31:51.536019 -50 -73 -61 -65 -46 
2016-05-19 23:31:51.745915 -50 -71 -63 -66 -46 
2016-05-19 23:31:51.885934 -44 -57 -68 -82 -44 
2016-05-19 23:31:52.044955 -51 -60 -67 -63 -47 
2016-05-19 23:31:52.192103 -48 -63 -63 -60 -48 
2016-05-19 23:31:52.358000 -44 -58 -62 -63 -47 
2016-05-19 23:31:52.465011 -49 -57 -63 -72 -46 
2016-05-19 23:31:52.567024 -52 -59 -63 -59 -51 
2016-05-19 23:31:52.666055 -44 -59 -61 -73 -44 
2016-05-19 23:31:52.768179 -52 -55 -66 -65 -49 
2016-05-19 23:31:52.978081 -49 -62 -66 -68 -47 
2016-05-19 23:31:53.185104 -50 -61 -66 -66 -44 
2016-05-19 23:31:53.398136 -53 -59 -66 -60 -47 
2016-05-19 23:31:53.507146 -47 -57 -74 -55 -51 
2016-05-19 23:31:53.814182 -52 -56 -69 -60 -47 
2016-05-19 23:31:53.918205 -58 -59 -61 -59 -53 
2016-05-19 23:31:54.114222 -45 -54 -65 -67 -45 
2016-05-19 23:31:54.366258 -56 -54 -68 -61 -47 
2016-05-19 23:31:54.471271 -52 -55 -64 -58 -45 
2016-05-19 23:31:54.640423 -50 -55 -65 -76 -50 
2016-05-19 23:31:54.752438 -58 -60 -64 -65 -44 
2016-05-19 23:31:54.857322 -52 -60 -54 -61 -42 
2016-05-19 23:31:55.066349 -48 -67 -55 -57 -52 
2016-05-19 23:31:55.175357 -43 -61 -58 -58 -44 
2016-05-19 23:31:55.278373 -59 -61 -75 -65 -42 
2016-05-19 23:31:55.387384 -57 -63 -67 -68 -42 
2016-05-19 23:31:55.495398 -60 -59 -67 -60 -59 
2016-05-19 23:31:55.737429 -44 -58 -65 -59 -49 
2016-05-19 23:31:55.846443 -45 -68 -72 -71 -49 
2016-05-19 23:31:56.140484 -82 -65 -71 -62 -56 
2016-05-19 23:31:56.485527 -50 -64 -70 -60 -48 
2016-05-19 23:31:56.693558 -48 -62 -73 -60 -54 
2016-05-19 23:31:56.908586 -47 -59 -73 -59 -61 
2016-05-19 23:31:57.087606 -55 -58 -70 -62 -61 
2016-05-19 23:31:57.394643 -51 -68 -73 -60 -52 
2016-05-19 23:31:57.502660 -65 -57 -65 -58 -54 
2016-05-19 23:31:57.605674 -50 -70 -82 -60 -54 
2016-05-19 23:31:57.717688 -83 -69 -67 -57 -48 
2016-05-19 23:31:57.925715 -50 -66 -67 -62 -51 
2016-05-19 23:31:58.029726 -74 -71 -80 -65 -63 
2016-05-19 23:31:58.218758 -51 -59 -73 -59 -51 
2016-05-19 23:31:58.343776 -52 -58 -68 -69 -60 
2016-05-19 23:31:58.623810 -57 -62 -66 -65 -52 
2016-05-19 23:31:58.726821 -48 -68 -74 -62 -51 
2016-05-19 23:31:58.837834 -65 -60 -67 -65 -53 
2016-05-19 23:31:58.968857 -45 -62 -68 -62 -60 
2016-05-19 23:31:59.121872 -45 -63 -71 -59 -54 
2016-05-19 23:31:59.275892 -59 -63 -74 -62 -54 
2016-05-19 23:31:59.378909 -44 -66 -74 -62 -52 
2016-05-19 23:31:59.573935 -58 -72 -77 -62 -50 
2016-05-19 23:31:59.683949 -56 -69 -72 -60 -54 
2016-05-19 23:31:59.966982 -46 -68 -74 -60 -51 
2016-05-19 23:32:00.201141 -53 -62 -72 -59 -53 
2016-05-19 23:32:00.416041 -55 -65 -66 -59 -54 
2016-05-19 23:32:00.525053 -50 -60 -63 -57 -51 
2016-05-19 23:32:00.629072 -62 -54 -74 -62 -54 
2016-05-19 23:32:00.735080 -52 -66 -64 -55 -53 
2016-05-19 23:32:00.844101 -62 -57 -74 -59 -52 
2016-05-19 23:32:01.150134 -50 -69 -67 -59 -51 
2016-05-19 23:32:01.254154 -44 -55 -75 -58 -59 
2016-05-19 23:32:01.361166 -50 -65 -65 -62 -55 
2016-05-19 23:32:01.471179 -59 -65 -74 -59 -57 
2016-05-19 23:32:01.576217 -46 -67 -64 -60 -50 
2016-05-19 23:32:01.783220 -44 -65 -67 -60 -53 
2016-05-19 23:32:01.895254 -61 -61 -73 -61 -62 
2016-05-19 23:32:01.995244 -50 -66 -65 -59 -53 
2016-05-19 23:32:02.099265 -60 -59 -77 -59 -53 
2016-05-19 23:32:02.305417 -59 -58 -69 -59 -61 
125
