321 1
-65 -61 -74 -73 -67 
-68 -58 -76 -62 -66 
-74 -61 -79 -62 -72 
-77 -60 -83 -61 -69 
-69 -60 -78 -60 -66 
-63 -60 -80 -66 -74 
-69 -59 -74 -60 -78 
-65 -60 -70 -60 -77 
-64 -61 -70 -60 -71 
-65 -60 -72 -65 -73 
-65 -61 -79 -59 -82 
-66 -60 -80 -66 -72 
-65 -60 -75 -64 -80 
-63 -59 -72 -62 -72 
-64 -59 -71 -60 -73 
-65 -61 -69 -60 -78 
-68 -60 -72 -59 -71 
-63 -59 -81 -60 -71 
-65 -58 -80 -63 -66 
-75 -59 -71 -68 -71 
-63 -60 -77 -58 -71 
-70 -58 -77 -59 -69 
-64 -60 -73 -60 -67 
-63 -61 -77 -59 -74 
-61 -59 -75 -61 -65 
-69 -60 -75 -58 -73 
-63 -60 -74 -60 -67 
-64 -60 -70 -62 -71 
-68 -59 -74 -68 -70 
-62 -59 -75 -59 -73 
-66 -58 -75 -66 -68 
-64 -59 -69 -63 -68 
-63 -59 -76 -59 -72 
-67 -60 -75 -59 -69 
-63 -59 -74 -59 -65 
-67 -59 -76 -59 -67 
-62 -60 -68 -60 -74 
-62 -60 -70 -60 -69 
-67 -60 -72 -62 -69 
-63 -59 -70 -60 -73 
-68 -60 -68 -61 -67 
-62 -60 -69 -67 -64 
-64 -60 -70 -64 -69 
-63 -60 -77 -60 -64 
-67 -61 -70 -63 -64 
-63 -60 -69 -66 -70 
-63 -60 -69 -58 -63 
-61 -60 -76 -68 -72 
-68 -60 -70 -57 -66 
-62 -59 -67 -67 -72 
-68 -59 -67 -57 -65 
-65 -59 -68 -61 -68 
-64 -60 -69 -58 -64 
-68 -60 -76 -67 -68 
-63 -60 -71 -63 -70 
-65 -60 -70 -61 -63 
-64 -60 -69 -60 -63 
-64 -59 -70 -59 -64 
-65 -59 -72 -65 -65 
-67 -60 -75 -59 -65 
-65 -59 -69 -68 -70 
-67 -61 -75 -58 -65 
-63 -60 -67 -67 -68 
-67 -60 -75 -58 -72 
-63 -60 -67 -69 -68 
-67 -60 -75 -59 -63 
-66 -59 -69 -64 -72 
-61 -60 -69 -68 -63 
-65 -60 -70 -59 -72 
-63 -59 -69 -68 -64 
-67 -60 -70 -58 -68 
-64 -59 -75 -68 -64 
-67 -60 -70 -59 -67 
-65 -59 -75 -67 -72 
-67 -59 -72 -67 -67 
-65 -60 -67 -61 -72 
-65 -59 -71 -61 -70 
-65 -59 -75 -58 -68 
-61 -60 -68 -68 -72 
-67 -60 -75 -59 -67 
-62 -59 -67 -61 -72 
-65 -59 -69 -68 -66 
-67 -60 -69 -58 -64 
-65 -59 -75 -68 -72 
-67 -60 -67 -61 -69 
-64 -60 -72 -59 -69 
-63 -59 -75 -61 -72 
-65 -60 -68 -64 -70 
-67 -60 -75 -60 -64 
-65 -61 -69 -58 -64 
-67 -59 -69 -68 -69 
-63 -60 -68 -58 -72 
-66 -59 -75 -63 -66 
-62 -59 -70 -61 -63 
-63 -59 -69 -59 -68 
-63 -60 -69 -63 -65 
-66 -60 -76 -66 -72 
-62 -59 -69 -59 -68 
-66 -60 -70 -64 -72 
-64 -59 -70 -59 -70 
-68 -61 -68 -65 -68 
-63 -60 -69 -67 -72 
-64 -60 -75 -59 -67 
-62 -60 -68 -68 -72 
-67 -60 -72 -66 -69 
-64 -60 -78 -57 -68 
-67 -60 -70 -67 -65 
-62 -59 -73 -59 -68 
-62 -61 -70 -59 -68 
-63 -59 -71 -59 -64 
-65 -60 -72 -59 -64 
-62 -60 -70 -59 -70 
-62 -59 -73 -60 -70 
-65 -59 -73 -60 -68 
-64 -59 -73 -58 -64 
-65 -60 -70 -63 -63 
-63 -60 -68 -67 -69 
-65 -59 -75 -59 -67 
-62 -60 -71 -59 -73 
-68 -59 -71 -59 -66 
-64 -59 -71 -65 -72 
-62 -59 -70 -58 -69 
-64 -59 -73 -59 -72 
-66 -60 -72 -60 -63 
-68 -60 -73 -65 -69 
-62 -59 -72 -59 -69 
-63 -60 -70 -66 -73 
-62 -59 -70 -61 -70 
-67 -59 -73 -62 -74 
-64 -60 -76 -60 -67 
-63 -59 -71 -63 -67 
-64 -60 -75 -64 -65 
-64 -60 -71 -60 -65 
-65 -58 -74 -58 -73 
-62 -59 -69 -74 -67 
-62 -59 -75 -59 -69 
-65 -60 -74 -63 -72 
-66 -60 -74 -65 -66 
-62 -59 -75 -62 -64 
-64 -59 -82 -68 -71 
-65 -59 -67 -63 -71 
-65 -60 -77 -67 -68 
-62 -59 -72 -62 -69 
-64 -61 -87 -68 -72 
-63 -58 -82 -62 -69 
-65 -59 -88 -60 -73 
-64 -59 -69 -59 -70 
-64 -59 -76 -62 -77 
-63 -62 -73 -63 -76 
-65 -60 -73 -65 -73 
-69 -60 -74 -63 -70 
-69 -60 -77 -66 -80 
-78 -59 -78 -60 -73 
-66 -59 -80 -74 -74 
-70 -59 -75 -65 -69 
-65 -59 -84 -70 -65 
-70 -59 -80 -60 -70 
-71 -59 -80 -66 -66 
-69 -60 -75 -60 -72 
-73 -59 -80 -64 -63 
-76 -60 -78 -60 -64 
-68 -59 -75 -62 -70 
-72 -59 -72 -62 -63 
-70 -60 -75 -60 -65 
-66 -60 -72 -69 -68 
-65 -61 -73 -60 -69 
-65 -61 -70 -61 -71 
-64 -61 -71 -61 -70 
-62 -60 -77 -60 -72 
-64 -60 -68 -63 -73 
-62 -60 -71 -69 -69 
-64 -60 -70 -61 -71 
-67 -60 -77 -71 -70 
-63 -60 -69 -61 -68 
-64 -60 -77 -67 -71 
-66 -60 -81 -65 -70 
-63 -59 -72 -62 -69 
-65 -60 -75 -66 -70 
-73 -60 -71 -63 -65 
-63 -60 -71 -63 -64 
-65 -60 -68 -62 -73 
-64 -60 -73 -66 -66 
-66 -60 -75 -58 -68 
-64 -60 -68 -68 -64 
-63 -59 -77 -58 -65 
-64 -59 -69 -59 -69 
-63 -60 -78 -60 -65 
-61 -57 -69 -62 -66 
-66 -60 -75 -59 -64 
-64 -60 -73 -66 -71 
-64 -59 -76 -62 -67 
-65 -60 -73 -59 -70 
-64 -59 -72 -58 -65 
-66 -60 -75 -65 -65 
-64 -60 -75 -70 -72 
-66 -59 -71 -64 -67 
-64 -60 -72 -62 -71 
-66 -61 -76 -71 -69 
-66 -60 -70 -61 -68 
-66 -60 -68 -60 -72 
-69 -60 -74 -62 -65 
-65 -59 -68 -62 -72 
-68 -60 -72 -70 -67 
-63 -59 -73 -60 -73 
-69 -60 -68 -62 -65 
-63 -58 -74 -70 -72 
-69 -60 -67 -62 -65 
-65 -60 -74 -70 -68 
-69 -59 -69 -62 -73 
-63 -60 -72 -61 -67 
-65 -60 -70 -60 -70 
-62 -60 -74 -61 -65 
-69 -59 -68 -60 -68 
-64 -59 -72 -61 -66 
-63 -57 -71 -66 -67 
-63 -60 -73 -62 -70 
-69 -61 -75 -60 -68 
-64 -60 -72 -62 -68 
-67 -60 -72 -62 -70 
-64 -60 -74 -62 -66 
-63 -59 -70 -66 -65 
-65 -60 -68 -71 -72 
-69 -59 -72 -58 -65 
-65 -59 -72 -65 -64 
-69 -60 -66 -71 -67 
-65 -59 -71 -60 -72 
-65 -59 -72 -65 -72 
-69 -60 -74 -60 -68 
-62 -61 -68 -62 -63 
-69 -60 -68 -58 -66 
-65 -61 -75 -66 -70 
-62 -60 -72 -60 -72 
-69 -59 -72 -60 -68 
-66 -59 -71 -71 -65 
-63 -58 -71 -71 -64 
-66 -59 -71 -65 -68 
-67 -60 -71 -61 -68 
-63 -59 -72 -62 -65 
-63 -60 -76 -59 -65 
-63 -59 -68 -71 -70 
-63 -59 -72 -60 -68 
-63 -59 -74 -65 -65 
-65 -60 -71 -60 -65 
-65 -60 -71 -64 -64 
-68 -60 -73 -62 -73 
-67 -60 -71 -60 -72 
-62 -60 -73 -63 -69 
-63 -59 -71 -64 -70 
-66 -60 -74 -61 -72 
-63 -60 -71 -61 -68 
-66 -60 -75 -58 -71 
-63 -60 -70 -62 -64 
-66 -59 -74 -70 -71 
-64 -59 -70 -61 -69 
-63 -60 -75 -69 -71 
-64 -60 -75 -64 -67 
-62 -60 -72 -59 -64 
-64 -60 -70 -68 -68 
-63 -58 -75 -62 -64 
-63 -60 -69 -64 -71 
-63 -59 -75 -70 -71 
-63 -60 -70 -59 -68 
-66 -60 -70 -64 -70 
-62 -60 -72 -62 -71 
-62 -60 -75 -70 -64 
-63 -59 -70 -62 -65 
-66 -60 -72 -66 -70 
-62 -60 -73 -61 -67 
-62 -60 -75 -59 -66 
-64 -60 -72 -62 -65 
-63 -60 -72 -60 -70 
-66 -60 -75 -69 -65 
-63 -60 -70 -61 -71 
-63 -59 -71 -65 -69 
-63 -60 -72 -69 -66 
-66 -60 -70 -59 -70 
-62 -60 -72 -69 -65 
-63 -60 -72 -64 -67 
-64 -59 -71 -60 -65 
-64 -59 -72 -63 -65 
-63 -60 -72 -61 -66 
-62 -59 -72 -61 -70 
-65 -60 -76 -65 -66 
-63 -60 -73 -62 -69 
-62 -60 -71 -67 -71 
-62 -61 -72 -64 -69 
-62 -59 -72 -65 -70 
-67 -60 -74 -62 -68 
-63 -60 -71 -58 -70 
-63 -59 -73 -64 -70 
-63 -60 -68 -70 -63 
-66 -59 -74 -60 -73 
-64 -59 -72 -64 -66 
-62 -58 -86 -68 -70 
-64 -59 -74 -64 -67 
-66 -58 -76 -63 -70 
-65 -59 -70 -59 -63 
-63 -60 -71 -63 -65 
-63 -59 -75 -61 -72 
-66 -60 -69 -59 -74 
-64 -60 -77 -61 -78 
-62 -61 -70 -68 -72 
-65 -60 -73 -65 -74 
-64 -59 -70 -71 -72 
-62 -62 -70 -60 -76 
-64 -61 -74 -62 -75 
-65 -60 -69 -69 -83 
-65 -59 -71 -62 -77 
-63 -62 -68 -69 -73 
-65 -61 -76 -59 -79 
-65 -59 -70 -60 -72 
-67 -60 -80 -61 -74 
-68 -59 -80 -70 -72 
-67 -61 -76 -59 -65 
-73 -57 -75 -59 -68 
-69 -61 -79 -59 -69 
-75 -58 -84 -62 -66 
-73 -59 -79 -66 -68 
-74 -62 -77 -59 -69 
-70 -59 -81 -63 -68 
-71 -60 -75 -68 -71 