465 10
-59 -76 -76 -65 -71 
-64 -71 -67 -71 -75 
-62 -72 -71 -65 -75 
-66 -73 -69 -68 -79 
-65 -76 -67 -65 -72 
-62 -72 -77 -85 -71 
-58 -71 -77 -76 -75 
-62 -73 -69 -68 -74 
-66 -75 -68 -68 -71 
-64 -72 -72 -68 -73 
-63 -73 -72 -68 -72 
-59 -71 -69 -65 -79 
-61 -74 -72 -64 -75 
-67 -72 -67 -85 -71 
-58 -71 -69 -65 -80 
-62 -71 -67 -68 -72 
-67 -72 -68 -63 -75 
-65 -76 -77 -65 -71 
-66 -71 -77 -68 -71 
-65 -71 -69 -68 -79 
-67 -71 -71 -68 -75 
-66 -70 -77 -86 -75 
-67 -72 -72 -65 -71 
-65 -71 -69 -68 -72 
-62 -74 -68 -64 -75 
-65 -76 -67 -85 -79 
-59 -71 -77 -65 -79 
-67 -76 -67 -68 -71 
-59 -75 -77 -68 -71 
-63 -76 -72 -65 -79 
-61 -74 -74 -68 -75 
-62 -76 -73 -74 -72 
-67 -71 -77 -68 -79 
-66 -70 -67 -66 -71 
-62 -72 -69 -68 -74 
-65 -76 -68 -85 -75 
-65 -71 -69 -65 -71 
-67 -72 -77 -64 -71 
-66 -72 -67 -68 -75 
-62 -74 -67 -68 -74 
-62 -70 -72 -68 -71 
-62 -72 -73 -64 -71 
-62 -76 -72 -68 -79 
-67 -72 -68 -68 -75 
-67 -70 -69 -65 -78 
-65 -70 -67 -68 -71 
-59 -71 -68 -65 -80 
-65 -72 -67 -68 -71 
-67 -71 -72 -64 -70 
-66 -72 -67 -69 -70 
-65 -70 -69 -68 -80 
-59 -75 -78 -65 -71 
-62 -71 -67 -65 -71 
-62 -73 -70 -65 -71 
-62 -73 -79 -85 -71 
-57 -73 -69 -69 -74 
-67 -71 -71 -69 -78 
-59 -71 -69 -65 -72 
-65 -71 -69 -66 -80 
-65 -74 -77 -69 -81 
-65 -71 -73 -69 -72 
-67 -71 -68 -64 -72 
-59 -71 -76 -69 -68 
-66 -73 -76 -80 -71 
-67 -73 -67 -69 -71 
-65 -71 -79 -70 -73 
-66 -74 -70 -81 -72 
-57 -72 -74 -69 -77 
-62 -71 -69 -65 -70 
-65 -72 -76 -69 -71 
-64 -73 -71 -74 -72 
-66 -68 -76 -82 -71 
-59 -72 -69 -70 -77 
-67 -70 -75 -79 -71 
-65 -72 -69 -63 -68 
-63 -72 -77 -73 -74 
-66 -70 -74 -75 -72 
-67 -70 -78 -75 -73 
-67 -70 -79 -77 -76 
-66 -75 -68 -64 -72 
-59 -69 -68 -77 -82 
-66 -74 -68 -73 -69 
-59 -74 -76 -64 -69 
-67 -72 -68 -73 -81 
-67 -74 -72 -74 -70 
-66 -70 -75 -72 -72 
-66 -72 -76 -73 -69 
-62 -70 -76 -73 -70 
-67 -72 -72 -77 -72 
-66 -70 -68 -73 -79 
-59 -73 -75 -77 -71 
-63 -72 -68 -75 -68 
-67 -68 -66 -72 -68 
-59 -72 -68 -63 -68 
-64 -70 -75 -71 -72 
-67 -69 -71 -71 -76 
-59 -71 -67 -72 -75 
-66 -72 -74 -74 -73 
-68 -69 -68 -67 -75 
-67 -74 -79 -65 -70 
-63 -75 -68 -64 -75 
-58 -74 -67 -69 -70 
-67 -75 -69 -65 -79 
-66 -72 -74 -65 -79 
-60 -72 -67 -68 -71 
-60 -71 -69 -64 -72 
-61 -73 -72 -64 -72 
-63 -75 -69 -68 -74 
-60 -72 -71 -73 -70 
-65 -72 -68 -63 -70 
-69 -71 -68 -68 -71 
-60 -74 -68 -78 -68 
-65 -71 -80 -68 -70 
-60 -74 -68 -79 -69 
-62 -72 -80 -66 -68 
-64 -71 -77 -79 -72 
-60 -74 -68 -65 -68 
-66 -72 -66 -71 -72 
-64 -73 -69 -79 -71 
-68 -73 -68 -79 -72 
-66 -73 -73 -69 -68 
-64 -74 -69 -68 -70 
-60 -75 -77 -64 -71 
-65 -73 -67 -68 -72 
-61 -75 -68 -79 -69 
-62 -72 -71 -73 -69 
-67 -72 -68 -66 -69 
-66 -72 -81 -64 -68 
-69 -71 -68 -78 -72 
-68 -73 -68 -64 -71 
-59 -74 -68 -62 -72 
-68 -75 -68 -63 -69 
-61 -74 -69 -67 -68 
-66 -72 -74 -65 -69 
-62 -72 -74 -73 -68 
-64 -73 -73 -64 -69 
-65 -75 -81 -64 -71 
-64 -71 -80 -65 -71 
-68 -71 -68 -64 -70 
-65 -71 -68 -78 -69 
-65 -72 -73 -77 -70 
-60 -71 -68 -64 -70 
-65 -75 -67 -78 -69 
-60 -71 -68 -64 -72 
-62 -73 -68 -64 -70 
-65 -73 -68 -68 -71 
-61 -72 -72 -78 -70 
-65 -74 -68 -64 -68 
-62 -74 -70 -62 -70 
-65 -74 -68 -68 -69 
-68 -75 -79 -64 -71 
-65 -71 -67 -68 -69 
-68 -74 -71 -69 -70 
-64 -75 -68 -68 -69 
-59 -73 -68 -64 -69 
-65 -71 -81 -68 -71 
-69 -74 -68 -64 -72 
-65 -71 -68 -68 -70 
-65 -74 -74 -66 -70 
-60 -71 -73 -63 -70 
-62 -76 -68 -68 -71 
-68 -73 -74 -65 -69 
-61 -69 -75 -72 -69 
-58 -76 -68 -80 -70 
-62 -74 -75 -72 -72 
-67 -71 -67 -68 -71 
-65 -73 -68 -65 -66 
-66 -70 -69 -69 -71 
-60 -72 -73 -70 -70 
-68 -69 -77 -77 -72 
-59 -71 -65 -69 -71 
-65 -74 -77 -64 -75 
-61 -69 -68 -67 -70 
-57 -69 -67 -70 -81 
-64 -69 -77 -70 -71 
-60 -70 -77 -78 -72 
-61 -70 -69 -67 -75 
-68 -69 -67 -65 -77 
-65 -69 -67 -65 -71 
-64 -72 -68 -71 -68 
-60 -71 -69 -65 -75 
-64 -71 -68 -74 -78 
-60 -71 -71 -72 -68 
-62 -72 -68 -69 -69 
-67 -69 -68 -69 -78 
-60 -71 -69 -67 -77 
-65 -70 -71 -70 -68 
-62 -72 -75 -70 -78 
-59 -73 -65 -71 -68 
-62 -70 -67 -78 -77 
-62 -70 -74 -73 -73 
-67 -72 -71 -72 -69 
-60 -71 -71 -74 -69 
-63 -73 -74 -69 -78 
-67 -70 -67 -79 -85 
-63 -73 -72 -67 -78 
-63 -71 -71 -73 -69 
-60 -69 -70 -74 -68 
-66 -70 -67 -64 -69 
-67 -73 -67 -68 -89 
-59 -71 -72 -70 -77 
-68 -73 -68 -70 -84 
-59 -70 -71 -79 -77 
-62 -73 -68 -70 -81 
-68 -73 -70 -65 -78 
-67 -69 -66 -79 -79 
-59 -72 -74 -70 -69 
-60 -71 -68 -77 -69 
-64 -71 -71 -73 -79 
-64 -70 -68 -64 -69 
-59 -70 -68 -70 -88 
-63 -72 -67 -65 -69 
-61 -70 -68 -75 -71 
-61 -74 -75 -78 -85 
-60 -71 -68 -65 -70 
-65 -71 -67 -72 -73 
-63 -72 -67 -71 -77 
-60 -70 -67 -65 -76 
-62 -76 -67 -71 -74 
-59 -75 -67 -73 -69 
-64 -72 -70 -71 -72 
-59 -71 -67 -62 -81 
-65 -69 -73 -64 -73 
-68 -70 -68 -68 -69 
-69 -69 -67 -69 -75 
-60 -71 -66 -73 -73 
-67 -70 -68 -69 -75 
-60 -77 -66 -75 -73 
-67 -70 -66 -69 -75 
-60 -70 -67 -74 -73 
-67 -71 -67 -62 -75 
-60 -77 -66 -74 -73 
-68 -71 -66 -69 -75 
-67 -72 -66 -63 -71 
-66 -77 -75 -67 -72 
-67 -74 -66 -63 -72 
-68 -74 -71 -69 -72 
-61 -73 -66 -71 -70 
-66 -71 -74 -66 -75 
-63 -70 -76 -74 -71 
-59 -71 -66 -72 -75 
-66 -70 -76 -71 -73 
-68 -77 -66 -69 -76 
-67 -77 -77 -69 -71 
-66 -71 -66 -74 -74 
-68 -77 -71 -71 -73 
-68 -77 -76 -69 -71 
-61 -70 -68 -74 -76 
-68 -76 -74 -69 -72 
-68 -70 -67 -65 -76 
-61 -70 -74 -69 -73 
-68 -74 -66 -63 -69 
-61 -71 -76 -69 -76 
-68 -70 -68 -72 -69 
-68 -71 -76 -68 -73 
-61 -70 -68 -64 -70 
-68 -75 -66 -69 -76 
-60 -71 -68 -74 -70 
-67 -75 -77 -69 -76 
-63 -76 -77 -74 -70 
-59 -71 -66 -69 -76 
-67 -70 -76 -69 -70 
-63 -71 -67 -65 -73 
-64 -70 -67 -65 -71 
-61 -76 -76 -69 -73 
-66 -70 -76 -74 -74 
-65 -70 -66 -66 -73 
-68 -70 -66 -71 -72 
-67 -76 -66 -74 -71 
-66 -71 -66 -63 -76 
-59 -76 -66 -65 -73 
-67 -70 -75 -69 -76 
-59 -70 -74 -65 -76 
-68 -70 -66 -69 -73 
-61 -70 -67 -65 -75 
-65 -73 -66 -69 -71 
-61 -69 -70 -65 -70 
-67 -76 -68 -69 -76 
-64 -75 -71 -68 -72 
-60 -70 -66 -70 -71 
-66 -73 -68 -63 -72 
-67 -75 -68 -68 -75 
-67 -75 -67 -74 -71 
-67 -71 -67 -69 -73 
-66 -70 -68 -71 -72 
-61 -71 -76 -67 -72 
-63 -70 -68 -71 -73 
-67 -70 -66 -65 -70 
-59 -76 -67 -69 -74 
-64 -76 -66 -65 -71 
-67 -76 -75 -68 -70 
-64 -71 -75 -72 -71 
-64 -70 -67 -62 -76 
-64 -73 -71 -64 -73 
-65 -70 -68 -69 -72 
-59 -74 -76 -64 -73 
-67 -70 -68 -69 -69 
-60 -74 -76 -74 -75 
-66 -71 -66 -69 -69 
-59 -70 -76 -74 -72 
-67 -71 -67 -69 -70 
-59 -69 -76 -72 -70 
-67 -75 -68 -69 -70 
-61 -70 -66 -72 -72 
-67 -77 -76 -66 -70 
-61 -69 -66 -74 -74 
-68 -71 -68 -65 -70 
-67 -71 -66 -74 -77 
-69 -71 -68 -69 -72 
-67 -73 -66 -74 -72 
-61 -70 -68 -69 -70 
-68 -76 -76 -74 -75 
-67 -71 -68 -65 -70 
-69 -74 -66 -74 -77 
-65 -72 -72 -70 -72 
-60 -70 -74 -65 -77 
-69 -71 -68 -69 -73 
-64 -73 -67 -66 -72 
-67 -74 -74 -64 -72 
-69 -69 -66 -63 -76 
-67 -71 -66 -74 -70 
-69 -69 -66 -65 -72 
-64 -71 -76 -64 -75 
-61 -71 -68 -69 -73 
-64 -77 -67 -70 -73 
-68 -73 -69 -74 -71 
-63 -70 -77 -66 -73 
-67 -70 -68 -69 -71 
-59 -74 -75 -74 -70 
-64 -70 -71 -69 -75 
-66 -76 -77 -74 -69 
-59 -72 -69 -64 -75 
-65 -76 -77 -64 -70 
-68 -70 -67 -69 -73 
-68 -72 -66 -69 -75 
-60 -76 -67 -74 -73 
-68 -70 -75 -74 -70 
-68 -77 -68 -69 -75 
-68 -73 -66 -64 -70 
-68 -69 -66 -66 -71 
-67 -76 -67 -69 -70 
-68 -69 -68 -69 -73 
-68 -76 -66 -72 -76 
-61 -70 -68 -69 -70 
-68 -71 -70 -69 -74 
-65 -70 -67 -62 -73 
-64 -70 -67 -63 -73 
-64 -72 -67 -67 -74 
-67 -71 -66 -68 -73 
-68 -76 -67 -64 -70 
-66 -71 -75 -69 -73 
-60 -77 -66 -74 -73 
-68 -71 -68 -68 -76 
-67 -71 -66 -64 -70 
-60 -77 -67 -69 -75 
-64 -77 -71 -71 -70 
-66 -76 -67 -66 -70 
-61 -70 -66 -64 -76 
-68 -77 -68 -69 -70 
-61 -71 -66 -65 -73 
-67 -74 -68 -74 -72 
-68 -71 -66 -65 -70 
-67 -76 -68 -74 -75 
-69 -71 -66 -69 -69 
-67 -76 -76 -74 -74 
-66 -73 -66 -64 -76 
-62 -73 -76 -66 -74 
-68 -71 -68 -69 -73 
-68 -73 -76 -65 -71 
-64 -75 -66 -72 -72 
-60 -76 -76 -70 -75 
-65 -71 -67 -69 -70 
-64 -71 -71 -69 -73 
-68 -71 -68 -74 -75 
-62 -71 -67 -69 -73 
-68 -76 -76 -74 -73 
-64 -76 -71 -69 -73 
-68 -71 -66 -74 -70 
-60 -71 -73 -69 -75 
-59 -76 -76 -65 -73 
-66 -71 -68 -69 -70 
-63 -71 -76 -66 -72 
-64 -73 -76 -65 -73 
-67 -71 -66 -74 -70 
-66 -75 -67 -65 -76 
-64 -71 -68 -68 -71 
-63 -74 -71 -71 -76 
-62 -74 -69 -66 -73 
-67 -71 -66 -69 -70 
-60 -71 -76 -74 -75 
-67 -70 -66 -69 -70 
-60 -74 -77 -73 -76 
-67 -71 -67 -65 -72 
-67 -69 -66 -62 -71 
-67 -75 -74 -63 -73 
-67 -75 -70 -63 -72 
-67 -76 -67 -65 -73 
-68 -73 -69 -68 -70 
-67 -72 -66 -74 -70 
-68 -75 -68 -62 -75 
-68 -71 -66 -72 -70 
-67 -72 -70 -69 -72 
-60 -71 -68 -69 -76 
-67 -71 -66 -63 -70 
-61 -75 -68 -69 -76 
-67 -71 -66 -74 -70 
-60 -71 -75 -69 -72 
-67 -73 -68 -63 -76 
-63 -76 -71 -74 -70 
-68 -71 -75 -69 -71 
-61 -77 -66 -74 -70 
-67 -76 -71 -69 -75 
-64 -77 -66 -71 -73 
-61 -71 -68 -63 -70 
-67 -71 -66 -74 -77 
-68 -71 -67 -62 -71 
-68 -73 -67 -71 -72 
-68 -71 -67 -71 -71 
-68 -75 -68 -63 -71 
-67 -73 -67 -71 -70 
-67 -76 -70 -71 -73 
-61 -71 -66 -62 -73 
-59 -72 -68 -70 -70 
-64 -70 -68 -69 -73 
-63 -70 -76 -69 -72 
-68 -70 -68 -74 -70 
-60 -75 -66 -69 -75 
-68 -70 -68 -74 -71 
-68 -70 -74 -65 -76 
-67 -75 -67 -69 -73 
-64 -75 -66 -69 -74 
-64 -71 -66 -65 -73 
-66 -71 -68 -69 -76 
-68 -71 -77 -67 -73 
-67 -75 -68 -69 -70 
-69 -71 -76 -69 -76 
-64 -73 -77 -71 -72 
-64 -71 -66 -69 -73 
-68 -76 -77 -72 -70 
-61 -71 -66 -62 -76 
-68 -71 -77 -74 -73 
-68 -71 -67 -64 -76 
-68 -71 -71 -68 -73 
-68 -71 -77 -73 -70 
-64 -75 -68 -69 -76 
-68 -71 -75 -65 -70 
-59 -75 -66 -69 -76 
-67 -70 -77 -71 -72 
-60 -71 -69 -63 -70 
-68 -71 -66 -68 -74 
-60 -76 -76 -63 -70 
-65 -71 -66 -64 -73 
-69 -77 -74 -72 -70 
-67 -71 -66 -69 -71 
-59 -77 -68 -74 -69 
-64 -77 -66 -66 -72 
-61 -70 -72 -67 -72 
-70 -70 -66 -64 -80 
-70 -70 -68 -80 -71 
-66 -70 -67 -70 -73 
-69 -70 -69 -69 -74 
-64 -69 -72 -65 -79 
-67 -72 -66 -72 -69 
-65 -71 -74 -76 -84 
-65 -71 -66 -71 -71 