332 11
-56 -70 -63 -71 -66 
-59 -70 -62 -71 -64 
-56 -66 -77 -70 -65 
-57 -66 -66 -68 -65 
-60 -68 -77 -72 -64 
-58 -65 -67 -64 -66 
-59 -71 -77 -67 -64 
-60 -66 -71 -64 -66 
-60 -68 -69 -64 -67 
-58 -71 -65 -71 -65 
-57 -67 -65 -72 -65 
-57 -71 -67 -71 -67 
-62 -69 -77 -72 -64 
-57 -67 -67 -71 -67 
-62 -69 -66 -72 -64 
-58 -67 -63 -66 -66 
-62 -68 -77 -72 -65 
-59 -65 -63 -64 -67 
-59 -68 -71 -64 -64 
-62 -68 -64 -73 -67 
-57 -69 -63 -70 -68 
-62 -67 -67 -73 -67 
-59 -65 -63 -64 -63 
-59 -65 -70 -71 -67 
-57 -71 -67 -73 -64 
-59 -68 -64 -64 -67 
-60 -67 -63 -71 -67 
-59 -70 -67 -71 -68 
-57 -69 -63 -72 -64 
-57 -68 -65 -72 -65 
-58 -70 -65 -67 -68 
-57 -65 -77 -73 -64 
-57 -68 -62 -68 -66 
-58 -67 -70 -68 -63 
-55 -68 -68 -64 -68 
-58 -67 -64 -72 -68 
-60 -65 -67 -71 -64 
-59 -69 -64 -67 -66 
-59 -65 -65 -64 -66 
-57 -67 -65 -72 -66 
-61 -67 -64 -64 -68 
-60 -69 -70 -72 -68 
-59 -65 -77 -72 -67 
-58 -70 -72 -71 -67 
-57 -65 -67 -64 -64 
-57 -68 -68 -64 -66 
-57 -67 -65 -71 -66 
-60 -68 -67 -64 -67 
-59 -65 -65 -63 -65 
-57 -66 -77 -68 -66 
-57 -68 -67 -64 -64 
-61 -66 -67 -72 -67 
-59 -69 -78 -71 -64 
-58 -70 -67 -71 -67 
-57 -65 -78 -72 -64 
-59 -67 -64 -71 -67 
-57 -65 -66 -72 -65 
-59 -70 -64 -71 -68 
-59 -69 -72 -68 -66 
-59 -69 -64 -71 -67 
-58 -68 -64 -67 -65 
-57 -69 -67 -64 -67 
-57 -68 -64 -72 -64 
-60 -65 -64 -64 -67 
-57 -68 -67 -72 -64 
-59 -65 -64 -64 -67 
-58 -65 -65 -63 -65 
-60 -65 -64 -72 -67 
-59 -68 -64 -64 -68 
-58 -68 -68 -71 -65 
-58 -67 -68 -71 -67 
-58 -70 -71 -64 -67 
-57 -66 -64 -71 -66 
-59 -67 -66 -71 -67 
-57 -65 -64 -71 -63 
-59 -66 -79 -72 -67 
-58 -66 -79 -67 -67 
-57 -65 -63 -64 -67 
-58 -68 -80 -64 -65 
-57 -69 -73 -64 -66 
-60 -70 -63 -71 -68 
-57 -66 -64 -71 -65 
-60 -68 -66 -67 -67 
-59 -68 -66 -64 -66 
-59 -69 -81 -71 -67 
-62 -67 -73 -64 -65 
-57 -65 -66 -71 -67 
-59 -70 -74 -70 -67 
-62 -68 -68 -71 -65 
-58 -68 -81 -67 -65 
-62 -66 -64 -64 -67 
-59 -67 -80 -67 -66 
-57 -65 -65 -72 -67 
-62 -68 -64 -70 -66 
-57 -65 -79 -72 -65 
-60 -68 -64 -71 -66 
-57 -66 -79 -72 -65 
-59 -66 -68 -72 -68 
-58 -64 -77 -73 -63 
-59 -67 -68 -68 -64 
-58 -72 -65 -71 -67 
-57 -65 -81 -72 -65 
-63 -70 -64 -70 -70 
-58 -68 -75 -72 -66 
-59 -66 -68 -77 -67 
-57 -66 -68 -69 -65 
-58 -69 -78 -66 -66 
-58 -67 -77 -66 -71 
-59 -65 -70 -64 -66 
-65 -65 -69 -63 -69 
-58 -66 -65 -64 -73 
-60 -67 -63 -78 -71 
-58 -69 -67 -72 -72 
-57 -67 -65 -70 -62 
-62 -67 -75 -67 -69 
-59 -66 -64 -70 -65 
-58 -67 -71 -66 -74 
-60 -66 -64 -66 -65 
-59 -66 -64 -67 -65 
-59 -66 -77 -77 -63 
-61 -66 -65 -75 -68 
-59 -69 -64 -66 -73 
-58 -71 -77 -79 -64 
-59 -65 -68 -66 -64 
-59 -70 -76 -78 -76 
-58 -67 -70 -70 -64 
-60 -67 -69 -74 -63 
-57 -65 -64 -75 -74 
-60 -69 -68 -75 -67 
-59 -72 -64 -65 -70 
-57 -67 -65 -74 -72 
-59 -69 -68 -74 -63 
-57 -71 -68 -75 -72 
-60 -65 -64 -74 -63 
-58 -68 -64 -71 -67 
-57 -67 -67 -68 -66 
-58 -72 -67 -75 -63 
-60 -72 -64 -66 -72 
-58 -67 -75 -75 -70 
-57 -67 -75 -70 -68 
-60 -68 -65 -70 -63 
-58 -71 -68 -66 -68 
-59 -70 -75 -75 -73 
-56 -72 -69 -70 -67 
-58 -71 -75 -74 -73 
-57 -70 -66 -74 -63 
-57 -71 -65 -66 -68 
-57 -69 -67 -74 -70 
-57 -69 -76 -75 -63 
-60 -69 -67 -74 -68 
-57 -71 -76 -74 -63 
-60 -68 -64 -65 -68 
-59 -65 -75 -75 -73 
-57 -69 -65 -73 -63 
-59 -72 -66 -75 -73 
-57 -70 -64 -66 -66 
-59 -72 -66 -75 -68 
-56 -70 -68 -74 -63 
-58 -70 -65 -74 -69 
-59 -67 -68 -70 -70 
-58 -68 -68 -70 -73 
-56 -65 -75 -74 -63 
-59 -70 -68 -74 -68 
-57 -68 -66 -69 -63 
-59 -65 -64 -70 -68 
-57 -65 -74 -66 -74 
-56 -71 -65 -74 -63 
-59 -69 -64 -69 -73 
-58 -68 -67 -66 -65 
-59 -70 -65 -74 -68 
-56 -65 -75 -66 -61 
-57 -68 -69 -66 -68 
-57 -71 -66 -74 -71 
-58 -65 -68 -70 -63 
-59 -70 -65 -74 -67 
-56 -70 -71 -74 -63 
-57 -69 -66 -64 -73 
-60 -65 -65 -65 -63 
-57 -71 -64 -74 -70 
-57 -71 -76 -74 -68 
-57 -69 -70 -74 -74 
-58 -67 -74 -65 -68 
-59 -65 -64 -66 -63 
-59 -71 -74 -73 -74 
-57 -71 -66 -66 -67 
-58 -68 -74 -74 -63 
-57 -65 -68 -66 -68 
-58 -69 -73 -74 -63 
-57 -69 -66 -66 -73 
-58 -69 -68 -74 -63 
-57 -71 -74 -66 -67 
-59 -70 -64 -74 -61 
-59 -70 -68 -69 -68 
-60 -66 -70 -69 -68 
-59 -65 -74 -73 -73 
-59 -69 -66 -65 -63 
-55 -67 -63 -70 -66 
-59 -72 -67 -75 -62 
-59 -69 -74 -66 -68 
-58 -71 -64 -74 -62 
-59 -67 -68 -74 -74 
-59 -65 -65 -66 -63 
-59 -71 -75 -74 -74 
-57 -65 -64 -75 -63 
-59 -71 -74 -74 -74 
-58 -65 -64 -65 -63 
-59 -69 -68 -74 -66 
-57 -67 -68 -66 -66 
-57 -67 -64 -66 -71 
-59 -65 -75 -74 -74 
-57 -68 -67 -66 -68 
-57 -65 -69 -66 -68 
-58 -67 -69 -75 -68 
-60 -66 -64 -74 -73 
-59 -69 -68 -73 -70 
-57 -65 -75 -74 -63 
-60 -71 -64 -75 -73 
-57 -71 -67 -70 -63 
-59 -71 -65 -70 -68 
-59 -65 -66 -66 -67 
-56 -70 -65 -75 -68 
-58 -67 -64 -69 -73 
-57 -68 -66 -70 -67 
-59 -68 -66 -66 -74 
-57 -67 -68 -65 -66 
-58 -67 -69 -65 -63 
-60 -65 -76 -75 -68 
-57 -70 -76 -74 -67 
-60 -72 -63 -75 -62 
-59 -70 -67 -74 -67 
-59 -65 -64 -64 -63 
-59 -70 -76 -70 -63 
-60 -70 -64 -75 -72 
-59 -71 -66 -75 -63 
-60 -69 -67 -70 -72 
-59 -71 -64 -75 -63 
-60 -74 -76 -74 -67 
-63 -65 -64 -72 -70 
-57 -65 -70 -73 -70 
-60 -69 -76 -75 -63 
-61 -65 -73 -77 -62 
-59 -68 -64 -74 -68 
-59 -66 -76 -73 -74 
-57 -69 -65 -66 -68 
-57 -66 -68 -65 -63 
-58 -66 -69 -63 -68 
-61 -66 -70 -72 -69 
-65 -64 -75 -75 -68 
-57 -72 -65 -68 -66 
-58 -65 -75 -75 -67 
-60 -69 -67 -69 -68 
-62 -65 -74 -66 -68 
-56 -73 -65 -75 -66 
-61 -68 -69 -74 -66 
-60 -66 -71 -73 -68 
-61 -68 -67 -72 -66 
-59 -67 -66 -71 -68 
-62 -64 -68 -69 -70 
-61 -67 -76 -77 -74 
-62 -69 -68 -69 -68 
-57 -67 -75 -78 -72 
-61 -67 -69 -64 -68 
-57 -66 -68 -67 -69 
-61 -70 -70 -76 -65 
-59 -69 -65 -67 -68 
-60 -65 -75 -75 -74 
-61 -73 -65 -65 -70 
-58 -69 -71 -63 -64 
-60 -65 -74 -77 -70 
-61 -71 -63 -70 -69 
-59 -69 -66 -64 -68 
-60 -65 -64 -71 -67 
-58 -70 -66 -66 -69 
-58 -67 -65 -72 -68 
-59 -67 -66 -75 -68 
-59 -66 -63 -69 -66 
-59 -68 -75 -73 -74 
-59 -70 -65 -71 -65 
-58 -69 -64 -76 -72 
-59 -66 -76 -75 -67 
-58 -68 -65 -74 -74 
-61 -65 -68 -74 -66 
-60 -65 -66 -70 -69 
-61 -66 -75 -66 -72 
-57 -66 -64 -67 -75 
-59 -68 -71 -68 -67 
-60 -66 -70 -79 -71 
-59 -69 -65 -77 -71 
-57 -65 -72 -71 -74 
-59 -69 -68 -68 -68 
-60 -71 -68 -77 -70 
-60 -73 -72 -71 -76 
-58 -67 -68 -71 -64 
-58 -74 -66 -67 -75 
-59 -72 -66 -80 -69 
-59 -69 -67 -71 -72 
-59 -71 -67 -73 -74 
-57 -71 -66 -75 -74 
-59 -67 -67 -74 -72 
-59 -71 -69 -74 -73 
-60 -69 -69 -67 -69 
-60 -67 -67 -71 -74 
-60 -65 -73 -67 -75 
-59 -69 -72 -79 -64 
-59 -66 -64 -67 -69 
-58 -74 -67 -74 -74 
-60 -64 -68 -71 -75 
-59 -73 -68 -69 -69 
-58 -69 -73 -66 -62 
-61 -72 -68 -71 -75 
-57 -65 -66 -67 -62 
-60 -72 -67 -78 -75 
-59 -69 -73 -71 -64 
-59 -68 -69 -68 -64 
-58 -65 -66 -78 -74 
-60 -69 -73 -71 -64 
-61 -65 -65 -79 -74 
-59 -74 -68 -79 -64 
-58 -68 -72 -67 -73 
-59 -69 -72 -67 -69 
-60 -71 -66 -67 -73 
-58 -72 -69 -67 -73 
-58 -70 -67 -67 -74 
-57 -71 -72 -71 -64 
-61 -65 -66 -66 -74 
-60 -70 -65 -71 -70 
-57 -66 -64 -68 -67 
-58 -68 -66 -84 -64 
-59 -66 -63 -73 -67 
-57 -66 -69 -75 -71 
-60 -67 -65 -67 -64 
-59 -71 -66 -74 -75 