302 12
-59 -72 -75 -72 -63 
-64 -83 -75 -77 -62 
-59 -76 -77 -74 -64 
-72 -72 -77 -74 -63 
-62 -69 -77 -69 -63 
-63 -77 -73 -71 -63 
-64 -81 -76 -72 -64 
-59 -86 -76 -75 -64 
-62 -69 -75 -75 -65 
-70 -87 -74 -75 -62 
-64 -75 -76 -73 -64 
-72 -73 -76 -73 -64 
-63 -71 -76 -74 -63 
-62 -76 -73 -72 -63 
-64 -77 -72 -75 -63 
-66 -81 -73 -73 -65 
-67 -77 -76 -72 -62 
-71 -73 -77 -71 -64 
-64 -72 -74 -71 -65 
-68 -74 -77 -71 -65 
-65 -81 -78 -77 -61 
-63 -70 -84 -77 -64 
-70 -72 -80 -71 -65 
-68 -78 -76 -75 -63 
-64 -75 -76 -74 -64 
-65 -79 -75 -81 -62 
-67 -70 -74 -77 -63 
-66 -72 -74 -77 -64 
-64 -71 -77 -76 -63 
-59 -71 -76 -80 -62 
-70 -74 -75 -76 -63 
-60 -72 -75 -75 -63 
-60 -83 -76 -73 -63 
-63 -67 -75 -75 -64 
-59 -68 -75 -72 -63 
-67 -70 -75 -72 -63 
-66 -79 -75 -74 -62 
-65 -77 -75 -73 -62 
-65 -73 -76 -70 -63 
-63 -75 -73 -74 -63 
-64 -72 -72 -78 -65 
-59 -75 -77 -71 -65 
-71 -75 -72 -74 -63 
-64 -75 -75 -71 -62 
-64 -75 -75 -75 -64 
-72 -87 -74 -70 -65 
-64 -74 -74 -73 -62 
-67 -72 -74 -74 -63 
-71 -74 -74 -72 -62 
-65 -76 -77 -77 -63 
-64 -74 -75 -79 -64 
-67 -76 -73 -73 -63 
-66 -69 -74 -73 -64 
-65 -74 -74 -76 -63 
-66 -74 -73 -74 -63 
-60 -71 -75 -74 -62 
-71 -73 -75 -71 -63 
-59 -71 -73 -75 -64 
-63 -71 -75 -73 -66 
-65 -87 -76 -72 -64 
-59 -70 -72 -74 -66 
-72 -71 -73 -76 -64 
-69 -68 -76 -76 -63 
-67 -79 -74 -75 -65 
-64 -87 -75 -74 -64 
-71 -73 -77 -71 -65 
-63 -86 -77 -75 -66 
-74 -74 -75 -71 -63 
-66 -78 -76 -72 -64 
-63 -72 -78 -74 -63 
-71 -80 -84 -72 -63 
-63 -72 -77 -77 -63 
-69 -77 -79 -75 -62 
-63 -70 -81 -74 -63 
-72 -81 -77 -82 -62 
-72 -78 -74 -76 -63 
-71 -73 -74 -74 -63 
-63 -76 -74 -70 -64 
-62 -76 -75 -73 -65 
-72 -69 -74 -75 -62 
-60 -74 -75 -72 -62 
-63 -75 -75 -73 -64 
-57 -71 -75 -71 -64 
-62 -83 -75 -74 -65 
-58 -71 -74 -69 -63 
-68 -84 -75 -70 -61 
-67 -75 -74 -74 -66 
-75 -77 -74 -74 -64 
-69 -70 -75 -74 -64 
-71 -71 -76 -78 -62 
-62 -75 -75 -75 -66 
-63 -70 -73 -72 -64 
-69 -71 -75 -72 -66 
-61 -75 -76 -72 -63 
-66 -71 -77 -74 -65 
-64 -75 -79 -72 -62 
-61 -78 -76 -75 -63 
-74 -74 -77 -71 -66 
-67 -79 -75 -75 -66 
-67 -75 -76 -70 -62 
-65 -76 -74 -71 -64 
-64 -67 -75 -73 -63 
-63 -81 -76 -73 -64 
-64 -69 -75 -78 -63 
-69 -81 -77 -71 -62 
-62 -68 -75 -76 -64 
-66 -80 -74 -71 -62 
-65 -75 -75 -83 -65 
-68 -77 -76 -76 -63 
-61 -88 -74 -69 -66 
-66 -73 -75 -72 -67 
-69 -75 -78 -68 -62 
-62 -70 -74 -71 -67 
-67 -72 -74 -73 -62 
-61 -70 -75 -68 -64 
-61 -70 -74 -76 -63 
-65 -76 -75 -72 -62 
-59 -68 -75 -77 -65 
-63 -68 -74 -69 -63 
-71 -87 -76 -68 -65 
-63 -75 -79 -72 -64 
-66 -81 -78 -71 -66 
-72 -73 -75 -74 -63 
-60 -74 -77 -73 -65 
-66 -72 -76 -76 -63 
-61 -72 -77 -73 -63 
-64 -74 -75 -72 -66 
-66 -72 -75 -75 -63 
-64 -76 -77 -80 -65 
-60 -74 -76 -70 -63 
-64 -86 -75 -75 -65 
-60 -75 -72 -70 -66 
-62 -83 -75 -72 -65 
-66 -78 -74 -75 -64 
-65 -72 -76 -73 -65 
-68 -72 -75 -74 -65 
-62 -70 -75 -74 -64 
-59 -76 -75 -73 -66 
-65 -71 -75 -73 -62 
-59 -76 -74 -75 -66 
-67 -77 -73 -73 -64 
-66 -76 -77 -73 -63 
-63 -70 -74 -77 -64 
-64 -74 -76 -74 -65 
-61 -74 -77 -73 -65 
-58 -73 -79 -73 -63 
-63 -75 -75 -75 -64 
-68 -70 -81 -73 -62 
-65 -79 -75 -71 -63 
-66 -88 -75 -71 -63 
-71 -80 -77 -74 -64 
-58 -73 -75 -71 -63 
-62 -72 -75 -72 -67 
-62 -70 -76 -73 -64 
-61 -70 -76 -77 -63 
-59 -81 -74 -73 -65 
-63 -78 -73 -71 -63 
-66 -76 -76 -73 -62 
-62 -77 -76 -69 -68 
-63 -74 -78 -77 -63 
-63 -75 -81 -76 -61 
-61 -75 -74 -71 -64 
-74 -76 -75 -71 -65 
-61 -74 -78 -75 -63 
-68 -75 -78 -72 -61 
-64 -72 -77 -72 -63 
-71 -72 -78 -75 -65 
-59 -74 -77 -72 -65 
-62 -83 -76 -78 -63 
-64 -82 -74 -75 -63 
-64 -75 -75 -74 -65 
-61 -81 -75 -78 -63 
-69 -79 -74 -71 -65 
-62 -77 -76 -74 -62 
-71 -78 -76 -71 -64 
-59 -76 -75 -77 -62 
-66 -75 -75 -75 -63 
-64 -72 -76 -75 -62 
-64 -77 -75 -73 -63 
-60 -71 -76 -74 -64 
-69 -72 -75 -73 -64 
-62 -78 -75 -73 -63 
-60 -73 -76 -73 -62 
-64 -69 -75 -73 -63 
-62 -77 -74 -72 -63 
-60 -70 -77 -73 -62 
-64 -77 -75 -71 -66 
-63 -69 -74 -73 -62 
-72 -76 -75 -71 -64 
-64 -77 -74 -74 -63 
-64 -75 -75 -71 -62 
-60 -75 -76 -74 -64 
-71 -77 -75 -75 -62 
-65 -79 -76 -72 -65 
-64 -75 -74 -78 -62 
-65 -73 -75 -74 -63 
-72 -74 -75 -71 -63 
-64 -72 -74 -77 -61 
-62 -72 -77 -75 -63 
-64 -76 -79 -78 -64 
-72 -73 -78 -73 -62 
-65 -71 -85 -75 -63 
-65 -72 -80 -72 -61 
-62 -77 -83 -74 -64 
-66 -74 -77 -77 -63 
-68 -83 -77 -77 -66 
-60 -78 -74 -74 -66 
-66 -71 -75 -72 -62 
-64 -82 -76 -75 -63 
-69 -71 -75 -71 -62 
-60 -71 -74 -74 -63 
-69 -83 -77 -77 -63 
-59 -69 -75 -74 -64 
-61 -71 -76 -72 -63 
-64 -73 -75 -72 -63 
-64 -76 -77 -72 -63 
-64 -81 -73 -72 -64 
-60 -78 -78 -74 -62 
-64 -73 -74 -74 -64 
-62 -70 -76 -74 -61 
-60 -70 -78 -72 -67 
-60 -83 -77 -71 -63 
-66 -78 -74 -74 -62 
-61 -84 -75 -72 -63 
-69 -71 -75 -76 -61 
-68 -68 -77 -76 -67 
-61 -74 -75 -74 -62 
-74 -70 -76 -78 -63 
-59 -78 -77 -70 -62 
-57 -68 -75 -77 -63 
-61 -73 -76 -71 -65 
-67 -71 -77 -75 -65 
-63 -72 -76 -72 -65 
-69 -71 -77 -73 -65 
-65 -71 -75 -72 -64 
-64 -81 -73 -73 -66 
-62 -71 -75 -73 -61 
-59 -71 -76 -73 -61 
-63 -86 -74 -73 -64 
-64 -77 -76 -76 -66 
-60 -80 -75 -73 -64 
-62 -80 -76 -71 -64 
-58 -69 -75 -76 -63 
-65 -69 -75 -73 -64 
-62 -81 -74 -77 -66 
-66 -76 -76 -73 -66 
-70 -69 -78 -74 -63 
-65 -69 -75 -75 -66 
-61 -67 -76 -73 -64 
-71 -77 -77 -70 -65 
-70 -68 -75 -74 -68 
-61 -67 -75 -74 -68 
-63 -74 -74 -73 -64 
-61 -72 -74 -74 -65 
-62 -75 -81 -80 -62 
-63 -66 -77 -71 -70 
-62 -68 -74 -75 -61 
-63 -77 -74 -75 -66 
-65 -68 -76 -71 -65 
-67 -71 -76 -70 -66 
-61 -74 -76 -68 -65 
-66 -72 -76 -73 -65 
-72 -83 -75 -69 -66 
-61 -72 -77 -73 -65 
-67 -82 -80 -73 -65 
-67 -68 -75 -71 -65 
-64 -74 -75 -70 -66 
-62 -73 -74 -75 -64 
-66 -67 -74 -72 -64 
-63 -79 -75 -74 -66 
-67 -79 -79 -74 -62 
-71 -76 -78 -76 -64 
-67 -76 -75 -75 -62 
-73 -79 -78 -76 -64 
-72 -75 -75 -76 -64 
-65 -75 -77 -74 -64 
-64 -75 -78 -75 -62 
-67 -67 -77 -72 -62 
-66 -67 -77 -72 -63 
-63 -75 -78 -73 -64 
-68 -75 -78 -72 -63 
-68 -78 -79 -73 -61 
-63 -75 -78 -72 -66 
-64 -68 -78 -71 -61 
-67 -78 -77 -72 -61 
-64 -73 -79 -73 -65 
-67 -76 -78 -72 -65 
-64 -78 -78 -72 -61 
-67 -75 -77 -73 -65 
-65 -77 -77 -73 -63 
-64 -66 -80 -73 -65 
-67 -75 -78 -73 -66 
-67 -68 -79 -72 -61 
-64 -75 -80 -74 -65 
-67 -78 -78 -73 -61 
-63 -68 -80 -72 -63 
-67 -78 -79 -75 -65 
-66 -73 -80 -73 -64 
-64 -76 -80 -73 -63 
-67 -68 -80 -73 -63 
-63 -68 -80 -75 -65 
-66 -76 -80 -73 -64 