332 13
-59 -68 -77 -72 -72 
-56 -68 -75 -64 -63 
-59 -70 -76 -68 -73 
-59 -68 -75 -66 -67 
-57 -70 -76 -67 -65 
-57 -71 -77 -68 -72 
-59 -68 -76 -64 -72 
-57 -69 -77 -66 -67 
-57 -68 -77 -70 -64 
-56 -71 -76 -72 -65 
-58 -69 -77 -66 -67 
-57 -68 -76 -68 -64 
-59 -68 -76 -64 -72 
-58 -70 -77 -71 -72 
-57 -70 -76 -69 -72 
-56 -68 -76 -64 -62 
-58 -71 -76 -72 -72 
-59 -71 -77 -66 -72 
-59 -70 -77 -66 -66 
-57 -71 -75 -67 -67 
-59 -70 -76 -69 -66 
-57 -68 -75 -68 -66 
-59 -70 -77 -71 -63 
-57 -71 -76 -64 -67 
-57 -70 -74 -69 -73 
-59 -70 -73 -67 -64 
-58 -67 -75 -68 -68 
-55 -71 -73 -67 -74 
-60 -69 -78 -74 -65 
-59 -72 -74 -64 -66 
-59 -68 -75 -71 -74 
-58 -69 -76 -66 -68 
-57 -69 -76 -68 -68 
-60 -71 -77 -71 -71 
-59 -70 -75 -71 -67 
-59 -68 -74 -71 -64 
-58 -68 -73 -70 -66 
-58 -73 -75 -71 -64 
-57 -68 -74 -69 -71 
-58 -68 -76 -69 -67 
-57 -70 -85 -63 -64 
-58 -71 -73 -68 -64 
-57 -73 -71 -68 -73 
-57 -69 -78 -70 -70 
-59 -66 -77 -73 -64 
-57 -70 -84 -74 -70 
-57 -71 -78 -71 -69 
-59 -66 -76 -69 -65 
-57 -68 -79 -69 -69 
-56 -67 -79 -69 -69 
-57 -70 -81 -72 -66 
-57 -68 -76 -73 -71 
-57 -69 -82 -68 -65 
-58 -69 -75 -74 -66 
-59 -68 -90 -74 -66 
-57 -71 -74 -73 -74 
-58 -68 -73 -66 -72 
-57 -68 -73 -72 -65 
-57 -68 -74 -63 -68 
-57 -71 -75 -70 -66 
-59 -70 -73 -63 -72 
-57 -71 -74 -69 -66 
-58 -71 -73 -73 -69 
-57 -72 -74 -69 -72 
-58 -71 -74 -66 -72 
-57 -66 -75 -72 -66 
-58 -72 -72 -69 -71 
-59 -71 -74 -73 -72 
-57 -65 -73 -64 -65 
-59 -67 -74 -68 -71 
-58 -69 -78 -72 -65 
-59 -70 -74 -64 -65 
-57 -68 -73 -72 -65 
-57 -71 -77 -70 -66 
-58 -72 -83 -69 -73 
-57 -71 -75 -72 -66 
-58 -67 -74 -64 -72 
-58 -71 -76 -69 -69 
-58 -71 -80 -62 -71 
-59 -72 -75 -70 -66 
-58 -69 -79 -70 -66 
-58 -71 -82 -66 -66 
-57 -66 -84 -70 -72 
-58 -68 -85 -66 -71 
-58 -69 -74 -74 -66 
-57 -71 -75 -65 -71 
-58 -70 -86 -67 -67 
-57 -71 -76 -72 -64 
-58 -71 -83 -69 -66 
-58 -65 -74 -72 -71 
-57 -66 -85 -69 -68 
-58 -71 -73 -71 -70 
-57 -66 -86 -67 -67 
-57 -70 -83 -69 -70 
-58 -71 -73 -65 -66 
-57 -72 -75 -69 -71 
-58 -71 -73 -66 -66 
-56 -71 -75 -63 -71 
-57 -71 -84 -69 -66 
-59 -69 -84 -63 -68 
-58 -68 -76 -66 -68 
-57 -72 -73 -71 -66 
-59 -66 -76 -69 -66 
-58 -71 -85 -71 -71 
-58 -68 -84 -66 -66 
-59 -71 -74 -68 -66 
-59 -66 -75 -65 -65 
-58 -71 -73 -63 -66 
-57 -71 -76 -69 -71 
-58 -71 -73 -63 -66 
-58 -68 -73 -66 -67 
-57 -71 -76 -69 -66 
-59 -66 -73 -63 -65 
-58 -71 -76 -69 -71 
-59 -71 -84 -71 -71 
-58 -69 -77 -70 -66 
-58 -71 -73 -71 -71 
-57 -71 -76 -71 -66 
-59 -72 -73 -69 -71 
-57 -71 -84 -69 -68 
-58 -71 -85 -71 -71 
-57 -71 -79 -63 -68 
-57 -71 -76 -69 -65 
-58 -71 -73 -71 -66 
-57 -71 -84 -70 -65 
-57 -71 -83 -68 -65 
-59 -71 -73 -70 -66 
-57 -66 -73 -63 -65 
-56 -71 -75 -63 -65 
-58 -71 -73 -70 -66 
-58 -71 -84 -66 -67 
-58 -69 -73 -66 -71 
-58 -66 -83 -68 -72 
-58 -66 -73 -71 -65 
-58 -66 -83 -63 -66 
-58 -71 -78 -69 -66 
-57 -71 -75 -71 -65 
-58 -71 -73 -69 -66 
-57 -71 -75 -67 -65 
-59 -71 -73 -69 -66 
-57 -71 -79 -69 -68 
-59 -71 -75 -63 -66 
-56 -71 -84 -69 -65 
-58 -71 -73 -63 -66 
-57 -71 -84 -69 -66 
-58 -71 -73 -71 -65 
-56 -71 -75 -69 -72 
-59 -66 -73 -71 -65 
-57 -71 -83 -68 -72 
-58 -69 -74 -66 -72 
-58 -71 -75 -71 -66 
-59 -71 -74 -69 -72 
-57 -71 -73 -66 -65 
-56 -69 -74 -66 -68 
-57 -66 -79 -67 -72 
-58 -68 -83 -67 -66 
-57 -70 -73 -69 -65 
-59 -66 -83 -63 -72 
-57 -66 -74 -71 -70 
-59 -67 -76 -68 -67 
-58 -71 -74 -69 -66 
-58 -68 -75 -71 -68 
-57 -68 -80 -69 -72 
-58 -71 -83 -63 -68 
-58 -71 -74 -70 -67 
-59 -66 -75 -63 -71 
-57 -71 -74 -69 -65 
-59 -72 -83 -63 -71 
-57 -66 -75 -67 -68 
-58 -66 -74 -71 -68 
-58 -66 -73 -70 -69 
-58 -72 -79 -71 -67 
-58 -71 -73 -66 -65 
-58 -68 -83 -66 -65 
-57 -71 -78 -63 -65 
-58 -71 -73 -72 -67 
-58 -69 -83 -72 -65 
-57 -66 -83 -63 -65 
-58 -71 -83 -63 -65 
-58 -66 -73 -67 -65 
-58 -72 -75 -69 -66 
-57 -66 -83 -72 -71 
-57 -71 -78 -69 -66 
-58 -68 -73 -67 -68 
-58 -71 -80 -72 -67 
-56 -71 -78 -69 -66 
-59 -71 -76 -72 -66 
-58 -71 -73 -69 -66 
-58 -72 -75 -68 -65 
-58 -71 -74 -68 -66 
-59 -68 -73 -66 -66 
-57 -71 -84 -71 -66 
-58 -67 -84 -72 -66 
-58 -66 -73 -66 -67 
-58 -66 -87 -74 -64 
-57 -71 -73 -71 -66 
-59 -71 -74 -73 -70 
-57 -66 -74 -69 -65 
-59 -71 -75 -63 -71 
-58 -71 -75 -69 -66 
-58 -70 -75 -65 -68 
-57 -71 -74 -74 -70 
-57 -67 -74 -70 -71 
-58 -70 -84 -63 -66 
-57 -71 -75 -68 -66 
-58 -71 -76 -67 -71 
-58 -69 -74 -68 -72 
-59 -70 -85 -64 -65 
-57 -72 -74 -69 -66 
-58 -66 -75 -74 -64 
-57 -71 -83 -69 -65 
-58 -73 -86 -66 -66 
-59 -73 -73 -62 -66 
-57 -71 -74 -72 -72 
-58 -71 -74 -69 -65 
-59 -73 -73 -71 -66 
-58 -71 -86 -63 -72 
-58 -68 -74 -69 -65 
-58 -69 -85 -70 -64 
-58 -70 -84 -67 -71 
-57 -71 -73 -63 -66 
-59 -71 -74 -71 -70 
-58 -70 -73 -73 -74 
-59 -68 -80 -70 -66 
-58 -67 -73 -68 -65 
-58 -72 -73 -72 -67 
-60 -68 -75 -66 -65 
-58 -74 -74 -73 -66 
-59 -69 -76 -66 -70 
-58 -72 -75 -71 -73 
-57 -73 -76 -64 -65 
-60 -66 -88 -70 -66 
-58 -70 -78 -70 -66 
-58 -66 -79 -70 -69 
-59 -71 -82 -69 -66 
-57 -70 -88 -64 -69 
-59 -73 -75 -69 -72 
-61 -69 -81 -68 -65 
-59 -68 -80 -70 -71 
-55 -75 -79 -69 -68 
-60 -69 -79 -66 -63 
-57 -70 -77 -70 -65 
-56 -73 -74 -65 -64 
-58 -69 -85 -70 -70 
-59 -72 -75 -70 -65 
-59 -69 -83 -71 -68 
-58 -72 -74 -67 -65 
-58 -72 -74 -70 -65 
-56 -73 -80 -64 -67 
-57 -69 -74 -71 -64 
-58 -71 -72 -70 -65 
-58 -67 -78 -68 -66 
-58 -68 -73 -69 -64 
-60 -71 -81 -65 -66 
-57 -70 -82 -68 -68 
-58 -70 -72 -67 -67 
-55 -67 -84 -72 -68 
-63 -71 -74 -72 -69 
-59 -66 -73 -70 -66 
-60 -72 -75 -63 -67 
-58 -71 -73 -74 -65 
-61 -71 -72 -69 -75 
-58 -68 -74 -71 -70 
-56 -71 -74 -72 -65 
-59 -71 -74 -71 -70 
-57 -66 -74 -69 -64 
-58 -68 -73 -66 -63 
-58 -71 -80 -64 -64 
-59 -72 -73 -69 -65 
-55 -70 -81 -72 -64 
-57 -70 -72 -73 -66 
-60 -72 -84 -69 -66 
-58 -68 -87 -73 -63 
-57 -71 -76 -73 -67 
-57 -69 -78 -71 -67 
-57 -69 -73 -64 -65 
-58 -70 -85 -72 -66 
-58 -74 -74 -70 -66 
-58 -75 -78 -66 -65 
-59 -71 -74 -71 -66 
-59 -74 -82 -70 -63 
-60 -65 -75 -65 -67 
-58 -71 -75 -63 -66 
-57 -66 -74 -68 -71 
-57 -66 -75 -69 -65 
-60 -70 -74 -63 -66 
-57 -72 -76 -68 -65 
-59 -70 -80 -63 -68 
-59 -68 -81 -67 -68 
-59 -69 -78 -65 -70 
-58 -68 -80 -66 -66 
-57 -72 -75 -64 -67 
-59 -71 -80 -71 -64 
-60 -72 -75 -63 -66 
-58 -69 -75 -67 -66 
-59 -67 -81 -71 -66 
-57 -72 -74 -65 -68 
-59 -71 -74 -66 -71 
-57 -66 -75 -69 -66 
-59 -71 -74 -63 -66 
-59 -69 -74 -71 -66 
-59 -68 -82 -69 -69 
-57 -71 -82 -72 -66 
-60 -71 -83 -66 -71 
-58 -71 -83 -70 -69 
-57 -72 -74 -69 -66 
-59 -66 -83 -72 -66 
-57 -72 -74 -63 -66 
-59 -72 -74 -71 -71 
-57 -71 -72 -69 -66 
-58 -71 -74 -66 -70 
-57 -66 -74 -63 -66 
-59 -66 -74 -67 -66 
-59 -67 -74 -67 -65 
-58 -67 -76 -66 -66 
-58 -66 -81 -62 -68 
-58 -72 -77 -68 -67 
-60 -65 -77 -74 -65 
-58 -68 -84 -70 -69 
-57 -70 -72 -66 -69 
-59 -70 -81 -73 -64 
-55 -71 -74 -71 -64 
-54 -69 -76 -70 -66 
-59 -70 -74 -69 -65 
-57 -65 -73 -70 -67 
-58 -69 -80 -70 -66 
-60 -74 -77 -64 -80 
-59 -71 -74 -69 -71 
-59 -65 -73 -70 -74 
-69 -68 -74 -70 -78 
-63 -79 -73 -69 -66 
-64 -68 -72 -73 -70 