331 14
-58 -66 -71 -73 -69 
-54 -73 -69 -82 -70 
-58 -79 -68 -69 -68 
-63 -66 -73 -82 -67 
-61 -71 -73 -67 -68 
-62 -66 -72 -69 -70 
-54 -67 -73 -75 -69 
-58 -66 -73 -73 -70 
-54 -79 -68 -65 -69 
-57 -73 -68 -75 -68 
-57 -65 -68 -77 -69 
-64 -65 -70 -77 -68 
-54 -67 -68 -81 -67 
-56 -67 -73 -69 -67 
-63 -79 -73 -65 -67 
-63 -70 -73 -77 -70 
-54 -80 -73 -82 -67 
-64 -73 -73 -65 -70 
-59 -67 -73 -65 -69 
-56 -72 -68 -77 -68 
-64 -69 -68 -65 -69 
-64 -66 -68 -75 -70 
-64 -66 -73 -73 -69 
-59 -79 -68 -75 -70 
-59 -67 -73 -82 -68 
-54 -80 -68 -65 -69 
-64 -67 -70 -65 -70 
-62 -72 -67 -78 -68 
-59 -67 -73 -65 -68 
-61 -73 -68 -69 -69 
-64 -72 -68 -74 -69 
-59 -66 -73 -69 -69 
-61 -66 -70 -74 -69 
-62 -73 -67 -65 -68 
-59 -66 -73 -69 -68 
-55 -67 -68 -78 -68 
-64 -78 -72 -82 -69 
-64 -67 -68 -69 -68 
-63 -66 -68 -75 -69 
-64 -73 -68 -77 -69 
-64 -66 -68 -77 -68 
-54 -80 -73 -75 -69 
-59 -66 -73 -68 -70 
-62 -66 -73 -78 -68 
-59 -66 -68 -72 -70 
-56 -66 -73 -75 -69 
-59 -77 -73 -74 -70 
-56 -66 -68 -77 -70 
-59 -76 -73 -76 -67 
-61 -71 -73 -81 -69 
-56 -72 -69 -65 -68 
-59 -66 -68 -70 -68 
-54 -78 -73 -76 -69 
-62 -69 -71 -65 -68 
-57 -77 -73 -65 -69 
-54 -66 -73 -75 -69 
-64 -66 -73 -78 -69 
-54 -67 -73 -76 -70 
-59 -66 -73 -80 -70 
-54 -77 -68 -65 -69 
-59 -67 -68 -65 -69 
-64 -72 -73 -76 -69 
-56 -71 -73 -81 -68 
-59 -66 -71 -78 -68 
-60 -66 -73 -75 -69 
-56 -66 -73 -70 -70 
-61 -77 -73 -76 -69 
-56 -66 -73 -65 -69 
-56 -72 -73 -73 -69 
-54 -76 -68 -76 -69 
-56 -72 -72 -64 -68 
-56 -67 -73 -65 -69 
-59 -72 -68 -65 -68 
-59 -72 -69 -72 -69 
-54 -66 -69 -78 -69 
-64 -71 -73 -76 -67 
-63 -67 -73 -81 -69 
-55 -69 -69 -70 -68 
-64 -67 -68 -76 -70 
-59 -66 -69 -64 -69 
-64 -66 -69 -61 -68 
-64 -66 -73 -65 -68 
-64 -72 -68 -78 -70 
-62 -69 -73 -72 -69 
-56 -66 -74 -70 -69 
-61 -72 -69 -78 -68 
-56 -72 -73 -79 -67 
-59 -77 -67 -65 -70 
-56 -72 -73 -65 -69 
-61 -66 -73 -65 -69 
-54 -67 -68 -80 -68 
-56 -78 -68 -65 -68 
-59 -72 -68 -73 -69 
-59 -67 -73 -64 -70 
-59 -72 -72 -73 -69 
-59 -72 -73 -72 -68 
-64 -72 -73 -80 -68 
-59 -78 -69 -75 -67 
-64 -68 -73 -65 -69 
-56 -78 -73 -65 -68 
-56 -72 -73 -65 -69 
-59 -72 -73 -65 -68 
-59 -77 -68 -80 -70 
-54 -67 -73 -64 -69 
-59 -77 -68 -65 -70 
-64 -72 -73 -76 -69 
-54 -67 -68 -65 -69 
-64 -77 -73 -65 -68 
-54 -67 -68 -75 -70 
-56 -72 -73 -70 -68 
-54 -72 -73 -76 -69 
-63 -66 -69 -80 -68 
-64 -72 -68 -77 -69 
-54 -67 -73 -69 -69 
-59 -77 -73 -80 -70 
-54 -67 -73 -75 -69 
-56 -72 -68 -73 -69 
-59 -66 -68 -65 -69 
-61 -71 -68 -65 -69 
-56 -66 -73 -76 -68 
-59 -71 -70 -64 -68 
-59 -72 -68 -81 -69 
-54 -66 -67 -77 -69 
-64 -77 -68 -76 -68 
-54 -67 -73 -80 -69 
-59 -67 -68 -77 -69 
-54 -78 -68 -65 -71 
-56 -72 -69 -72 -68 
-59 -67 -73 -65 -69 
-59 -71 -73 -72 -68 
-56 -72 -73 -72 -69 
-59 -72 -67 -80 -68 
-64 -77 -73 -80 -68 
-56 -71 -70 -79 -69 
-59 -72 -68 -65 -67 
-54 -72 -73 -77 -69 
-64 -66 -68 -81 -68 
-56 -66 -73 -78 -69 
-64 -67 -73 -77 -68 
-59 -72 -73 -78 -69 
-54 -70 -73 -78 -69 
-61 -72 -73 -77 -70 
-59 -72 -73 -70 -70 
-56 -72 -73 -77 -68 
-54 -67 -68 -80 -70 
-57 -74 -74 -74 -68 
-59 -66 -68 -76 -69 
-56 -70 -76 -74 -67 
-56 -73 -83 -70 -70 
-58 -65 -75 -70 -69 
-55 -74 -85 -68 -72 
-65 -68 -73 -69 -72 
-55 -73 -79 -70 -67 
-59 -68 -77 -71 -69 
-54 -68 -76 -68 -67 
-58 -69 -74 -74 -70 
-61 -68 -78 -69 -76 
-57 -67 -69 -74 -73 
-54 -66 -77 -72 -70 
-61 -68 -68 -71 -70 
-58 -79 -69 -72 -72 
-54 -68 -81 -68 -67 
-61 -66 -75 -76 -70 
-59 -72 -75 -67 -69 
-57 -67 -75 -71 -69 
-55 -67 -73 -66 -67 
-59 -78 -72 -68 -67 
-56 -71 -76 -66 -74 
-59 -67 -69 -68 -75 
-56 -80 -75 -72 -70 
-54 -65 -74 -86 -71 
-59 -68 -70 -71 -68 
-60 -72 -78 -66 -68 
-54 -76 -69 -66 -70 
-59 -70 -73 -76 -72 
-57 -69 -81 -65 -68 
-57 -68 -73 -81 -71 
-56 -68 -76 -65 -71 
-58 -74 -73 -74 -73 
-58 -69 -71 -77 -71 
-58 -76 -74 -80 -69 
-56 -73 -77 -74 -69 
-61 -69 -71 -67 -68 
-56 -69 -77 -74 -69 
-55 -78 -79 -68 -66 
-60 -66 -68 -69 -74 
-54 -71 -80 -76 -67 
-52 -69 -81 -78 -63 
-56 -79 -68 -75 -71 
-59 -68 -69 -78 -65 
-53 -75 -81 -69 -71 
-65 -69 -71 -77 -65 
-54 -72 -77 -69 -74 
-56 -70 -77 -72 -66 
-55 -69 -77 -71 -65 
-62 -68 -75 -68 -75 
-57 -78 -77 -75 -72 
-54 -67 -70 -75 -71 
-62 -73 -74 -74 -64 
-57 -66 -75 -72 -69 
-55 -66 -73 -69 -72 
-58 -66 -71 -74 -70 
-55 -67 -75 -75 -75 
-63 -67 -71 -83 -66 
-56 -69 -75 -76 -73 
-56 -81 -73 -65 -65 
-55 -69 -75 -84 -71 
-57 -80 -71 -65 -71 
-66 -69 -74 -66 -71 
-57 -79 -74 -75 -70 
-67 -67 -72 -66 -72 
-58 -68 -72 -66 -68 
-69 -68 -75 -75 -70 
-60 -68 -73 -74 -70 
-55 -68 -72 -74 -70 
-64 -71 -75 -70 -69 
-54 -69 -71 -66 -66 
-57 -77 -75 -74 -70 
-55 -69 -71 -66 -66 
-58 -78 -74 -66 -67 
-55 -72 -73 -66 -66 
-57 -68 -71 -74 -70 
-56 -73 -72 -74 -67 
-61 -72 -72 -74 -70 
-55 -68 -74 -66 -70 
-55 -74 -74 -74 -69 
-56 -73 -73 -74 -67 
-56 -78 -73 -67 -70 
-56 -73 -73 -67 -68 
-61 -73 -71 -66 -70 
-56 -68 -73 -74 -70 
-60 -68 -74 -74 -70 
-59 -73 -72 -74 -68 
-56 -69 -72 -74 -68 
-59 -78 -73 -74 -70 
-56 -68 -72 -66 -68 
-56 -68 -71 -74 -68 
-56 -77 -72 -74 -66 
-56 -68 -74 -74 -66 
-55 -73 -73 -67 -66 
-60 -71 -72 -67 -66 
-55 -73 -74 -74 -71 
-61 -72 -74 -74 -66 
-55 -69 -74 -66 -66 
-56 -78 -71 -74 -66 
-56 -71 -70 -74 -69 
-61 -68 -73 -74 -68 
-56 -68 -73 -74 -68 
-61 -68 -72 -66 -68 
-65 -78 -73 -74 -65 
-56 -73 -73 -74 -67 
-56 -68 -73 -66 -68 
-61 -68 -74 -74 -68 
-56 -73 -72 -66 -68 
-60 -68 -72 -74 -70 
-60 -67 -72 -74 -70 
-58 -71 -73 -74 -68 
-56 -72 -74 -74 -67 
-61 -69 -71 -66 -70 
-57 -68 -73 -74 -70 
-65 -67 -74 -70 -70 
-65 -78 -73 -74 -65 
-55 -69 -72 -74 -70 
-55 -72 -72 -74 -69 
-61 -74 -74 -67 -66 
-59 -73 -72 -74 -65 
-65 -72 -73 -74 -66 
-65 -68 -73 -74 -66 
-61 -72 -74 -74 -70 
-60 -67 -72 -74 -70 
-66 -71 -74 -66 -70 
-57 -68 -75 -74 -65 
-60 -72 -72 -74 -70 
-57 -78 -73 -66 -68 
-56 -67 -71 -74 -70 
-56 -67 -72 -74 -66 
-55 -77 -71 -67 -70 
-65 -69 -74 -74 -66 
-61 -73 -72 -66 -68 
-60 -68 -72 -66 -68 
-55 -78 -74 -74 -69 
-57 -69 -70 -66 -66 
-59 -73 -73 -66 -68 
-61 -73 -75 -74 -64 
-60 -78 -73 -74 -70 
-55 -67 -71 -74 -71 
-55 -67 -73 -70 -68 
-59 -67 -72 -74 -68 
-55 -72 -70 -74 -70 
-59 -68 -73 -83 -70 
-61 -68 -78 -74 -73 
-53 -67 -68 -74 -71 
-54 -68 -76 -75 -70 
-53 -69 -70 -78 -71 
-57 -68 -69 -76 -70 
-54 -68 -75 -71 -68 
-57 -67 -76 -84 -68 
-54 -72 -79 -67 -73 
-57 -72 -68 -67 -74 
-53 -73 -69 -81 -73 
-52 -68 -79 -77 -71 
-56 -68 -74 -74 -73 
-61 -68 -68 -69 -75 
-52 -73 -82 -80 -66 
-62 -69 -68 -78 -70 
-59 -67 -73 -67 -68 
-57 -69 -69 -68 -69 
-61 -72 -79 -75 -66 
-63 -69 -75 -71 -68 
-56 -76 -73 -73 -62 
-55 -73 -75 -66 -72 
-65 -69 -78 -77 -74 
-62 -68 -84 -67 -72 
-58 -74 -76 -71 -67 
-62 -70 -83 -78 -70 
-54 -75 -72 -72 -71 
-63 -71 -69 -75 -71 
-54 -68 -73 -70 -70 
-54 -67 -71 -77 -66 
-54 -72 -81 -70 -72 
-58 -68 -76 -77 -63 
-64 -71 -76 -73 -65 
-54 -66 -79 -70 -70 
-59 -81 -76 -77 -76 
-54 -67 -79 -68 -76 
-57 -66 -77 -68 -67 
-55 -71 -76 -74 -71 
-60 -68 -76 -77 -65 
-59 -79 -81 -77 -76 
-61 -78 -74 -75 -65 
-65 -68 -82 -74 -76 