314 2
-60 -58 -83 -62 -69 
-60 -63 -69 -63 -67 
-60 -60 -83 -63 -67 
-61 -66 -75 -66 -69 
-59 -58 -85 -63 -66 
-59 -63 -73 -64 -69 
-60 -66 -68 -63 -68 
-60 -63 -82 -59 -69 
-59 -59 -74 -66 -68 
-60 -63 -76 -61 -68 
-61 -61 -77 -63 -68 
-60 -60 -75 -63 -68 
-60 -66 -85 -60 -67 
-60 -63 -69 -62 -68 
-61 -63 -75 -64 -67 
-59 -59 -84 -63 -69 
-60 -63 -77 -66 -67 
-59 -58 -77 -64 -68 
-60 -61 -69 -64 -67 
-60 -60 -84 -60 -68 
-60 -65 -69 -59 -68 
-60 -64 -76 -59 -68 
-61 -63 -84 -63 -68 
-59 -66 -77 -60 -69 
-60 -61 -77 -63 -67 
-60 -66 -75 -63 -67 
-59 -62 -69 -60 -69 
-60 -59 -67 -58 -68 
-60 -65 -72 -61 -68 
-60 -67 -72 -64 -67 
-59 -59 -77 -63 -69 
-60 -60 -68 -63 -67 
-60 -62 -75 -61 -67 
-60 -61 -76 -61 -67 
-60 -67 -68 -66 -67 
-60 -67 -77 -63 -67 
-60 -63 -68 -66 -65 
-60 -59 -77 -60 -69 
-60 -64 -75 -65 -68 
-61 -66 -68 -64 -68 
-60 -59 -78 -60 -67 
-61 -59 -68 -66 -68 
-59 -66 -78 -63 -67 
-61 -61 -77 -66 -68 
-61 -63 -68 -63 -69 
-59 -59 -77 -60 -68 
-61 -67 -68 -63 -69 
-60 -67 -68 -64 -68 
-61 -59 -76 -63 -67 
-59 -64 -68 -59 -67 
-60 -63 -68 -65 -68 
-59 -59 -88 -60 -67 
-61 -63 -68 -66 -66 
-61 -59 -68 -65 -68 
-60 -63 -68 -63 -67 
-60 -60 -67 -64 -68 
-59 -63 -78 -66 -67 
-61 -62 -67 -59 -69 
-58 -63 -78 -63 -67 
-59 -61 -78 -60 -69 
-59 -59 -69 -63 -68 
-60 -61 -68 -62 -68 
-61 -66 -78 -60 -69 
-59 -61 -68 -61 -68 
-59 -58 -77 -62 -66 
-61 -62 -68 -66 -69 
-59 -66 -78 -63 -67 
-61 -67 -76 -64 -69 
-59 -63 -68 -60 -68 
-60 -58 -77 -66 -68 
-59 -61 -71 -66 -68 
-61 -63 -68 -60 -68 
-61 -57 -78 -63 -68 
-61 -63 -69 -60 -66 
-60 -62 -73 -63 -67 
-61 -59 -77 -66 -67 
-61 -65 -68 -63 -69 
-61 -63 -68 -65 -67 
-61 -59 -84 -58 -69 
-61 -60 -84 -63 -66 
-61 -65 -76 -66 -68 
-60 -60 -82 -62 -68 
-61 -62 -68 -62 -68 
-61 -62 -68 -64 -66 
-60 -59 -78 -66 -69 
-61 -67 -68 -63 -66 
-61 -63 -76 -62 -68 
-60 -61 -68 -62 -68 
-61 -61 -76 -63 -66 
-61 -63 -68 -62 -68 
-60 -67 -78 -63 -67 
-61 -63 -68 -63 -69 
-61 -63 -72 -61 -67 
-59 -63 -78 -66 -69 
-59 -58 -85 -63 -67 
-61 -63 -77 -66 -69 
-60 -60 -77 -63 -67 
-61 -59 -85 -63 -68 
-59 -63 -77 -65 -68 
-61 -63 -68 -63 -67 
-60 -65 -68 -64 -68 
-60 -59 -76 -66 -69 
-60 -63 -69 -60 -68 
-59 -63 -75 -65 -68 
-60 -63 -69 -62 -68 
-60 -64 -73 -65 -68 
-60 -64 -75 -64 -69 
-62 -68 -83 -64 -67 
-60 -63 -73 -66 -67 
-60 -62 -75 -60 -68 
-61 -58 -81 -66 -67 
-60 -61 -74 -66 -67 
-61 -59 -76 -67 -69 
-58 -63 -75 -67 -69 
-60 -60 -81 -65 -67 
-61 -58 -69 -59 -68 
-60 -66 -83 -65 -67 
-61 -58 -68 -66 -68 
-59 -67 -83 -66 -67 
-59 -58 -68 -66 -68 
-60 -61 -77 -63 -69 
-59 -63 -79 -66 -67 
-61 -64 -76 -66 -69 
-60 -61 -74 -66 -67 
-61 -64 -80 -60 -68 
-61 -68 -68 -60 -67 
-60 -61 -68 -59 -68 
-61 -64 -80 -66 -67 
-61 -63 -83 -60 -68 
-60 -58 -79 -63 -68 
-61 -61 -78 -59 -68 
-60 -58 -83 -66 -66 
-61 -68 -79 -66 -68 
-60 -60 -69 -66 -69 
-62 -63 -80 -66 -68 
-60 -60 -73 -60 -67 
-60 -58 -74 -60 -68 
-60 -66 -69 -66 -69 
-60 -62 -74 -66 -67 
-60 -62 -75 -63 -67 
-60 -65 -72 -63 -67 
-60 -67 -69 -60 -67 
-59 -63 -79 -64 -67 
-61 -64 -84 -66 -67 
-60 -58 -68 -60 -68 
-61 -61 -84 -66 -69 
-61 -63 -69 -59 -67 
-58 -64 -77 -59 -67 
-60 -63 -83 -63 -69 
-61 -58 -80 -60 -67 
-60 -61 -79 -66 -67 
-60 -67 -68 -59 -68 
-60 -66 -78 -63 -68 
-60 -58 -79 -60 -67 
-60 -68 -68 -66 -68 
-61 -58 -84 -60 -69 
-60 -66 -81 -59 -68 
-60 -68 -69 -66 -68 
-62 -66 -83 -59 -68 
-60 -58 -69 -64 -67 
-59 -68 -84 -60 -68 
-60 -58 -75 -59 -68 
-61 -66 -68 -66 -69 
-60 -62 -77 -63 -68 
-62 -58 -68 -66 -66 
-60 -68 -69 -62 -68 
-60 -58 -78 -66 -69 
-60 -61 -68 -66 -69 
-60 -58 -83 -66 -68 
-59 -58 -81 -59 -68 
-61 -64 -80 -66 -68 
-60 -58 -73 -66 -67 
-59 -64 -79 -59 -67 
-62 -58 -69 -65 -68 
-60 -63 -79 -66 -68 
-60 -68 -79 -66 -68 
-60 -67 -68 -66 -69 
-61 -58 -79 -66 -69 
-60 -61 -68 -65 -68 
-60 -68 -68 -66 -68 
-60 -60 -79 -66 -68 
-60 -61 -78 -64 -67 
-60 -64 -84 -59 -68 
-60 -58 -78 -66 -67 
-60 -61 -76 -62 -68 
-61 -64 -68 -60 -68 
-60 -58 -85 -66 -68 
-61 -67 -68 -60 -67 
-60 -61 -84 -60 -67 
-60 -63 -68 -63 -67 
-61 -58 -79 -66 -68 
-59 -63 -68 -60 -69 
-60 -68 -85 -66 -67 
-60 -58 -68 -66 -68 
-60 -68 -76 -65 -67 
-61 -58 -79 -65 -69 
-60 -58 -68 -66 -68 
-61 -67 -78 -65 -66 
-60 -66 -68 -66 -68 
-60 -64 -68 -66 -68 
-59 -66 -69 -65 -68 
-60 -58 -79 -66 -67 
-60 -63 -69 -66 -69 
-60 -65 -69 -63 -67 
-60 -58 -83 -66 -67 
-60 -60 -68 -66 -68 
-61 -64 -84 -66 -68 
-60 -58 -68 -60 -68 
-60 -62 -81 -65 -67 
-60 -58 -68 -66 -68 
-61 -64 -68 -65 -68 
-60 -61 -79 -65 -68 
-60 -63 -83 -63 -67 
-59 -66 -83 -65 -67 
-60 -68 -74 -65 -68 
-60 -64 -83 -60 -67 
-61 -68 -82 -66 -68 
-60 -64 -68 -65 -68 
-61 -58 -82 -67 -69 
-60 -64 -68 -59 -67 
-60 -58 -82 -66 -67 
-61 -59 -68 -65 -68 
-60 -67 -81 -67 -67 
-60 -63 -77 -59 -68 
-60 -68 -79 -65 -67 
-61 -62 -69 -60 -69 
-60 -58 -78 -60 -67 
-60 -66 -69 -65 -69 
-60 -65 -76 -65 -69 
-60 -68 -69 -66 -67 
-60 -63 -80 -65 -69 
-61 -68 -77 -67 -67 
-61 -64 -78 -66 -69 
-61 -63 -81 -65 -67 
-61 -68 -78 -58 -69 
-61 -68 -73 -62 -67 
-60 -63 -68 -63 -68 
-59 -68 -82 -65 -69 
-60 -63 -69 -66 -67 
-61 -68 -81 -60 -69 
-61 -64 -69 -66 -67 
-60 -66 -81 -60 -69 
-60 -64 -78 -67 -67 
-60 -68 -82 -62 -69 
-60 -68 -80 -66 -68 
-60 -63 -69 -66 -68 
-60 -58 -77 -65 -69 
-61 -63 -69 -63 -68 
-60 -58 -81 -60 -68 
-60 -63 -75 -65 -69 
-60 -63 -69 -65 -68 
-60 -59 -73 -63 -67 
-60 -68 -78 -65 -69 
-60 -61 -76 -59 -66 
-60 -60 -79 -60 -69 
-59 -63 -77 -65 -69 
-60 -68 -69 -62 -67 
-60 -68 -73 -67 -68 
-61 -68 -73 -65 -69 
-61 -58 -82 -65 -67 
-60 -67 -78 -59 -68 
-61 -63 -79 -63 -68 
-61 -61 -82 -63 -67 
-60 -61 -78 -65 -68 
-60 -62 -78 -60 -67 
-61 -68 -69 -65 -69 
-60 -68 -77 -66 -69 
-60 -63 -81 -66 -68 
-61 -67 -69 -65 -67 
-60 -58 -81 -59 -69 
-61 -65 -69 -65 -67 
-60 -68 -78 -59 -69 
-60 -58 -71 -65 -68 
-60 -66 -77 -60 -68 
-61 -63 -69 -65 -67 
-60 -68 -81 -58 -67 
-60 -63 -69 -65 -67 
-60 -68 -82 -66 -69 
-60 -58 -73 -65 -67 
-60 -63 -81 -66 -68 
-60 -58 -69 -60 -67 
-60 -58 -82 -60 -69 
-61 -63 -78 -66 -69 
-60 -58 -69 -60 -67 
-61 -64 -81 -59 -67 
-60 -64 -74 -62 -68 
-59 -64 -69 -60 -69 
-60 -68 -77 -65 -67 
-61 -63 -68 -66 -69 
-61 -58 -78 -58 -67 
-60 -63 -81 -66 -68 
-60 -67 -69 -65 -69 
-60 -68 -78 -67 -66 
-61 -63 -77 -66 -67 
-61 -68 -82 -60 -68 
-60 -69 -78 -62 -67 
-61 -58 -82 -65 -69 
-60 -60 -78 -60 -67 
-60 -63 -69 -64 -69 
-61 -68 -78 -59 -67 
-59 -59 -74 -65 -66 
-60 -64 -69 -58 -69 
-58 -59 -69 -62 -67 
-60 -61 -69 -61 -66 
-60 -63 -86 -60 -68 
-60 -63 -68 -64 -67 
-60 -58 -84 -65 -68 
-59 -59 -71 -61 -69 
-61 -62 -68 -61 -69 
-60 -63 -80 -63 -69 
-59 -59 -74 -61 -70 
-60 -64 -74 -61 -71 
-59 -60 -77 -60 -69 
-60 -60 -79 -66 -67 