310 3
-66 -70 -78 -63 -73 
-72 -83 -81 -61 -68 
-68 -82 -80 -63 -68 
-72 -70 -74 -63 -74 
-72 -81 -71 -63 -68 
-67 -74 -82 -62 -79 
-72 -70 -80 -64 -74 
-68 -77 -83 -63 -78 
-65 -70 -69 -64 -77 
-66 -82 -82 -64 -73 
-72 -69 -71 -64 -79 
-65 -82 -78 -62 -78 
-67 -73 -71 -62 -68 
-70 -73 -71 -62 -79 
-67 -70 -82 -64 -73 
-66 -82 -71 -62 -78 
-67 -70 -77 -63 -74 
-65 -76 -78 -63 -73 
-69 -72 -81 -62 -68 
-67 -82 -68 -64 -73 
-72 -72 -82 -62 -68 
-67 -82 -69 -64 -75 
-72 -75 -71 -62 -73 
-66 -72 -80 -63 -79 
-66 -70 -81 -61 -74 
-68 -70 -74 -63 -72 
-69 -80 -80 -63 -79 
-66 -72 -71 -62 -75 
-72 -79 -79 -61 -65 
-67 -76 -80 -64 -73 
-69 -70 -71 -62 -71 
-69 -70 -81 -62 -71 
-67 -83 -71 -61 -68 
-67 -74 -78 -64 -75 
-71 -82 -71 -64 -66 
-67 -72 -75 -63 -70 
-66 -81 -81 -64 -68 
-67 -70 -71 -61 -68 
-72 -81 -78 -64 -79 
-66 -77 -80 -64 -68 
-69 -70 -71 -63 -71 
-65 -73 -80 -63 -74 
-66 -81 -76 -62 -68 
-68 -74 -80 -64 -75 
-68 -72 -77 -64 -71 
-65 -81 -71 -64 -74 
-68 -76 -80 -64 -72 
-71 -71 -77 -64 -67 
-69 -69 -80 -61 -75 
-66 -81 -71 -64 -68 
-66 -70 -80 -62 -68 
-67 -74 -80 -65 -77 
-68 -70 -80 -62 -65 
-67 -74 -70 -63 -76 
-66 -71 -84 -62 -67 
-67 -78 -69 -61 -77 
-67 -86 -78 -63 -70 
-70 -71 -71 -67 -76 
-65 -85 -80 -63 -67 
-67 -71 -82 -64 -77 
-67 -78 -78 -64 -73 
-65 -76 -82 -62 -65 
-70 -74 -76 -62 -77 
-68 -72 -81 -67 -76 
-70 -81 -81 -62 -67 
-67 -75 -80 -67 -77 
-67 -82 -81 -62 -67 
-68 -75 -78 -67 -76 
-69 -81 -71 -61 -67 
-67 -80 -76 -67 -67 
-68 -74 -80 -63 -73 
-68 -71 -81 -67 -78 
-68 -81 -78 -62 -77 
-65 -71 -81 -67 -67 
-70 -81 -69 -62 -76 
-69 -76 -80 -64 -71 
-67 -71 -81 -67 -76 
-70 -81 -80 -62 -67 
-68 -78 -71 -64 -72 
-67 -76 -81 -64 -76 
-69 -71 -81 -63 -67 
-68 -70 -78 -62 -77 
-67 -77 -77 -66 -78 
-67 -75 -71 -63 -76 
-68 -69 -72 -66 -77 
-70 -71 -75 -63 -75 
-67 -69 -71 -66 -76 
-69 -77 -74 -65 -67 
-70 -69 -73 -63 -71 
-70 -74 -81 -63 -70 
-70 -69 -69 -62 -76 
-72 -72 -74 -61 -71 
-68 -70 -74 -60 -72 
-67 -77 -70 -65 -76 
-68 -68 -77 -61 -79 
-75 -71 -76 -65 -68 
-71 -68 -78 -66 -82 
-69 -71 -75 -62 -68 
-68 -76 -72 -62 -69 
-71 -70 -76 -62 -68 
-66 -77 -75 -66 -86 
-70 -68 -75 -62 -69 
-69 -73 -76 -63 -69 
-72 -72 -73 -62 -69 
-69 -72 -73 -63 -79 
-71 -70 -73 -62 -74 
-71 -74 -74 -62 -69 
-68 -72 -79 -63 -69 
-71 -68 -79 -63 -89 
-68 -72 -74 -63 -77 
-70 -72 -78 -62 -70 
-68 -74 -73 -62 -78 
-69 -71 -70 -65 -79 
-70 -72 -75 -63 -79 
-69 -68 -79 -63 -70 
-70 -75 -79 -62 -68 
-70 -74 -80 -63 -77 
-71 -68 -69 -63 -69 
-69 -73 -74 -64 -70 
-68 -73 -78 -62 -78 
-68 -73 -78 -63 -70 
-65 -73 -78 -62 -78 
-72 -68 -70 -64 -78 
-69 -77 -79 -64 -78 
-71 -71 -74 -63 -68 
-70 -69 -70 -65 -76 
-71 -73 -77 -62 -69 
-68 -70 -75 -65 -76 
-69 -77 -70 -63 -70 
-67 -68 -80 -63 -77 
-70 -74 -75 -63 -78 
-70 -73 -80 -63 -77 
-68 -77 -80 -62 -88 
-68 -73 -80 -64 -78 
-69 -69 -75 -63 -74 
-68 -76 -80 -63 -78 
-71 -68 -69 -65 -77 
-67 -72 -79 -63 -79 
-67 -72 -77 -63 -69 
-71 -72 -81 -62 -69 
-69 -73 -74 -63 -69 
-71 -74 -74 -65 -78 
-69 -71 -78 -63 -69 
-69 -73 -79 -63 -69 
-71 -69 -80 -64 -68 
-68 -72 -72 -65 -68 
-70 -72 -74 -63 -79 
-69 -70 -74 -63 -70 
-69 -71 -78 -62 -69 
-69 -72 -79 -65 -77 
-69 -76 -79 -64 -69 
-66 -76 -80 -63 -70 
-69 -72 -79 -64 -76 
-69 -71 -77 -63 -78 
-67 -73 -79 -63 -70 
-69 -69 -70 -65 -78 
-69 -76 -76 -63 -70 
-68 -80 -75 -62 -81 
-68 -80 -75 -62 -69 
-69 -72 -81 -64 -78 
-67 -72 -80 -63 -83 
-74 -79 -70 -62 -77 
-69 -69 -76 -64 -83 
-66 -72 -69 -61 -80 
-69 -80 -74 -64 -78 
-67 -73 -78 -74 -72 
-66 -81 -73 -68 -75 
-71 -73 -77 -63 -69 
-71 -71 -80 -68 -77 
-67 -75 -71 -63 -69 
-69 -73 -78 -66 -77 
-68 -71 -71 -70 -67 
-70 -76 -76 -69 -79 
-69 -75 -70 -71 -69 
-68 -74 -74 -66 -78 
-70 -70 -73 -70 -69 
-68 -75 -75 -62 -78 
-70 -70 -73 -71 -77 
-68 -76 -75 -62 -78 
-69 -69 -69 -69 -69 
-68 -72 -74 -67 -76 
-70 -72 -74 -65 -72 
-71 -74 -77 -69 -76 
-69 -74 -77 -69 -76 
-71 -72 -74 -62 -74 
-71 -71 -71 -70 -69 
-68 -72 -74 -68 -69 
-69 -71 -71 -68 -79 
-70 -75 -69 -62 -69 
-71 -71 -77 -71 -79 
-70 -75 -71 -71 -73 
-71 -73 -72 -66 -76 
-69 -73 -79 -62 -75 
-66 -75 -78 -69 -68 
-71 -73 -70 -65 -75 
-69 -71 -74 -62 -69 
-68 -74 -70 -71 -77 
-69 -73 -74 -62 -72 
-71 -75 -74 -67 -74 
-69 -75 -70 -62 -67 
-68 -75 -75 -71 -78 
-69 -76 -77 -66 -71 
-69 -75 -74 -67 -69 
-68 -75 -70 -68 -77 
-71 -75 -76 -65 -73 
-68 -71 -78 -62 -69 
-66 -73 -75 -71 -73 
-70 -71 -74 -71 -78 
-68 -71 -75 -62 -71 
-68 -76 -78 -68 -69 
-68 -71 -72 -66 -73 
-69 -73 -72 -62 -75 
-71 -75 -69 -62 -69 
-69 -75 -77 -69 -77 
-71 -72 -77 -62 -69 
-69 -71 -77 -69 -77 
-69 -71 -75 -62 -77 
-71 -75 -69 -69 -67 
-70 -74 -76 -66 -72 
-64 -71 -75 -65 -76 
-71 -72 -76 -62 -77 
-69 -71 -75 -71 -69 
-71 -74 -75 -62 -78 
-68 -71 -75 -69 -78 
-69 -73 -73 -67 -78 
-70 -73 -70 -68 -72 
-69 -71 -75 -71 -77 
-70 -75 -72 -69 -78 
-70 -73 -72 -65 -77 
-71 -71 -70 -67 -68 
-66 -74 -75 -62 -79 
-71 -71 -77 -71 -69 
-71 -73 -75 -62 -77 
-69 -73 -70 -68 -76 
-66 -71 -76 -62 -78 
-68 -74 -72 -66 -78 
-69 -71 -70 -71 -69 
-71 -73 -77 -62 -78 
-69 -71 -72 -70 -77 
-70 -72 -77 -69 -79 
-68 -75 -75 -63 -78 
-69 -72 -76 -66 -74 
-68 -72 -70 -70 -71 
-71 -71 -76 -62 -77 
-68 -73 -70 -71 -69 
-71 -70 -76 -70 -77 
-70 -72 -75 -69 -78 
-70 -71 -71 -62 -74 
-69 -72 -72 -65 -73 
-68 -71 -76 -70 -77 
-71 -71 -76 -67 -77 
-69 -74 -75 -72 -77 
-72 -74 -69 -62 -79 
-70 -71 -76 -67 -77 
-71 -74 -70 -72 -69 
-69 -71 -77 -62 -76 
-71 -76 -70 -71 -69 
-69 -71 -76 -62 -76 
-65 -76 -69 -71 -69 
-69 -75 -77 -68 -77 
-71 -76 -69 -62 -79 
-68 -73 -70 -71 -74 
-66 -75 -75 -71 -78 
-66 -71 -76 -62 -78 
-69 -74 -72 -65 -77 
-68 -71 -75 -72 -78 
-69 -74 -75 -71 -78 
-70 -72 -69 -69 -74 
-68 -76 -75 -65 -79 
-69 -73 -75 -66 -77 
-71 -72 -76 -65 -79 
-67 -71 -75 -67 -78 
-67 -73 -76 -71 -78 
-69 -72 -76 -67 -77 
-70 -73 -72 -66 -78 
-70 -71 -76 -71 -73 
-70 -75 -75 -70 -78 
-68 -73 -72 -69 -78 
-68 -73 -70 -70 -73 
-68 -72 -73 -65 -69 
-71 -76 -76 -71 -67 
-69 -74 -73 -62 -69 
-69 -74 -73 -67 -78 
-69 -71 -73 -69 -69 
-65 -73 -69 -66 -72 
-70 -75 -77 -62 -77 
-68 -71 -69 -72 -69 
-65 -73 -76 -67 -77 
-71 -75 -69 -70 -69 
-70 -72 -73 -70 -70 
-69 -75 -77 -61 -78 
-67 -71 -79 -70 -69 
-69 -75 -69 -71 -77 
-71 -73 -77 -62 -73 
-67 -75 -77 -62 -69 
-70 -75 -71 -70 -73 
-68 -75 -71 -69 -75 
-66 -71 -73 -62 -69 
-69 -75 -69 -70 -78 
-68 -75 -75 -65 -73 
-68 -75 -72 -70 -71 
-66 -75 -72 -62 -69 
-68 -72 -71 -66 -69 
-70 -75 -69 -66 -73 
-69 -71 -74 -70 -78 
-68 -76 -75 -62 -69 
-71 -72 -72 -68 -73 
-70 -72 -73 -65 -69 
-69 -74 -82 -62 -77 
-71 -70 -72 -62 -74 