348 5
-69 -66 -72 -64 -65 
-69 -60 -72 -62 -76 
-68 -65 -69 -64 -70 
-70 -71 -72 -65 -76 
-70 -63 -68 -64 -70 
-68 -67 -70 -66 -72 
-70 -61 -70 -62 -70 
-69 -75 -71 -65 -66 
-63 -66 -67 -64 -68 
-67 -74 -69 -62 -75 
-65 -61 -70 -64 -69 
-70 -67 -70 -63 -76 
-68 -74 -69 -64 -76 
-63 -61 -70 -65 -68 
-61 -74 -72 -62 -76 
-66 -62 -70 -64 -69 
-69 -70 -70 -63 -72 
-63 -70 -72 -62 -73 
-66 -76 -68 -64 -76 
-63 -60 -72 -62 -66 
-63 -68 -72 -62 -68 
-68 -76 -68 -63 -69 
-70 -70 -68 -62 -67 
-67 -70 -69 -63 -67 
-69 -68 -70 -65 -71 
-69 -63 -70 -65 -71 
-70 -67 -70 -64 -70 
-65 -61 -70 -65 -73 
-71 -60 -68 -62 -66 
-68 -75 -72 -65 -76 
-63 -60 -67 -64 -66 
-65 -61 -69 -66 -71 
-68 -74 -70 -63 -75 
-62 -61 -68 -62 -66 
-66 -75 -69 -64 -68 
-70 -68 -69 -65 -74 
-70 -63 -67 -64 -70 
-68 -61 -70 -62 -76 
-61 -66 -68 -63 -66 
-69 -74 -72 -62 -76 
-61 -61 -68 -64 -66 
-71 -66 -72 -62 -76 
-66 -67 -69 -63 -69 
-62 -62 -68 -66 -76 
-68 -75 -72 -61 -69 
-70 -64 -70 -64 -72 
-66 -61 -67 -63 -76 
-62 -74 -71 -64 -69 
-68 -60 -68 -63 -66 
-62 -69 -69 -66 -75 
-66 -73 -69 -63 -66 
-71 -61 -69 -66 -75 
-65 -66 -69 -64 -68 
-68 -72 -71 -62 -66 
-62 -61 -71 -66 -68 
-66 -72 -71 -62 -66 
-70 -61 -70 -64 -69 
-68 -66 -68 -62 -66 
-70 -60 -72 -66 -76 
-62 -66 -68 -62 -66 
-66 -61 -70 -64 -67 
-63 -66 -72 -64 -75 
-68 -75 -69 -64 -66 
-63 -66 -68 -65 -66 
-69 -75 -71 -64 -69 
-62 -61 -68 -62 -76 
-70 -74 -69 -66 -66 
-70 -67 -70 -63 -76 
-66 -66 -67 -61 -69 
-63 -63 -69 -64 -70 
-70 -59 -72 -64 -75 
-71 -66 -69 -64 -68 
-63 -61 -72 -62 -70 
-69 -70 -68 -64 -76 
-69 -61 -72 -62 -66 
-66 -67 -70 -63 -69 
-66 -65 -69 -64 -70 
-64 -63 -69 -63 -76 
-65 -66 -71 -64 -66 
-68 -74 -69 -62 -70 
-63 -62 -69 -62 -68 
-66 -59 -69 -63 -66 
-62 -74 -68 -65 -75 
-69 -60 -67 -65 -70 
-69 -60 -72 -62 -66 
-69 -60 -72 -63 -76 
-68 -66 -68 -64 -66 
-63 -60 -72 -62 -66 
-68 -63 -70 -63 -66 
-68 -69 -70 -63 -69 
-62 -70 -70 -63 -66 
-62 -67 -70 -62 -70 
-68 -61 -68 -64 -67 
-69 -68 -67 -62 -75 
-70 -75 -69 -62 -65 
-70 -63 -70 -64 -70 
-68 -61 -72 -66 -70 
-62 -73 -68 -64 -66 
-69 -66 -72 -64 -66 
-68 -73 -68 -62 -69 
-64 -60 -69 -65 -67 
-69 -73 -72 -62 -75 
-66 -61 -67 -65 -64 
-69 -74 -72 -64 -75 
-70 -66 -70 -63 -68 
-62 -60 -68 -63 -75 
-67 -66 -68 -63 -70 
-63 -72 -72 -64 -66 
-68 -65 -68 -62 -75 
-63 -72 -69 -64 -65 
-68 -60 -68 -62 -75 
-71 -72 -68 -65 -66 
-71 -65 -69 -63 -69 
-63 -65 -68 -62 -74 
-68 -72 -69 -65 -70 
-67 -65 -70 -64 -70 
-67 -59 -69 -64 -75 
-66 -71 -69 -63 -66 
-66 -59 -68 -62 -75 
-67 -65 -68 -64 -66 
-70 -65 -68 -62 -75 
-65 -66 -68 -64 -67 
-68 -61 -72 -62 -69 
-66 -65 -70 -63 -70 
-69 -60 -68 -64 -66 
-71 -60 -68 -63 -75 
-71 -66 -72 -65 -70 
-70 -67 -70 -64 -66 
-66 -59 -69 -65 -70 
-70 -72 -72 -64 -75 
-70 -60 -69 -61 -75 
-63 -65 -72 -63 -69 
-71 -72 -68 -60 -75 
-63 -66 -72 -64 -64 
-66 -60 -68 -62 -69 
-65 -60 -68 -65 -66 
-65 -66 -72 -63 -75 
-70 -64 -67 -64 -66 
-64 -66 -70 -64 -68 
-70 -65 -68 -62 -70 
-63 -73 -71 -65 -75 
-70 -59 -68 -62 -70 
-63 -72 -72 -65 -75 
-63 -66 -69 -62 -67 
-68 -65 -70 -63 -70 
-69 -62 -72 -63 -66 
-71 -60 -69 -66 -70 
-71 -66 -72 -62 -69 
-63 -72 -68 -65 -64 
-63 -65 -70 -64 -69 
-68 -68 -67 -64 -68 
-63 -60 -68 -66 -65 
-65 -66 -71 -63 -69 
-63 -73 -69 -64 -75 
-65 -66 -68 -64 -70 
-65 -65 -69 -66 -75 
-68 -66 -72 -64 -66 
-63 -73 -68 -65 -66 
-68 -60 -68 -64 -75 
-63 -69 -69 -64 -66 
-70 -67 -68 -63 -70 
-63 -73 -69 -61 -75 
-68 -60 -71 -64 -64 
-71 -74 -68 -61 -75 
-63 -60 -72 -64 -70 
-67 -74 -71 -62 -75 
-64 -64 -69 -64 -70 
-65 -66 -68 -62 -72 
-67 -72 -72 -65 -71 
-70 -59 -70 -63 -70 
-61 -74 -68 -62 -65 
-66 -61 -71 -64 -69 
-62 -73 -67 -62 -75 
-70 -61 -70 -66 -66 
-65 -65 -68 -64 -70 
-68 -66 -72 -62 -75 
-63 -65 -68 -63 -73 
-68 -60 -68 -64 -68 
-70 -65 -68 -62 -75 
-68 -60 -69 -64 -64 
-71 -65 -72 -66 -75 
-65 -64 -69 -64 -70 
-63 -72 -67 -60 -66 
-68 -63 -72 -64 -75 
-66 -65 -68 -63 -69 
-66 -60 -69 -62 -66 
-70 -72 -69 -65 -70 
-70 -58 -72 -64 -70 
-68 -66 -68 -64 -75 
-68 -61 -68 -64 -66 
-70 -67 -68 -64 -69 
-71 -73 -71 -62 -66 
-69 -60 -67 -66 -67 
-68 -73 -72 -62 -69 
-68 -60 -70 -66 -72 
-61 -73 -70 -63 -75 
-69 -66 -71 -62 -66 
-66 -65 -71 -63 -70 
-68 -59 -68 -61 -70 
-69 -63 -70 -63 -66 
-63 -63 -68 -64 -70 
-71 -73 -72 -66 -66 
-62 -65 -69 -64 -68 
-70 -73 -69 -62 -74 
-68 -58 -72 -66 -65 
-69 -74 -69 -62 -75 
-63 -59 -71 -66 -70 
-63 -71 -69 -62 -76 
-66 -66 -67 -62 -71 
-63 -79 -72 -64 -66 
-69 -62 -68 -61 -66 
-65 -72 -73 -61 -70 
-71 -63 -68 -66 -69 
-68 -66 -71 -65 -66 
-63 -67 -69 -66 -66 
-65 -67 -71 -63 -69 
-68 -77 -72 -64 -76 
-71 -62 -69 -66 -66 
-64 -77 -71 -63 -75 
-63 -77 -69 -66 -66 
-68 -78 -72 -62 -76 
-66 -67 -69 -64 -68 
-68 -76 -69 -65 -76 
-71 -65 -72 -62 -69 
-71 -63 -67 -64 -76 
-68 -67 -70 -63 -68 
-66 -77 -70 -65 -76 
-66 -69 -71 -64 -67 
-70 -64 -69 -66 -76 
-66 -72 -72 -62 -67 
-67 -61 -70 -64 -75 
-67 -68 -71 -61 -67 
-63 -71 -70 -63 -72 
-65 -61 -70 -61 -67 
-66 -67 -69 -65 -72 
-71 -71 -68 -64 -72 
-65 -65 -70 -64 -66 
-66 -69 -71 -62 -68 
-70 -68 -70 -63 -72 
-68 -71 -70 -62 -69 
-66 -67 -71 -64 -68 
-67 -70 -69 -63 -70 
-65 -69 -70 -63 -72 
-69 -62 -70 -62 -74 
-63 -60 -69 -64 -70 
-66 -62 -70 -63 -72 
-63 -74 -70 -65 -73 
-68 -68 -70 -63 -68 
-68 -74 -70 -66 -73 
-65 -66 -69 -66 -67 
-63 -64 -71 -64 -70 
-63 -66 -68 -66 -66 
-67 -61 -68 -62 -75 
-65 -63 -69 -64 -75 
-63 -66 -72 -67 -66 
-67 -65 -68 -67 -75 
-63 -74 -72 -62 -66 
-67 -65 -69 -65 -75 
-65 -75 -71 -67 -69 
-64 -66 -69 -65 -66 
-67 -59 -68 -62 -75 
-63 -64 -72 -67 -65 
-68 -61 -69 -62 -70 
-62 -68 -69 -63 -75 
-69 -60 -72 -64 -71 
-63 -71 -70 -62 -66 
-68 -66 -72 -66 -71 
-68 -66 -69 -63 -70 
-68 -61 -72 -62 -70 
-69 -65 -72 -64 -74 
-62 -61 -69 -67 -69 
-62 -66 -71 -64 -66 
-69 -71 -69 -64 -70 
-66 -61 -70 -63 -68 
-62 -63 -70 -67 -75 
-67 -65 -71 -62 -66 
-68 -65 -72 -67 -70 
-65 -71 -69 -64 -70 
-65 -68 -70 -64 -70 
-68 -61 -72 -62 -66 
-63 -67 -72 -62 -69 
-66 -65 -69 -67 -69 
-67 -71 -69 -65 -70 
-64 -67 -70 -65 -70 
-69 -64 -72 -62 -76 
-68 -68 -69 -63 -76 
-68 -61 -69 -65 -66 
-69 -66 -69 -60 -76 
-62 -60 -71 -63 -66 
-69 -71 -69 -67 -69 
-62 -65 -71 -66 -66 
-67 -61 -69 -64 -70 
-62 -66 -69 -68 -66 
-64 -64 -69 -68 -71 
-69 -71 -72 -64 -76 
-69 -65 -68 -67 -71 
-63 -71 -72 -64 -66 
-69 -65 -69 -67 -71 
-68 -66 -71 -62 -67 
-69 -60 -69 -63 -70 
-61 -65 -71 -64 -76 
-67 -61 -72 -64 -68 
-61 -66 -69 -62 -68 
-67 -71 -71 -67 -66 
-65 -65 -69 -63 -70 
-68 -60 -71 -63 -66 
-69 -65 -70 -62 -70 
-62 -72 -70 -67 -70 
-63 -65 -70 -64 -75 
-70 -65 -69 -62 -66 
-68 -59 -70 -65 -76 
-69 -64 -69 -62 -67 
-68 -60 -71 -63 -75 
-68 -65 -68 -65 -64 
-63 -61 -70 -62 -75 
-67 -67 -69 -64 -66 
-65 -66 -70 -66 -74 
-65 -66 -71 -66 -66 
-71 -62 -69 -61 -76 
-69 -67 -72 -65 -72 
-64 -68 -72 -64 -68 
-80 -60 -71 -61 -79 
-64 -68 -71 -63 -70 
-66 -61 -73 -60 -71 
-63 -70 -71 -68 -78 
-65 -62 -73 -61 -68 
-65 -62 -74 -72 -75 
-63 -65 -75 -64 -71 
-65 -63 -77 -71 -69 
-76 -69 -76 -66 -69 
-71 -63 -78 -69 -69 
-69 -65 -73 -66 -70 
-79 -75 -79 -71 -70 
-67 -65 -69 -62 -71 
-63 -72 -73 -61 -70 
-65 -67 -76 -64 -68 
-66 -65 -72 -64 -68 
-63 -63 -72 -61 -80 
-69 -71 -69 -68 -74 
-71 -63 -71 -62 -75 
-71 -62 -71 -70 -71 
-68 -68 -70 -65 -74 
-70 -68 -71 -63 -74 
-72 -63 -72 -61 -73 
-74 -67 -72 -60 -76 
-69 -64 -71 -65 -66 
-73 -66 -72 -65 -76 
-73 -68 -72 -60 -75 