336 6
-76 -85 -75 -57 -65 
-76 -71 -75 -59 -69 
-68 -71 -68 -57 -74 
-74 -69 -75 -57 -67 
-64 -71 -73 -60 -71 
-64 -71 -71 -58 -71 
-76 -71 -73 -58 -69 
-64 -71 -68 -57 -66 
-67 -71 -73 -63 -76 
-74 -72 -71 -59 -71 
-64 -70 -68 -57 -65 
-68 -83 -72 -63 -76 
-64 -71 -75 -56 -67 
-64 -68 -67 -63 -71 
-68 -72 -74 -56 -67 
-71 -71 -70 -61 -71 
-67 -72 -73 -60 -65 
-64 -77 -74 -58 -71 
-74 -72 -69 -60 -65 
-75 -72 -71 -59 -71 
-67 -71 -74 -57 -67 
-75 -72 -73 -62 -75 
-64 -75 -72 -59 -71 
-73 -73 -72 -57 -74 
-67 -86 -74 -62 -66 
-64 -72 -72 -57 -73 
-68 -73 -74 -60 -71 
-64 -71 -71 -57 -65 
-68 -73 -73 -57 -74 
-74 -79 -73 -57 -74 
-68 -82 -74 -57 -70 
-65 -68 -75 -58 -71 
-76 -71 -73 -57 -77 
-67 -69 -75 -57 -70 
-74 -71 -75 -63 -67 
-69 -71 -71 -58 -73 
-67 -83 -69 -63 -67 
-71 -82 -73 -56 -74 
-65 -71 -67 -56 -77 
-70 -72 -73 -59 -66 
-72 -78 -71 -60 -66 
-68 -72 -69 -59 -73 
-68 -72 -74 -63 -67 
-76 -77 -69 -58 -76 
-67 -72 -75 -63 -68 
-65 -71 -71 -57 -76 
-67 -86 -74 -58 -71 
-70 -72 -71 -56 -70 
-73 -85 -73 -57 -73 
-74 -77 -74 -57 -75 
-76 -72 -69 -60 -73 
-67 -72 -69 -57 -71 
-67 -71 -72 -56 -73 
-65 -71 -72 -57 -71 
-65 -70 -73 -57 -70 
-70 -72 -75 -57 -76 
-72 -72 -71 -57 -69 
-68 -71 -68 -60 -71 
-63 -83 -73 -63 -65 
-64 -71 -68 -57 -68 
-71 -84 -74 -58 -67 
-68 -84 -73 -57 -75 
-75 -72 -71 -63 -71 
-68 -79 -74 -56 -70 
-65 -84 -71 -63 -75 
-65 -72 -73 -57 -71 
-76 -85 -70 -61 -73 
-76 -71 -73 -59 -70 
-68 -85 -73 -56 -71 
-65 -71 -69 -56 -75 
-68 -73 -73 -63 -71 
-70 -71 -71 -57 -66 
-76 -78 -74 -58 -67 
-68 -71 -69 -57 -64 
-76 -72 -75 -60 -71 
-68 -86 -71 -57 -64 
-76 -73 -75 -61 -71 
-68 -71 -73 -57 -75 
-65 -72 -68 -58 -65 
-68 -87 -71 -57 -71 
-68 -72 -69 -57 -74 
-63 -72 -73 -63 -72 
-74 -71 -70 -57 -71 
-65 -79 -73 -59 -71 
-68 -85 -73 -56 -69 
-66 -85 -72 -60 -71 
-66 -83 -74 -60 -76 
-72 -84 -72 -60 -69 
-66 -72 -73 -59 -71 
-63 -85 -69 -63 -75 
-67 -71 -74 -57 -71 
-65 -78 -71 -59 -71 
-72 -71 -71 -60 -72 
-66 -88 -75 -56 -71 
-66 -76 -70 -57 -71 
-70 -87 -70 -58 -73 
-69 -71 -70 -58 -72 
-66 -79 -70 -56 -72 
-76 -75 -71 -58 -71 
-68 -79 -68 -58 -68 
-65 -72 -73 -63 -72 
-68 -72 -72 -58 -64 
-72 -72 -69 -57 -72 
-70 -72 -70 -61 -72 
-67 -70 -68 -58 -74 
-76 -70 -73 -59 -66 
-74 -76 -72 -58 -65 
-76 -72 -72 -57 -66 
-68 -86 -73 -57 -75 
-76 -86 -71 -63 -73 
-65 -72 -69 -56 -66 
-68 -72 -73 -59 -71 
-65 -72 -71 -63 -75 
-66 -71 -74 -56 -73 
-66 -72 -69 -56 -70 
-68 -72 -71 -63 -64 
-66 -77 -71 -57 -70 
-65 -72 -75 -58 -75 
-72 -82 -69 -57 -73 
-70 -83 -71 -60 -71 
-67 -75 -79 -60 -66 
-75 -70 -69 -55 -67 
-66 -75 -77 -59 -67 
-71 -75 -69 -60 -72 
-63 -81 -74 -57 -67 
-70 -74 -72 -55 -73 
-63 -73 -69 -58 -72 
-68 -74 -74 -56 -72 
-65 -75 -75 -59 -72 
-62 -79 -68 -56 -65 
-72 -74 -77 -62 -66 
-71 -74 -75 -60 -65 
-68 -70 -75 -57 -70 
-66 -71 -75 -57 -66 
-73 -71 -72 -59 -71 
-69 -70 -74 -58 -71 
-64 -90 -75 -58 -65 
-66 -75 -73 -59 -71 
-68 -71 -73 -57 -72 
-66 -71 -69 -60 -65 
-66 -76 -75 -57 -69 
-65 -71 -70 -57 -73 
-63 -73 -73 -57 -72 
-68 -73 -69 -60 -74 
-75 -76 -75 -57 -65 
-65 -71 -68 -62 -74 
-74 -83 -75 -57 -72 
-68 -71 -68 -58 -74 
-72 -73 -75 -59 -73 
-65 -73 -69 -58 -68 
-68 -82 -75 -57 -72 
-68 -76 -73 -57 -67 
-69 -82 -73 -63 -73 
-76 -75 -68 -57 -65 
-66 -71 -70 -57 -68 
-69 -74 -69 -62 -72 
-76 -72 -68 -57 -66 
-71 -74 -68 -58 -71 
-76 -72 -75 -57 -70 
-65 -72 -69 -56 -77 
-69 -80 -72 -56 -66 
-65 -74 -75 -63 -71 
-69 -72 -68 -56 -77 
-66 -81 -72 -58 -73 
-78 -73 -75 -63 -77 
-78 -72 -72 -57 -65 
-78 -72 -72 -56 -70 
-77 -76 -70 -58 -66 
-65 -73 -69 -58 -76 
-67 -72 -69 -57 -71 
-79 -73 -72 -57 -68 
-66 -73 -71 -60 -66 
-63 -71 -75 -57 -65 
-68 -81 -69 -58 -73 
-65 -72 -75 -57 -66 
-79 -79 -68 -56 -72 
-68 -73 -74 -57 -64 
-79 -72 -70 -58 -73 
-68 -72 -72 -60 -75 
-68 -72 -75 -57 -77 
-71 -72 -70 -60 -66 
-79 -71 -71 -59 -74 
-68 -73 -68 -56 -77 
-68 -80 -74 -59 -73 
-69 -76 -70 -59 -64 
-68 -72 -72 -56 -73 
-65 -80 -68 -60 -64 
-68 -73 -71 -56 -73 
-65 -74 -70 -62 -75 
-79 -73 -72 -57 -77 
-65 -72 -67 -62 -66 
-72 -71 -68 -56 -75 
-79 -81 -72 -63 -77 
-71 -77 -69 -59 -74 
-65 -80 -72 -63 -75 
-68 -72 -75 -57 -65 
-72 -73 -69 -58 -66 
-71 -73 -72 -57 -64 
-68 -73 -75 -63 -77 
-77 -81 -72 -57 -70 
-76 -72 -70 -60 -71 
-71 -73 -71 -59 -68 
-65 -73 -73 -63 -76 
-68 -72 -68 -56 -73 
-65 -73 -71 -63 -64 
-66 -73 -72 -58 -76 
-69 -73 -72 -59 -64 
-77 -82 -68 -56 -75 
-62 -73 -71 -57 -66 
-75 -72 -70 -63 -75 
-75 -74 -75 -57 -76 
-65 -72 -68 -57 -72 
-76 -74 -75 -58 -76 
-66 -76 -72 -56 -74 
-66 -71 -69 -62 -74 
-65 -83 -72 -58 -65 
-68 -72 -67 -63 -76 
-75 -74 -75 -58 -68 
-77 -78 -70 -59 -70 
-65 -73 -72 -57 -65 
-68 -80 -68 -58 -72 
-66 -78 -70 -58 -72 
-76 -75 -75 -56 -65 
-68 -84 -68 -63 -74 
-68 -73 -71 -57 -64 
-65 -73 -75 -60 -65 
-68 -84 -72 -63 -72 
-75 -75 -75 -57 -75 
-65 -72 -75 -63 -72 
-74 -73 -72 -57 -65 
-68 -81 -75 -63 -65 
-68 -80 -72 -57 -64 
-76 -74 -75 -62 -70 
-68 -80 -72 -57 -64 
-77 -74 -75 -57 -72 
-68 -72 -68 -63 -76 
-65 -72 -71 -57 -72 
-72 -81 -68 -56 -65 
-68 -83 -75 -58 -67 
-65 -71 -72 -58 -75 
-66 -83 -73 -63 -65 
-64 -72 -67 -58 -70 
-65 -69 -72 -56 -68 
-67 -68 -68 -55 -65 
-64 -71 -68 -57 -65 
-65 -76 -70 -58 -66 
-68 -80 -69 -59 -67 
-65 -84 -69 -57 -69 
-67 -77 -69 -57 -72 
-72 -72 -72 -61 -74 
-67 -67 -74 -57 -71 
-79 -79 -76 -66 -70 
-68 -73 -74 -57 -72 
-67 -70 -72 -64 -67 
-68 -75 -74 -60 -67 
-65 -74 -71 -56 -67 
-72 -74 -74 -59 -68 
-70 -70 -82 -62 -67 
-66 -68 -76 -56 -72 
-65 -74 -74 -58 -68 
-65 -71 -75 -57 -64 
-62 -73 -75 -61 -66 
-66 -67 -76 -60 -72 
-83 -75 -74 -61 -68 
-69 -71 -75 -59 -65 
-65 -77 -76 -55 -72 
-74 -71 -74 -62 -68 
-70 -72 -76 -59 -76 
-66 -75 -73 -56 -65 
-63 -72 -73 -65 -73 
-72 -74 -71 -58 -68 
-66 -80 -72 -64 -68 
-64 -74 -70 -57 -72 
-66 -79 -72 -58 -66 
-69 -77 -74 -61 -73 
-73 -73 -74 -56 -73 
-67 -76 -71 -56 -68 
-66 -74 -73 -58 -73 
-66 -81 -74 -64 -74 
-65 -76 -72 -58 -68 
-66 -80 -73 -56 -73 
-77 -76 -74 -64 -68 
-71 -73 -73 -58 -68 
-66 -74 -72 -58 -72 
-75 -74 -70 -64 -69 
-66 -79 -74 -55 -73 
-70 -73 -76 -63 -76 
-75 -79 -72 -55 -67 
-72 -76 -73 -60 -72 
-71 -78 -72 -61 -74 
-67 -75 -72 -56 -73 
-69 -75 -72 -54 -74 
-66 -74 -71 -63 -75 
-67 -74 -72 -59 -66 
-66 -77 -72 -57 -69 
-68 -77 -70 -64 -71 
-69 -77 -72 -56 -73 
-72 -74 -74 -61 -74 
-66 -77 -73 -56 -75 
-68 -74 -71 -64 -70 
-66 -76 -73 -56 -75 
-73 -74 -71 -56 -67 
-66 -76 -73 -58 -73 
-72 -74 -71 -55 -68 
-66 -74 -76 -57 -75 
-66 -74 -71 -56 -74 
-66 -76 -74 -60 -75 
-66 -77 -73 -55 -71 
-66 -78 -75 -59 -70 
-64 -73 -80 -58 -73 
-69 -69 -78 -58 -73 
-82 -74 -72 -59 -76 
-65 -68 -76 -56 -65 
-62 -76 -74 -63 -73 
-65 -69 -77 -57 -62 
-67 -77 -71 -57 -69 
-66 -73 -73 -57 -71 
-66 -83 -75 -55 -72 
-64 -77 -74 -57 -69 
-66 -69 -77 -57 -70 
-66 -71 -75 -64 -69 
-74 -71 -73 -59 -65 
-65 -79 -76 -60 -66 
-68 -75 -73 -57 -70 
-68 -82 -77 -61 -70 
-64 -75 -81 -71 -69 
-72 -74 -71 -61 -64 
-67 -69 -73 -62 -68 
-67 -75 -81 -60 -72 
-69 -66 -75 -57 -63 
-69 -73 -75 -56 -69 
-64 -69 -82 -57 -70 
-64 -70 -74 -57 -70 
-62 -71 -76 -63 -68 
-66 -72 -78 -59 -72 
-63 -80 -82 -57 -69 