350 7
-69 -63 -53 -74 -70 
-65 -63 -57 -75 -72 
-65 -64 -53 -74 -65 
-65 -69 -54 -75 -70 
-68 -74 -53 -75 -71 
-66 -75 -53 -75 -67 
-69 -63 -57 -75 -69 
-67 -75 -55 -76 -68 
-68 -68 -55 -74 -68 
-69 -69 -53 -75 -72 
-65 -63 -53 -75 -69 
-66 -63 -53 -75 -70 
-67 -64 -53 -74 -72 
-69 -74 -53 -76 -64 
-67 -64 -57 -74 -72 
-68 -63 -53 -76 -64 
-65 -63 -53 -74 -70 
-65 -75 -57 -75 -72 
-68 -75 -54 -74 -64 
-68 -75 -55 -74 -66 
-66 -63 -57 -76 -68 
-65 -75 -53 -74 -64 
-68 -64 -55 -74 -72 
-68 -63 -57 -76 -64 
-66 -75 -53 -75 -64 
-65 -75 -53 -74 -72 
-69 -62 -57 -76 -68 
-65 -64 -53 -74 -64 
-69 -75 -56 -75 -68 
-68 -69 -55 -74 -70 
-66 -75 -53 -76 -66 
-65 -64 -53 -74 -64 
-68 -64 -53 -74 -70 
-67 -67 -54 -75 -64 
-65 -63 -53 -74 -64 
-68 -64 -53 -74 -72 
-68 -63 -53 -74 -66 
-68 -64 -57 -75 -68 
-68 -63 -55 -74 -64 
-68 -64 -53 -74 -72 
-63 -63 -56 -75 -64 
-68 -75 -53 -74 -68 
-68 -63 -56 -76 -64 
-68 -64 -53 -74 -68 
-68 -75 -57 -74 -64 
-67 -63 -53 -75 -66 
-65 -69 -55 -75 -64 
-65 -64 -57 -75 -69 
-69 -63 -53 -75 -72 
-68 -75 -53 -75 -69 
-69 -63 -57 -75 -72 
-68 -64 -53 -76 -64 
-69 -63 -57 -75 -72 
-68 -69 -53 -75 -68 
-68 -63 -57 -76 -72 
-66 -69 -55 -76 -64 
-66 -75 -53 -74 -68 
-68 -63 -55 -76 -72 
-68 -64 -54 -75 -68 
-68 -63 -53 -73 -68 
-68 -64 -53 -77 -64 
-69 -74 -57 -74 -72 
-68 -64 -53 -76 -64 
-66 -64 -57 -74 -66 
-68 -63 -53 -74 -68 
-65 -64 -57 -75 -72 
-67 -75 -54 -75 -68 
-66 -63 -55 -74 -70 
-65 -63 -53 -75 -64 
-69 -64 -53 -75 -64 
-68 -63 -53 -75 -64 
-68 -67 -53 -76 -64 
-68 -69 -53 -75 -64 
-66 -68 -54 -74 -64 
-65 -62 -56 -75 -69 
-67 -63 -54 -76 -64 
-66 -75 -55 -75 -72 
-67 -63 -57 -76 -63 
-68 -64 -54 -75 -67 
-68 -63 -57 -75 -72 
-68 -64 -54 -74 -69 
-68 -63 -53 -75 -64 
-65 -64 -53 -75 -68 
-69 -75 -53 -75 -72 
-65 -64 -57 -74 -68 
-66 -63 -53 -75 -66 
-68 -63 -56 -76 -72 
-65 -64 -53 -74 -68 
-68 -63 -53 -75 -70 
-68 -75 -53 -73 -64 
-68 -74 -53 -74 -64 
-65 -64 -57 -76 -68 
-65 -63 -55 -74 -66 
-68 -64 -53 -74 -72 
-65 -75 -56 -73 -68 
-69 -69 -55 -75 -66 
-68 -64 -53 -74 -72 
-69 -63 -57 -75 -68 
-68 -69 -55 -74 -68 
-65 -64 -53 -74 -72 
-69 -63 -53 -75 -68 
-68 -64 -53 -74 -64 
-67 -75 -54 -75 -66 
-69 -64 -57 -75 -72 
-66 -75 -54 -74 -68 
-68 -63 -57 -74 -64 
-68 -63 -55 -75 -72 
-68 -63 -55 -74 -64 
-67 -63 -55 -75 -64 
-68 -74 -54 -75 -66 
-66 -63 -55 -73 -64 
-68 -64 -57 -74 -69 
-65 -68 -53 -75 -64 
-68 -75 -53 -74 -72 
-65 -64 -57 -76 -68 
-68 -76 -53 -75 -72 
-68 -75 -53 -75 -70 
-68 -69 -55 -74 -68 
-68 -63 -53 -74 -64 
-69 -75 -57 -75 -72 
-67 -69 -53 -74 -69 
-68 -68 -53 -74 -68 
-66 -69 -54 -75 -64 
-67 -75 -53 -75 -68 
-68 -64 -56 -73 -64 
-65 -75 -53 -74 -68 
-68 -63 -56 -74 -64 
-66 -75 -55 -76 -64 
-67 -75 -53 -75 -72 
-67 -75 -54 -74 -68 
-68 -63 -53 -74 -68 
-68 -75 -57 -75 -72 
-68 -64 -53 -74 -68 
-65 -75 -53 -73 -72 
-65 -75 -53 -74 -66 
-65 -69 -53 -74 -66 
-68 -64 -57 -75 -72 
-65 -75 -53 -75 -64 
-68 -64 -53 -74 -68 
-65 -75 -55 -75 -64 
-67 -63 -55 -74 -64 
-65 -63 -55 -74 -64 
-66 -63 -55 -76 -64 
-67 -63 -54 -75 -64 
-68 -69 -54 -74 -72 
-65 -76 -53 -74 -68 
-69 -64 -54 -75 -73 
-67 -62 -54 -76 -68 
-69 -64 -53 -78 -72 
-69 -70 -53 -77 -71 
-69 -63 -57 -75 -68 
-68 -66 -53 -76 -74 
-66 -74 -53 -75 -68 
-69 -74 -57 -75 -68 
-67 -68 -52 -73 -63 
-67 -66 -53 -72 -68 
-67 -74 -54 -72 -63 
-65 -68 -54 -73 -70 
-69 -63 -53 -71 -63 
-69 -74 -57 -75 -68 
-66 -74 -53 -75 -63 
-69 -66 -53 -74 -63 
-69 -74 -55 -71 -68 
-65 -66 -53 -74 -63 
-65 -70 -53 -73 -70 
-69 -64 -53 -71 -68 
-69 -63 -57 -75 -71 
-69 -66 -53 -75 -68 
-69 -66 -56 -73 -67 
-69 -74 -53 -75 -72 
-69 -63 -53 -75 -63 
-65 -66 -57 -73 -68 
-69 -74 -53 -75 -64 
-65 -66 -57 -75 -68 
-69 -74 -53 -75 -63 
-69 -66 -55 -71 -72 
-66 -75 -53 -76 -68 
-71 -75 -53 -71 -73 
-66 -63 -53 -77 -68 
-65 -71 -53 -75 -66 
-69 -65 -57 -75 -72 
-71 -72 -53 -72 -68 
-68 -70 -55 -71 -70 
-68 -66 -53 -78 -72 
-68 -72 -53 -72 -63 
-68 -65 -55 -72 -70 
-66 -65 -53 -74 -64 
-68 -63 -57 -71 -69 
-68 -66 -53 -74 -72 
-70 -63 -53 -73 -71 
-65 -66 -54 -75 -72 
-68 -63 -54 -75 -69 
-70 -65 -57 -71 -63 
-66 -67 -54 -72 -63 
-66 -65 -53 -71 -63 
-66 -64 -53 -72 -71 
-69 -73 -53 -69 -63 
-67 -71 -53 -74 -64 
-65 -64 -57 -76 -67 
-66 -63 -55 -78 -67 
-65 -68 -53 -75 -71 
-69 -63 -53 -77 -69 
-69 -65 -57 -74 -74 
-66 -74 -54 -78 -68 
-70 -65 -56 -78 -74 
-70 -65 -53 -73 -71 
-69 -64 -52 -77 -69 
-65 -63 -52 -71 -64 
-68 -67 -57 -73 -64 
-70 -66 -53 -78 -73 
-71 -63 -53 -71 -69 
-70 -66 -57 -78 -64 
-71 -72 -54 -71 -69 
-66 -66 -53 -72 -63 
-70 -63 -54 -80 -73 
-65 -68 -54 -72 -73 
-68 -68 -56 -76 -71 
-65 -63 -53 -74 -63 
-69 -67 -53 -80 -71 
-66 -64 -57 -74 -74 
-67 -64 -53 -72 -69 
-67 -65 -53 -74 -68 
-67 -64 -56 -75 -64 
-63 -64 -53 -79 -66 
-68 -71 -54 -77 -73 
-68 -65 -53 -70 -69 
-68 -71 -53 -72 -72 
-64 -67 -54 -80 -70 
-68 -65 -53 -70 -69 
-65 -63 -53 -71 -72 
-63 -64 -54 -75 -64 
-68 -64 -53 -75 -70 
-66 -64 -53 -71 -70 
-69 -65 -53 -75 -72 
-63 -64 -57 -71 -69 
-63 -64 -53 -79 -64 
-69 -65 -54 -71 -69 
-64 -67 -53 -73 -67 
-65 -64 -54 -77 -66 
-63 -64 -53 -75 -72 
-69 -64 -53 -75 -64 
-69 -64 -57 -79 -72 
-63 -64 -53 -71 -64 
-69 -64 -55 -75 -70 
-63 -64 -57 -80 -69 
-67 -68 -54 -77 -69 
-68 -67 -54 -80 -64 
-63 -68 -55 -73 -68 
-68 -71 -55 -77 -72 
-69 -64 -55 -74 -69 
-68 -71 -53 -80 -72 
-69 -71 -53 -75 -68 
-66 -65 -53 -71 -64 
-69 -64 -53 -74 -72 
-68 -68 -55 -81 -68 
-69 -69 -53 -71 -73 
-69 -65 -57 -74 -69 
-63 -71 -53 -81 -73 
-69 -64 -54 -75 -69 
-69 -68 -53 -80 -64 
-69 -64 -57 -71 -73 
-69 -72 -53 -74 -64 
-69 -64 -57 -80 -68 
-69 -64 -53 -75 -64 
-69 -64 -57 -80 -73 
-69 -64 -53 -74 -64 
-63 -65 -57 -80 -73 
-69 -72 -53 -74 -64 
-69 -65 -57 -71 -73 
-69 -64 -53 -75 -63 
-66 -65 -57 -81 -69 
-69 -64 -54 -75 -73 
-63 -72 -54 -77 -69 
-63 -64 -57 -71 -73 
-69 -71 -53 -74 -68 
-69 -72 -53 -75 -71 
-69 -64 -53 -71 -73 
-69 -64 -53 -80 -68 
-63 -72 -55 -71 -66 
-63 -64 -57 -73 -63 
-69 -72 -53 -70 -68 
-66 -64 -55 -76 -73 
-63 -64 -57 -80 -70 
-66 -64 -55 -75 -64 
-62 -64 -55 -74 -68 
-69 -72 -53 -80 -73 
-69 -65 -55 -72 -70 
-69 -72 -57 -74 -73 
-67 -65 -54 -72 -64 
-67 -63 -52 -71 -70 
-67 -68 -54 -78 -71 
-65 -71 -53 -70 -63 
-67 -64 -53 -77 -68 
-66 -70 -58 -72 -72 
-67 -66 -54 -74 -64 
-65 -67 -55 -72 -68 
-65 -63 -54 -76 -70 
-68 -68 -54 -71 -73 
-67 -67 -57 -73 -70 
-66 -64 -54 -76 -64 
-69 -71 -56 -77 -69 
-66 -70 -55 -77 -63 
-68 -64 -56 -72 -71 
-67 -70 -53 -77 -63 
-67 -64 -57 -82 -69 
-67 -71 -53 -76 -63 
-67 -68 -54 -70 -69 
-66 -70 -54 -73 -66 
-69 -71 -55 -70 -66 
-67 -64 -53 -73 -71 
-68 -71 -55 -78 -62 
-65 -70 -55 -82 -62 
-68 -63 -55 -71 -62 
-67 -69 -57 -82 -69 
-69 -63 -53 -72 -72 
-68 -67 -53 -72 -70 
-68 -62 -53 -77 -68 
-68 -66 -53 -72 -63 
-68 -64 -53 -77 -66 
-68 -63 -57 -76 -63 
-66 -68 -53 -72 -68 
-66 -69 -55 -75 -67 
-68 -66 -57 -75 -72 
-70 -63 -54 -84 -63 
-69 -64 -53 -75 -64 
-66 -65 -54 -74 -67 
-66 -67 -55 -79 -73 
-68 -64 -53 -74 -65 
-66 -65 -54 -75 -70 
-67 -65 -54 -75 -66 
-66 -68 -55 -75 -64 
-67 -64 -54 -75 -70 
-66 -64 -54 -72 -68 
-68 -64 -54 -72 -70 
-69 -63 -55 -75 -70 
-72 -65 -57 -72 -68 
-67 -63 -54 -75 -67 
-68 -64 -54 -75 -64 
-66 -66 -54 -72 -73 
-67 -70 -55 -75 -73 
-69 -71 -55 -75 -68 
-66 -63 -53 -72 -64 
-72 -67 -53 -72 -64 
-68 -67 -53 -73 -67 
-72 -70 -53 -74 -68 
-68 -66 -54 -74 -69 
-67 -67 -58 -71 -64 
-67 -70 -53 -75 -66 
-66 -65 -54 -75 -71 
-66 -65 -53 -72 -65 