333 8
-56 -66 -66 -69 -68 
-57 -66 -64 -68 -62 
-57 -68 -67 -68 -75 
-57 -68 -66 -65 -68 
-58 -64 -66 -70 -66 
-56 -68 -65 -71 -61 
-59 -67 -66 -69 -61 
-57 -60 -67 -72 -77 
-57 -68 -68 -69 -61 
-57 -69 -67 -70 -77 
-57 -67 -67 -72 -70 
-58 -59 -69 -69 -61 
-58 -69 -64 -71 -77 
-57 -66 -66 -69 -69 
-57 -69 -69 -68 -62 
-57 -64 -67 -68 -70 
-56 -68 -65 -70 -63 
-59 -66 -66 -66 -68 
-57 -62 -66 -67 -64 
-58 -60 -65 -69 -76 
-56 -69 -66 -68 -67 
-59 -64 -65 -68 -76 
-57 -64 -66 -69 -62 
-57 -62 -65 -67 -68 
-57 -66 -69 -67 -63 
-59 -60 -65 -69 -75 
-57 -64 -66 -67 -59 
-55 -60 -63 -69 -64 
-59 -66 -69 -66 -61 
-59 -63 -64 -69 -62 
-57 -62 -67 -68 -61 
-56 -62 -69 -68 -77 
-56 -60 -65 -65 -77 
-56 -66 -66 -69 -61 
-56 -60 -65 -65 -77 
-57 -68 -66 -69 -63 
-57 -64 -66 -68 -70 
-56 -59 -69 -68 -60 
-56 -64 -69 -67 -77 
-55 -66 -66 -71 -64 
-55 -63 -64 -69 -61 
-55 -60 -68 -68 -64 
-59 -69 -66 -72 -77 
-57 -68 -65 -71 -70 
-56 -66 -66 -67 -61 
-59 -69 -68 -72 -77 
-56 -60 -65 -69 -64 
-57 -67 -64 -69 -70 
-56 -69 -65 -71 -76 
-57 -64 -67 -67 -63 
-57 -60 -68 -71 -61 
-57 -64 -65 -69 -64 
-56 -60 -65 -70 -70 
-59 -67 -67 -69 -65 
-56 -66 -66 -65 -76 
-58 -60 -65 -71 -62 
-56 -63 -65 -69 -60 
-58 -66 -65 -68 -64 
-56 -64 -65 -69 -76 
-55 -64 -66 -71 -64 
-55 -60 -68 -69 -62 
-57 -69 -68 -69 -64 
-59 -60 -66 -68 -76 
-57 -69 -68 -69 -61 
-59 -60 -65 -67 -76 
-55 -66 -65 -69 -63 
-59 -69 -65 -70 -62 
-58 -64 -65 -71 -69 
-56 -63 -68 -67 -76 
-57 -60 -65 -68 -63 
-55 -67 -66 -65 -76 
-55 -60 -65 -70 -60 
-56 -65 -66 -69 -68 
-58 -69 -67 -68 -62 
-56 -60 -65 -70 -62 
-55 -60 -64 -71 -61 
-57 -66 -66 -69 -64 
-56 -60 -63 -67 -70 
-58 -66 -68 -69 -76 
-57 -69 -66 -67 -69 
-59 -60 -68 -71 -76 
-55 -63 -65 -68 -70 
-57 -66 -66 -70 -64 
-56 -60 -65 -68 -62 
-55 -65 -66 -72 -75 
-57 -62 -65 -70 -61 
-57 -67 -63 -71 -68 
-58 -64 -66 -68 -62 
-55 -60 -66 -69 -62 
-57 -66 -68 -70 -64 
-56 -64 -65 -65 -68 
-55 -60 -65 -68 -62 
-57 -68 -65 -69 -61 
-55 -60 -68 -67 -64 
-56 -60 -65 -69 -61 
-58 -68 -69 -68 -62 
-55 -60 -65 -69 -76 
-57 -66 -65 -69 -63 
-55 -60 -68 -68 -77 
-58 -60 -65 -68 -64 
-55 -60 -67 -67 -70 
-58 -69 -68 -65 -62 
-56 -63 -66 -68 -67 
-56 -60 -65 -69 -62 
-56 -62 -65 -70 -63 
-57 -67 -66 -68 -70 
-56 -66 -68 -67 -75 
-57 -68 -65 -71 -62 
-56 -65 -66 -67 -67 
-55 -63 -65 -66 -61 
-55 -63 -68 -71 -65 
-55 -69 -65 -65 -68 
-56 -69 -66 -68 -70 
-55 -66 -66 -72 -64 
-56 -64 -64 -68 -62 
-56 -63 -65 -72 -64 
-55 -64 -67 -67 -62 
-56 -65 -63 -72 -64 
-55 -60 -67 -67 -62 
-58 -65 -66 -68 -75 
-57 -67 -66 -69 -67 
-58 -65 -66 -67 -65 
-56 -67 -68 -68 -65 
-56 -65 -65 -67 -61 
-59 -68 -67 -71 -62 
-56 -63 -64 -69 -61 
-56 -66 -65 -68 -64 
-57 -60 -67 -69 -62 
-58 -63 -66 -70 -71 
-58 -65 -65 -70 -69 
-59 -69 -68 -65 -64 
-58 -69 -66 -69 -69 
-56 -69 -66 -69 -69 
-57 -60 -67 -69 -76 
-55 -65 -65 -72 -60 
-57 -60 -68 -68 -61 
-56 -63 -66 -69 -64 
-57 -63 -67 -71 -77 
-58 -70 -66 -69 -63 
-56 -66 -68 -69 -59 
-55 -60 -66 -70 -64 
-56 -64 -68 -69 -59 
-55 -60 -66 -68 -64 
-57 -66 -65 -69 -62 
-57 -62 -69 -66 -70 
-57 -60 -66 -69 -62 
-58 -63 -68 -66 -68 
-57 -60 -66 -69 -64 
-56 -69 -65 -67 -76 
-55 -60 -68 -68 -64 
-56 -65 -67 -71 -76 
-55 -62 -65 -69 -62 
-58 -60 -65 -67 -63 
-56 -60 -67 -70 -62 
-58 -69 -65 -70 -76 
-58 -64 -67 -69 -62 
-57 -68 -69 -71 -76 
-58 -65 -66 -68 -62 
-55 -64 -66 -69 -62 
-57 -69 -69 -67 -76 
-55 -60 -66 -69 -64 
-57 -69 -69 -67 -77 
-57 -60 -69 -69 -64 
-58 -69 -66 -67 -68 
-55 -65 -67 -70 -67 
-56 -65 -67 -69 -69 
-55 -69 -66 -69 -64 
-57 -60 -69 -71 -76 
-55 -65 -65 -67 -64 
-56 -62 -67 -70 -64 
-56 -64 -69 -65 -62 
-57 -63 -64 -69 -75 
-56 -69 -69 -65 -62 
-57 -65 -68 -68 -70 
-56 -65 -67 -68 -70 
-55 -68 -67 -67 -77 
-56 -65 -67 -69 -60 
-56 -60 -69 -66 -62 
-55 -65 -67 -69 -64 
-58 -60 -69 -67 -61 
-56 -64 -67 -69 -62 
-56 -68 -66 -69 -64 
-55 -60 -64 -67 -62 
-55 -65 -66 -69 -76 
-55 -60 -65 -68 -62 
-56 -64 -66 -68 -60 
-58 -65 -69 -69 -67 
-54 -63 -65 -71 -69 
-55 -64 -65 -70 -62 
-57 -65 -69 -69 -76 
-56 -61 -66 -65 -76 
-55 -61 -67 -71 -62 
-56 -62 -68 -65 -60 
-55 -68 -66 -68 -62 
-57 -65 -65 -67 -76 
-56 -66 -65 -71 -68 
-57 -69 -69 -68 -62 
-56 -62 -66 -70 -69 
-56 -66 -65 -65 -70 
-55 -64 -67 -64 -63 
-57 -69 -68 -69 -66 
-55 -69 -66 -67 -60 
-58 -69 -65 -68 -62 
-56 -62 -67 -68 -62 
-55 -67 -66 -68 -61 
-58 -64 -69 -68 -61 
-55 -69 -67 -71 -62 
-55 -65 -69 -68 -64 
-54 -67 -66 -70 -63 
-57 -60 -68 -70 -72 
-54 -65 -66 -75 -68 
-54 -64 -70 -68 -69 
-54 -69 -67 -73 -63 
-59 -64 -69 -69 -69 
-74 -69 -70 -69 -68 
-63 -70 -69 -80 -65 
-73 -65 -71 -69 -80 
-62 -84 -78 -65 -87 
-65 -60 -69 -69 -65 
-65 -62 -69 -68 -83 
-75 -61 -73 -69 -64 
-65 -70 -73 -66 -64 
-72 -61 -69 -68 -65 
-63 -71 -68 -73 -64 
-73 -63 -67 -66 -76 
-59 -63 -67 -72 -63 
-64 -69 -69 -67 -72 
-61 -66 -68 -69 -68 
-57 -66 -66 -74 -63 
-60 -66 -66 -72 -76 
-57 -63 -67 -68 -76 
-60 -68 -68 -80 -65 
-62 -69 -69 -68 -62 
-70 -65 -68 -67 -72 
-59 -69 -68 -72 -77 
-69 -63 -69 -65 -64 
-71 -69 -67 -69 -65 
-61 -75 -74 -67 -63 
-65 -60 -75 -71 -80 
-64 -71 -77 -70 -62 
-61 -61 -73 -70 -63 
-60 -67 -71 -69 -79 
-70 -66 -75 -68 -68 
-69 -66 -69 -70 -73 
-69 -68 -68 -67 -71 
-68 -70 -69 -71 -67 
-69 -64 -69 -68 -67 
-68 -59 -69 -70 -66 
-69 -68 -75 -68 -63 
-69 -66 -72 -71 -67 
-63 -60 -70 -67 -65 
-69 -72 -71 -71 -63 
-62 -60 -69 -68 -79 
-69 -71 -76 -67 -63 
-62 -60 -69 -68 -80 
-66 -72 -69 -72 -63 
-61 -72 -69 -68 -80 
-70 -68 -76 -67 -67 
-67 -68 -69 -71 -66 
-65 -60 -69 -66 -64 
-61 -64 -69 -68 -65 
-64 -72 -70 -67 -79 
-69 -70 -76 -68 -79 
-68 -60 -70 -67 -63 
-70 -71 -77 -71 -79 
-68 -66 -70 -71 -63 
-68 -61 -70 -68 -80 
-69 -72 -77 -68 -63 
-68 -61 -76 -68 -64 
-68 -68 -70 -69 -80 
-70 -72 -77 -66 -63 
-66 -61 -76 -68 -63 
-61 -61 -69 -69 -80 
-70 -72 -76 -71 -63 
-65 -64 -69 -71 -73 
-66 -66 -70 -68 -73 
-66 -64 -70 -69 -61 
-68 -66 -69 -68 -73 
-62 -70 -70 -69 -80 
-67 -67 -69 -67 -65 
-68 -67 -76 -68 -80 
-68 -60 -72 -68 -73 
-68 -67 -70 -69 -66 
-69 -65 -76 -68 -64 
-62 -65 -70 -71 -63 
-69 -68 -76 -68 -66 
-62 -61 -70 -71 -78 
-65 -64 -70 -71 -70 
-66 -69 -67 -69 -66 
-64 -68 -77 -68 -72 
-68 -72 -69 -67 -66 
-67 -62 -70 -67 -63 
-71 -71 -70 -68 -66 
-62 -67 -70 -66 -66 
-70 -60 -73 -69 -78 
-67 -66 -69 -68 -63 
-71 -67 -69 -68 -72 
-65 -66 -69 -68 -63 
-65 -66 -69 -69 -63 
-62 -70 -69 -67 -66 
-65 -72 -75 -68 -63 
-65 -60 -77 -67 -71 
-68 -73 -70 -69 -66 
-65 -67 -73 -66 -65 
-62 -64 -69 -69 -63 
-65 -66 -69 -70 -79 
-68 -60 -67 -70 -62 
-64 -68 -70 -67 -79 
-61 -72 -72 -68 -63 
-68 -60 -70 -68 -79 
-69 -68 -74 -69 -64 
-60 -68 -68 -66 -80 
-69 -71 -70 -68 -80 
-62 -61 -71 -65 -63 
-68 -71 -69 -69 -80 
-62 -60 -75 -71 -63 
-69 -72 -69 -68 -66 
-65 -61 -69 -71 -72 
-62 -68 -76 -71 -79 
-66 -60 -69 -69 -65 
-68 -65 -74 -70 -67 
-64 -65 -74 -68 -67 
-66 -68 -75 -67 -63 
-62 -61 -72 -69 -68 
-67 -72 -77 -65 -62 
-61 -61 -72 -68 -77 
-67 -66 -71 -68 -68 
-68 -68 -69 -68 -63 
-67 -61 -70 -69 -65 
-61 -66 -76 -68 -63 
-67 -61 -70 -69 -63 
-67 -63 -69 -68 -67 
-70 -68 -70 -68 -63 