311 9
-65 -73 -71 -70 -72 
-66 -70 -65 -80 -71 
-67 -70 -69 -69 -71 
-65 -71 -71 -71 -72 
-64 -70 -65 -69 -71 
-65 -71 -68 -69 -71 
-66 -70 -69 -71 -71 
-66 -71 -71 -70 -76 
-65 -73 -65 -70 -72 
-66 -71 -68 -71 -72 
-66 -72 -69 -70 -81 
-66 -71 -71 -81 -73 
-66 -73 -69 -70 -81 
-66 -71 -70 -76 -77 
-65 -71 -68 -71 -73 
-65 -71 -64 -76 -76 
-67 -73 -69 -70 -80 
-65 -71 -66 -69 -73 
-67 -73 -71 -70 -72 
-65 -71 -65 -70 -72 
-64 -71 -68 -70 -79 
-65 -73 -71 -82 -72 
-65 -71 -70 -71 -72 
-65 -69 -69 -70 -74 
-65 -69 -71 -81 -78 
-67 -72 -64 -70 -74 
-66 -71 -69 -71 -74 
-65 -71 -67 -70 -77 
-66 -71 -71 -70 -75 
-67 -73 -67 -72 -74 
-66 -72 -67 -72 -75 
-65 -71 -65 -70 -78 
-65 -73 -69 -71 -73 
-65 -70 -65 -82 -79 
-65 -70 -69 -71 -72 
-65 -73 -70 -77 -76 
-65 -71 -65 -82 -72 
-65 -73 -69 -71 -80 
-65 -71 -69 -71 -72 
-65 -73 -65 -70 -81 
-65 -73 -71 -70 -76 
-66 -73 -70 -70 -77 
-65 -71 -65 -83 -72 
-67 -73 -69 -70 -84 
-65 -70 -68 -70 -71 
-67 -73 -65 -71 -72 
-65 -71 -71 -82 -71 
-67 -69 -65 -70 -71 
-66 -70 -68 -70 -71 
-65 -71 -69 -70 -72 
-67 -72 -71 -70 -71 
-67 -70 -68 -70 -72 
-66 -71 -68 -70 -82 
-66 -72 -69 -71 -77 
-66 -72 -71 -71 -73 
-65 -72 -69 -72 -76 
-66 -72 -68 -71 -72 
-66 -70 -71 -70 -73 
-65 -73 -69 -72 -72 
-66 -72 -64 -70 -74 
-65 -72 -70 -70 -72 
-66 -73 -69 -82 -80 
-66 -72 -69 -70 -76 
-66 -72 -71 -82 -76 
-65 -71 -68 -70 -74 
-65 -72 -65 -71 -71 
-66 -70 -68 -74 -71 
-65 -70 -66 -71 -72 
-65 -71 -65 -82 -83 
-65 -71 -69 -70 -72 
-65 -70 -71 -82 -76 
-65 -71 -71 -70 -76 
-66 -71 -69 -71 -72 
-66 -70 -66 -70 -72 
-65 -73 -69 -83 -80 
-66 -71 -71 -70 -72 
-65 -70 -70 -70 -72 
-65 -73 -65 -71 -73 
-65 -71 -69 -71 -80 
-65 -70 -65 -70 -71 
-65 -73 -65 -83 -82 
-65 -70 -71 -71 -71 
-66 -71 -71 -83 -71 
-65 -71 -68 -70 -72 
-65 -72 -68 -70 -82 
-66 -70 -65 -83 -72 
-65 -71 -71 -70 -83 
-67 -73 -66 -84 -72 
-65 -71 -67 -70 -72 
-67 -72 -65 -70 -71 
-66 -71 -70 -70 -78 
-66 -70 -71 -84 -84 
-65 -70 -67 -70 -71 
-67 -70 -66 -70 -77 
-65 -71 -70 -70 -71 
-65 -70 -68 -71 -71 
-65 -72 -70 -71 -71 
-64 -70 -69 -83 -82 
-66 -72 -65 -70 -71 
-65 -72 -69 -84 -71 
-65 -71 -66 -69 -71 
-65 -72 -71 -84 -71 
-66 -71 -65 -69 -87 
-65 -69 -71 -70 -72 
-67 -69 -70 -84 -87 
-65 -72 -69 -70 -72 
-65 -70 -65 -70 -79 
-66 -70 -68 -69 -71 
-66 -71 -65 -84 -72 
-68 -71 -68 -70 -87 
-66 -72 -69 -70 -72 
-67 -72 -65 -70 -72 
-66 -71 -71 -70 -72 
-65 -71 -69 -77 -83 
-67 -72 -71 -71 -72 
-66 -71 -65 -83 -71 
-67 -72 -71 -71 -71 
-67 -72 -70 -69 -78 
-65 -71 -66 -84 -85 
-66 -72 -71 -69 -72 
-65 -72 -71 -69 -71 
-66 -71 -70 -69 -71 
-66 -71 -66 -69 -71 
-66 -71 -70 -70 -71 
-66 -69 -70 -70 -71 
-66 -71 -70 -70 -72 
-65 -70 -70 -69 -76 
-66 -71 -68 -70 -84 
-66 -72 -67 -83 -72 
-65 -70 -68 -70 -78 
-67 -71 -69 -83 -84 
-66 -69 -65 -69 -71 
-66 -69 -65 -70 -84 
-66 -71 -70 -69 -82 
-67 -72 -66 -70 -71 
-66 -72 -71 -69 -83 
-66 -71 -68 -69 -72 
-67 -69 -67 -70 -71 
-66 -72 -70 -69 -75 
-65 -71 -69 -83 -71 
-66 -72 -65 -69 -72 
-66 -69 -67 -74 -71 
-65 -72 -69 -83 -85 
-66 -69 -66 -70 -72 
-65 -71 -70 -70 -83 
-66 -72 -69 -69 -71 
-67 -71 -65 -70 -85 
-66 -69 -70 -69 -76 
-66 -72 -67 -70 -71 
-65 -72 -70 -69 -85 
-66 -72 -71 -84 -71 
-66 -72 -68 -69 -71 
-66 -71 -67 -69 -72 
-65 -71 -67 -77 -72 
-67 -70 -68 -69 -71 
-65 -70 -71 -69 -70 
-67 -72 -69 -69 -70 
-67 -72 -71 -84 -71 
-67 -70 -71 -69 -71 
-66 -71 -70 -70 -79 
-65 -72 -67 -84 -72 
-65 -72 -68 -69 -70 
-66 -72 -67 -70 -70 
-65 -71 -68 -77 -70 
-66 -71 -70 -78 -71 
-67 -70 -70 -68 -71 
-69 -71 -72 -92 -70 
-69 -70 -70 -77 -80 
-69 -68 -68 -75 -80 
-68 -69 -70 -69 -70 
-66 -66 -68 -72 -74 
-66 -67 -67 -67 -82 
-81 -69 -72 -65 -68 
-67 -70 -69 -67 -69 
-62 -69 -69 -71 -72 
-64 -68 -68 -68 -69 
-68 -68 -67 -68 -75 
-68 -69 -67 -68 -72 
-71 -68 -70 -73 -72 
-67 -71 -67 -73 -75 
-66 -69 -69 -73 -73 
-71 -68 -70 -69 -76 
-66 -71 -71 -73 -77 
-70 -70 -67 -69 -73 
-70 -72 -70 -72 -73 
-73 -68 -69 -73 -78 
-69 -72 -70 -71 -74 
-69 -72 -69 -73 -71 
-66 -69 -69 -74 -69 
-67 -72 -67 -73 -81 
-73 -71 -71 -73 -80 
-70 -72 -71 -73 -68 
-66 -70 -70 -74 -79 
-70 -69 -70 -71 -73 
-66 -68 -71 -71 -69 
-65 -69 -69 -68 -73 
-64 -66 -72 -78 -72 
-70 -70 -67 -71 -85 
-71 -71 -73 -73 -68 
-64 -75 -67 -81 -71 
-68 -79 -68 -71 -78 
-66 -69 -70 -87 -73 
-65 -74 -65 -68 -75 
-67 -73 -72 -72 -74 
-69 -76 -68 -74 -72 
-69 -74 -69 -74 -74 
-69 -73 -70 -68 -72 
-68 -74 -71 -68 -71 
-70 -74 -70 -78 -78 
-71 -74 -68 -68 -72 
-68 -74 -70 -78 -72 
-72 -75 -69 -68 -72 
-67 -74 -73 -78 -77 
-72 -77 -67 -68 -75 
-67 -71 -71 -78 -70 
-67 -72 -70 -75 -71 
-69 -74 -71 -69 -77 
-67 -69 -71 -70 -78 
-69 -69 -72 -70 -72 
-67 -71 -70 -65 -76 
-67 -67 -72 -65 -67 
-66 -71 -68 -71 -74 
-65 -70 -72 -69 -74 
-64 -71 -75 -72 -76 
-65 -70 -69 -68 -69 
-65 -71 -69 -68 -75 
-65 -69 -69 -68 -73 
-64 -69 -68 -67 -72 
-64 -70 -68 -66 -76 
-65 -74 -68 -74 -86 
-65 -70 -68 -66 -72 
-65 -70 -69 -70 -73 
-65 -70 -69 -70 -72 
-67 -70 -77 -69 -72 
-65 -75 -69 -64 -73 
-67 -70 -77 -69 -87 
-63 -75 -71 -73 -74 
-65 -72 -75 -76 -75 
-65 -71 -72 -71 -75 
-67 -72 -71 -80 -74 
-67 -71 -67 -66 -73 
-66 -71 -71 -74 -74 
-65 -73 -69 -73 -72 
-66 -72 -71 -69 -75 
-65 -70 -71 -67 -76 
-64 -73 -71 -69 -77 
-64 -70 -67 -70 -74 
-68 -72 -75 -74 -77 
-64 -69 -70 -67 -74 
-66 -72 -74 -72 -77 
-65 -75 -69 -66 -75 
-69 -70 -67 -71 -77 
-68 -72 -69 -68 -74 
-67 -67 -74 -66 -72 
-63 -67 -73 -72 -79 
-66 -70 -66 -71 -74 
-66 -74 -76 -74 -70 
-65 -71 -67 -71 -72 
-65 -71 -75 -74 -71 
-65 -71 -71 -74 -71 
-64 -70 -73 -72 -77 
-65 -72 -70 -70 -75 
-64 -70 -73 -68 -73 
-65 -68 -67 -72 -70 
-64 -72 -68 -70 -73 
-65 -67 -72 -68 -73 
-63 -69 -68 -74 -74 
-66 -68 -70 -74 -71 
-66 -71 -69 -74 -73 
-63 -74 -74 -66 -71 
-64 -68 -75 -66 -72 
-66 -72 -69 -74 -74 
-63 -71 -75 -80 -76 
-64 -71 -69 -74 -76 
-65 -72 -75 -75 -74 
-63 -71 -69 -66 -77 
-64 -70 -71 -77 -79 
-61 -69 -67 -70 -69 
-62 -69 -74 -68 -77 
-62 -71 -74 -74 -75 
-63 -71 -72 -74 -73 
-63 -72 -69 -66 -75 
-64 -73 -76 -74 -75 
-66 -71 -68 -66 -72 
-64 -73 -73 -76 -75 
-64 -71 -70 -71 -76 
-65 -72 -68 -66 -72 
-65 -72 -68 -74 -77 
-64 -70 -68 -70 -74 
-65 -74 -74 -67 -76 
-66 -70 -69 -74 -72 
-66 -70 -75 -68 -72 
-67 -75 -72 -67 -79 
-73 -77 -69 -65 -74 
-66 -73 -68 -67 -75 
-65 -70 -71 -69 -79 
-69 -73 -70 -67 -82 
-67 -78 -70 -69 -77 
-68 -70 -69 -65 -78 
-70 -77 -74 -73 -76 
-70 -71 -69 -64 -77 
-67 -76 -71 -73 -77 
-69 -77 -71 -68 -76 
-66 -71 -67 -65 -77 
-67 -73 -72 -64 -74 
-66 -70 -71 -73 -76 
-65 -69 -69 -72 -73 
-65 -69 -75 -71 -74 
-66 -70 -71 -72 -76 
-66 -73 -71 -69 -78 
-67 -74 -70 -70 -77 