2016-05-19 23:21:33.656597 -65 -54 -58 -61 -59 
2016-05-19 23:21:33.761610 -61 -60 -53 -74 -64 
2016-05-19 23:21:33.862619 -57 -47 -53 -62 -56 
2016-05-19 23:21:33.970633 -71 -58 -51 -62 -56 
2016-05-19 23:21:34.075653 -69 -45 -54 -64 -58 
2016-05-19 23:21:34.178660 -54 -59 -62 -66 -65 
2016-05-19 23:21:34.280673 -65 -46 -59 -57 -61 
2016-05-19 23:21:34.452692 -52 -61 -71 -60 -62 
2016-05-19 23:21:34.585713 -60 -57 -55 -62 -58 
2016-05-19 23:21:34.692717 -65 -49 -49 -69 -61 
2016-05-19 23:21:34.906751 -62 -58 -46 -59 -65 
2016-05-19 23:21:35.011765 -57 -61 -48 -63 -59 
2016-05-19 23:21:35.117783 -59 -51 -61 -60 -58 
2016-05-19 23:21:35.218788 -70 -49 -49 -60 -63 
2016-05-19 23:21:35.322799 -63 -51 -47 -63 -60 
2016-05-19 23:21:35.529829 -61 -57 -56 -62 -59 
2016-05-19 23:21:35.743857 -59 -51 -49 -63 -59 
2016-05-19 23:21:35.851874 -76 -51 -48 -63 -69 
2016-05-19 23:21:36.055897 -56 -53 -53 -69 -58 
2016-05-19 23:21:36.166917 -63 -57 -47 -57 -66 
2016-05-19 23:21:36.273927 -58 -58 -63 -56 -57 
2016-05-19 23:21:36.459951 -67 -55 -49 -58 -66 
2016-05-19 23:21:36.669978 -63 -58 -50 -66 -71 
2016-05-19 23:21:36.774992 -59 -60 -48 -63 -66 
2016-05-19 23:21:36.971018 -67 -55 -53 -61 -65 
2016-05-19 23:21:37.077035 -65 -59 -49 -65 -66 
2016-05-19 23:21:37.181057 -57 -52 -60 -55 -62 
2016-05-19 23:21:37.316063 -63 -52 -56 -56 -63 
2016-05-19 23:21:37.422080 -83 -54 -53 -52 -59 
2016-05-19 23:21:37.585097 -69 -56 -54 -52 -64 
2016-05-19 23:21:37.757123 -59 -54 -53 -59 -58 
2016-05-19 23:21:38.032159 -63 -54 -51 -60 -62 
2016-05-19 23:21:38.139170 -57 -59 -50 -57 -64 
2016-05-19 23:21:38.247188 -66 -57 -51 -57 -66 
2016-05-19 23:21:38.353204 -62 -54 -53 -59 -68 
2016-05-19 23:21:38.454219 -61 -57 -52 -61 -60 
2016-05-19 23:21:38.554231 -59 -56 -53 -55 -65 
2016-05-19 23:21:38.662250 -68 -54 -52 -61 -66 
2016-05-19 23:21:38.768257 -65 -54 -54 -58 -62 
2016-05-19 23:21:38.875273 -56 -53 -56 -60 -70 
2016-05-19 23:21:38.981287 -73 -54 -61 -58 -64 
2016-05-19 23:21:39.194315 -62 -60 -56 -60 -63 
2016-05-19 23:21:39.315324 -62 -57 -57 -55 -66 
2016-05-19 23:21:39.412341 -63 -55 -54 -59 -62 
2016-05-19 23:21:39.515350 -64 -61 -57 -54 -65 
2016-05-19 23:21:39.620363 -65 -57 -56 -60 -65 
2016-05-19 23:21:39.807392 -59 -58 -60 -57 -64 
2016-05-19 23:21:39.912405 -64 -59 -52 -60 -63 
2016-05-19 23:21:40.014416 -61 -57 -54 -61 -62 
2016-05-19 23:21:40.148430 -61 -61 -51 -60 -65 
2016-05-19 23:21:40.332460 -60 -59 -55 -58 -71 
2016-05-19 23:21:40.435470 -65 -58 -55 -60 -64 
2016-05-19 23:21:40.540484 -63 -58 -59 -59 -69 
2016-05-19 23:21:40.646498 -59 -53 -54 -60 -66 
2016-05-19 23:21:40.750511 -63 -57 -55 -58 -63 
2016-05-19 23:21:40.962543 -60 -68 -61 -60 -65 
2016-05-19 23:21:41.065552 -63 -66 -57 -61 -61 
2016-05-19 23:21:41.163566 -60 -58 -53 -59 -63 
2016-05-19 23:21:41.308587 -62 -58 -52 -59 -60 
2016-05-19 23:21:41.418596 -58 -67 -54 -62 -68 
2016-05-19 23:21:41.622628 -58 -62 -52 -62 -63 
2016-05-19 23:21:41.727642 -61 -58 -54 -55 -68 
2016-05-19 23:21:41.979671 -62 -62 -57 -59 -68 
2016-05-19 23:21:42.158692 -65 -55 -56 -59 -64 
2016-05-19 23:21:42.372727 -67 -56 -60 -62 -68 
2016-05-19 23:21:42.526743 -62 -58 -54 -62 -64 
2016-05-19 23:21:42.782780 -61 -56 -56 -63 -65 
2016-05-19 23:21:42.989803 -62 -60 -54 -61 -65 
2016-05-19 23:21:43.150825 -62 -60 -53 -60 -65 
2016-05-19 23:21:43.308842 -66 -55 -54 -59 -63 
2016-05-19 23:21:43.412871 -65 -58 -55 -62 -63 
2016-05-19 23:21:43.568925 -66 -59 -56 -60 -66 
2016-05-19 23:21:43.670900 -63 -57 -56 -64 -62 
2016-05-19 23:21:43.775914 -68 -54 -51 -61 -64 
2016-05-19 23:21:43.879927 -63 -57 -54 -63 -64 
2016-05-19 23:21:44.050950 -66 -55 -55 -60 -62 
2016-05-19 23:21:44.153960 -70 -59 -53 -62 -64 
2016-05-19 23:21:44.254977 -65 -54 -54 -62 -66 
2016-05-19 23:21:44.362000 -59 -59 -53 -60 -60 
2016-05-19 23:21:44.572011 -66 -57 -62 -70 -66 
2016-05-19 23:21:44.673028 -62 -61 -52 -61 -61 
2016-05-19 23:21:44.781037 -62 -70 -53 -72 -63 
2016-05-19 23:21:44.889049 -59 -51 -58 -68 -63 
2016-05-19 23:21:45.101080 -62 -55 -57 -60 -68 
2016-05-19 23:21:45.305106 -66 -51 -62 -62 -65 
2016-05-19 23:21:45.413125 -60 -53 -57 -57 -56 
2016-05-19 23:21:45.622147 -68 -60 -51 -52 -66 
2016-05-19 23:21:45.727161 -74 -60 -58 -59 -71 
2016-05-19 23:21:45.830175 -62 -51 -57 -51 -77 
2016-05-19 23:21:45.972193 -62 -47 -62 -68 -74 
2016-05-19 23:21:46.078210 -59 -55 -66 -62 -62 
2016-05-19 23:21:46.189218 -68 -56 -59 -54 -77 
2016-05-19 23:21:46.390247 -60 -57 -65 -58 -65 
2016-05-19 23:21:46.498266 -75 -53 -78 -57 -69 
2016-05-19 23:21:46.600275 -66 -53 -61 -65 -60 
2016-05-19 23:21:46.812302 -62 -60 -62 -59 -64 
2016-05-19 23:21:46.921318 -66 -53 -71 -48 -86 
2016-05-19 23:21:47.033335 -63 -49 -59 -52 -68 
2016-05-19 23:21:47.138349 -65 -51 -69 -46 -61 
2016-05-19 23:21:47.348376 -64 -49 -61 -56 -74 
2016-05-19 23:21:47.561401 -71 -51 -60 -60 -65 
2016-05-19 23:21:47.667415 -74 -48 -66 -64 -67 
2016-05-19 23:21:47.771428 -61 -53 -59 -54 -80 
2016-05-19 23:21:47.976455 -64 -56 -62 -57 -61 
2016-05-19 23:21:48.083473 -59 -52 -58 -55 -72 
2016-05-19 23:21:48.185483 -65 -68 -62 -61 -62 
2016-05-19 23:21:48.293500 -64 -59 -58 -55 -65 
2016-05-19 23:21:48.489520 -60 -60 -61 -62 -71 
2016-05-19 23:21:48.696549 -63 -52 -56 -62 -69 
2016-05-19 23:21:48.801563 -61 -48 -58 -58 -63 
2016-05-19 23:21:48.901703 -60 -54 -62 -63 -66 
2016-05-19 23:21:49.007590 -65 -46 -62 -55 -68 
2016-05-19 23:21:49.112603 -63 -52 -54 -72 -69 
2016-05-19 23:21:49.221618 -69 -45 -64 -60 -67 
2016-05-19 23:21:49.426645 -70 -52 -56 -66 -77 
2016-05-19 23:21:49.527658 -67 -48 -62 -67 -69 
2016-05-19 23:21:49.629671 -65 -50 -61 -54 -60 
2016-05-19 23:21:49.737685 -62 -46 -56 -63 -63 
2016-05-19 23:21:49.843703 -65 -46 -77 -53 -62 
2016-05-19 23:21:49.946712 -62 -47 -57 -60 -61 
2016-05-19 23:21:50.056726 -62 -56 -65 -69 -62 
2016-05-19 23:21:50.199743 -76 -54 -65 -57 -68 
2016-05-19 23:21:50.376768 -68 -49 -60 -61 -62 
2016-05-19 23:21:50.588800 -64 -47 -62 -65 -65 
2016-05-19 23:21:50.697810 -60 -46 -71 -72 -63 
2016-05-19 23:21:50.816826 -63 -48 -54 -60 -63 
2016-05-19 23:21:50.924837 -58 -47 -62 -65 -71 
2016-05-19 23:21:51.030854 -61 -46 -57 -55 -65 
2016-05-19 23:21:51.249879 -66 -48 -56 -60 -62 
2016-05-19 23:21:51.352896 -61 -47 -58 -60 -79 
2016-05-19 23:21:51.456910 -68 -50 -58 -54 -61 
2016-05-19 23:21:51.558945 -65 -48 -58 -60 -81 
2016-05-19 23:21:51.841960 -63 -52 -60 -62 -68 
2016-05-19 23:21:51.949971 -59 -50 -59 -64 -69 
2016-05-19 23:21:52.053992 -66 -52 -63 -59 -64 
2016-05-19 23:21:52.159999 -61 -51 -59 -67 -68 
2016-05-19 23:21:52.265012 -61 -52 -62 -58 -59 
2016-05-19 23:21:52.478042 -60 -51 -58 -67 -57 
2016-05-19 23:21:52.603076 -63 -53 -59 -59 -65 
2016-05-19 23:21:52.807085 -64 -52 -57 -61 -60 
2016-05-19 23:21:53.028114 -64 -56 -58 -62 -66 
2016-05-19 23:21:53.130125 -63 -52 -56 -59 -63 
2016-05-19 23:21:53.231141 -65 -54 -58 -58 -67 
2016-05-19 23:21:53.438168 -59 -58 -58 -63 -57 
2016-05-19 23:21:53.539186 -62 -57 -77 -58 -61 
2016-05-19 23:21:53.641196 -61 -52 -67 -63 -66 
2016-05-19 23:21:53.748209 -70 -62 -60 -52 -66 
2016-05-19 23:21:53.850220 -74 -54 -56 -59 -70 
2016-05-19 23:21:53.955233 -63 -57 -64 -54 -64 
2016-05-19 23:21:54.043249 -61 -58 -54 -59 -63 
2016-05-19 23:21:54.152262 -60 -68 -65 -59 -64 
2016-05-19 23:21:54.257276 -57 -55 -61 -67 -64 
2016-05-19 23:21:54.358288 -60 -60 -60 -62 -66 
2016-05-19 23:21:54.461302 -61 -55 -53 -62 -61 
2016-05-19 23:21:54.701334 -62 -57 -60 -56 -67 
2016-05-19 23:21:54.900372 -63 -56 -59 -58 -71 
2016-05-19 23:21:55.111387 -65 -53 -61 -55 -73 
2016-05-19 23:21:55.224405 -56 -54 -61 -55 -65 
2016-05-19 23:21:55.434432 -71 -53 -58 -58 -80 
2016-05-19 23:21:55.541446 -66 -54 -65 -60 -66 
2016-05-19 23:21:55.749474 -69 -59 -62 -58 -60 
2016-05-19 23:21:55.854487 -60 -52 -65 -55 -63 
2016-05-19 23:21:55.962498 -72 -59 -69 -53 -61 
2016-05-19 23:21:56.065509 -61 -54 -65 -55 -63 
2016-05-19 23:21:56.170522 -71 -57 -69 -56 -60 
2016-05-19 23:21:56.276540 -56 -50 -71 -53 -65 
2016-05-19 23:21:56.381553 -59 -60 -66 -54 -63 
2016-05-19 23:21:56.594584 -58 -52 -57 -52 -63 
2016-05-19 23:21:56.699618 -57 -57 -61 -61 -69 
2016-05-19 23:21:57.110645 -67 -53 -59 -56 -63 
2016-05-19 23:21:57.325673 -69 -54 -62 -66 -66 
2016-05-19 23:21:57.529706 -62 -51 -56 -65 -69 
2016-05-19 23:21:57.833746 -64 -51 -69 -56 -63 
2016-05-19 23:21:57.935753 -65 -59 -68 -52 -59 
2016-05-19 23:21:58.041770 -53 -57 -63 -59 -65 
2016-05-19 23:21:58.149788 -65 -49 -64 -51 -59 
2016-05-19 23:21:58.364816 -60 -52 -62 -54 -71 
2016-05-19 23:21:58.571842 -60 -66 -63 -54 -70 
2016-05-19 23:21:58.780881 -60 -57 -63 -51 -67 
2016-05-19 23:21:58.990891 -63 -55 -64 -52 -68 
2016-05-19 23:21:59.097907 -57 -51 -66 -52 -65 
2016-05-19 23:21:59.296934 -61 -53 -61 -55 -69 
2016-05-19 23:21:59.406960 -58 -55 -62 -58 -67 
2016-05-19 23:21:59.512962 -63 -52 -66 -52 -62 
2016-05-19 23:21:59.618975 -55 -51 -72 -54 -66 
2016-05-19 23:21:59.723989 -60 -53 -65 -51 -63 
2016-05-19 23:21:59.921012 -57 -54 -68 -55 -69 
2016-05-19 23:22:00.024058 -68 -59 -62 -55 -70 
2016-05-19 23:22:00.167047 -57 -53 -70 -62 -67 
2016-05-19 23:22:00.269060 -69 -51 -66 -58 -62 
2016-05-19 23:22:00.453085 -64 -57 -64 -60 -66 
2016-05-19 23:22:00.580105 -62 -52 -71 -53 -67 
2016-05-19 23:22:00.684115 -61 -58 -59 -54 -67 
2016-05-19 23:22:00.844138 -57 -48 -55 -61 -62 
2016-05-19 23:22:00.974154 -65 -56 -63 -59 -67 
2016-05-19 23:22:01.079188 -59 -50 -60 -51 -62 
2016-05-19 23:22:01.181177 -70 -58 -56 -64 -59 
2016-05-19 23:22:01.290198 -62 -44 -82 -52 -65 
2016-05-19 23:22:01.392208 -59 -45 -55 -58 -67 
2016-05-19 23:22:01.755259 -62 -51 -60 -58 -62 
2016-05-19 23:22:01.860288 -63 -59 -59 -54 -62 
2016-05-19 23:22:02.067296 -63 -54 -61 -60 -60 
2016-05-19 23:22:02.227317 -63 -52 -72 -63 -57 
2016-05-19 23:22:02.353334 -55 -58 -74 -63 -61 
2016-05-19 23:22:02.566358 -58 -48 -69 -58 -65 
2016-05-19 23:22:02.749385 -56 -53 -64 -66 -64 
2016-05-19 23:22:02.849397 -66 -75 -58 -59 -60 
2016-05-19 23:22:02.958413 -63 -58 -66 -51 -59 
2016-05-19 23:22:03.059425 -77 -70 -58 -60 -65 
2016-05-19 23:22:03.168439 -68 -60 -65 -58 -69 
2016-05-19 23:22:03.269452 -66 -48 -58 -50 -74 
2016-05-19 23:22:03.370504 -63 -53 -58 -51 -65 
2016-05-19 23:22:03.720523 -65 -60 -63 -53 -78 
2016-05-19 23:22:03.929547 -66 -52 -66 -48 -68 
2016-05-19 23:22:04.106567 -76 -56 -65 -48 -65 
2016-05-19 23:22:04.242597 -66 -65 -68 -48 -61 
2016-05-19 23:22:04.390604 -68 -58 -67 -56 -71 
2016-05-19 23:22:04.492612 -55 -56 -59 -63 -61 
2016-05-19 23:22:04.656631 -72 -60 -57 -52 -71 
2016-05-19 23:22:04.759646 -69 -57 -58 -65 -72 
2016-05-19 23:22:04.857660 -58 -54 -58 -48 -74 
2016-05-19 23:22:05.018710 -70 -53 -67 -51 -63 
2016-05-19 23:22:05.230712 -60 -59 -57 -50 -65 
2016-05-19 23:22:05.410736 -65 -57 -63 -63 -66 
2016-05-19 23:22:05.514746 -84 -50 -60 -54 -68 
2016-05-19 23:22:05.624761 -65 -53 -54 -60 -70 
2016-05-19 23:22:05.872793 -68 -65 -67 -58 -65 
2016-05-19 23:22:05.973806 -65 -57 -57 -62 -82 
2016-05-19 23:22:06.084827 -58 -51 -64 -46 -72 
2016-05-19 23:22:06.349855 -65 -59 -60 -52 -70 
2016-05-19 23:22:06.454868 -55 -54 -58 -64 -68 
2016-05-19 23:22:06.561880 -58 -52 -68 -44 -69 
2016-05-19 23:22:06.664895 -56 -51 -67 -54 -68 
2016-05-19 23:22:06.816912 -71 -60 -65 -50 -66 
2016-05-19 23:22:07.003941 -69 -54 -59 -54 -68 
2016-05-19 23:22:07.203966 -60 -54 -63 -45 -61 
2016-05-19 23:22:07.390995 -65 -59 -64 -61 -62 
2016-05-19 23:22:07.597014 -61 -54 -60 -51 -64 
2016-05-19 23:22:07.810045 -65 -56 -62 -51 -65 
2016-05-19 23:22:07.933061 -72 -54 -60 -54 -69 
2016-05-19 23:22:08.035075 -58 -54 -56 -67 -63 
2016-05-19 23:22:08.167090 -67 -60 -58 -56 -70 
2016-05-19 23:22:08.346119 -63 -57 -67 -59 -68 
2016-05-19 23:22:08.449129 -59 -57 -62 -61 -63 
2016-05-19 23:22:08.555143 -67 -54 -65 -50 -78 
2016-05-19 23:22:08.762167 -64 -55 -60 -45 -73 
2016-05-19 23:22:08.951199 -62 -54 -54 -63 -63 
2016-05-19 23:22:09.058213 -58 -53 -55 -44 -65 
2016-05-19 23:22:09.432254 -62 -54 -60 -51 -65 
2016-05-19 23:22:09.540271 -68 -60 -59 -51 -63 
2016-05-19 23:22:09.651290 -62 -50 -57 -44 -66 
2016-05-19 23:22:09.809307 -63 -51 -57 -54 -68 
2016-05-19 23:22:10.175354 -62 -52 -56 -53 -65 
2016-05-19 23:22:10.231367 -59 -51 -70 -43 -62 
2016-05-19 23:22:10.337372 -64 -53 -79 -52 -65 
2016-05-19 23:22:10.548403 -65 -53 -68 -56 -61 
2016-05-19 23:22:10.690422 -60 -48 -60 -44 -60 
2016-05-19 23:22:10.799435 -64 -51 -60 -55 -64 
2016-05-19 23:22:10.902446 -70 -53 -55 -44 -75 
2016-05-19 23:22:11.074472 -62 -49 -56 -52 -69 
2016-05-19 23:22:11.179485 -67 -55 -66 -50 -61 
2016-05-19 23:22:11.287497 -63 -54 -59 -43 -71 
2016-05-19 23:22:11.393519 -67 -51 -62 -50 -62 
2016-05-19 23:22:11.692550 -61 -51 -60 -61 -66 
2016-05-19 23:22:11.799567 -62 -49 -58 -63 -64 
2016-05-19 23:22:12.108607 -63 -54 -63 -63 -66 
2016-05-19 23:22:12.219621 -62 -55 -60 -52 -69 
2016-05-19 23:22:12.531666 -68 -59 -62 -59 -67 
2016-05-19 23:22:12.634676 -57 -59 -71 -67 -65 
2016-05-19 23:22:12.736693 -73 -51 -54 -55 -65 
2016-05-19 23:22:12.842701 -62 -50 -69 -49 -63 
2016-05-19 23:22:12.953722 -77 -53 -54 -63 -67 
2016-05-19 23:22:13.055731 -62 -52 -62 -48 -66 
2016-05-19 23:22:13.246759 -62 -55 -64 -62 -68 
2016-05-19 23:22:13.352808 -59 -63 -69 -48 -67 
2016-05-19 23:22:13.475796 -66 -52 -68 -55 -72 
2016-05-19 23:22:13.580800 -66 -63 -70 -59 -76 
2016-05-19 23:22:13.681816 -64 -54 -58 -50 -68 
2016-05-19 23:22:13.889839 -60 -59 -63 -49 -71 
2016-05-19 23:22:14.020856 -58 -60 -60 -57 -67 
2016-05-19 23:22:14.123871 -63 -47 -66 -65 -63 
2016-05-19 23:22:14.430911 -63 -56 -66 -63 -68 
2016-05-19 23:22:14.532920 -65 -56 -63 -75 -63 
2016-05-19 23:22:14.848966 -60 -53 -64 -62 -66 
2016-05-19 23:22:14.956983 -62 -62 -63 -52 -69 
2016-05-19 23:22:15.072992 -59 -50 -70 -53 -64 
2016-05-19 23:22:15.274021 -59 -49 -67 -51 -69 
2016-05-19 23:22:15.378032 -63 -51 -60 -47 -61 
2016-05-19 23:22:15.477055 -61 -57 -78 -57 -75 
2016-05-19 23:22:15.747088 -60 -50 -61 -53 -68 
2016-05-19 23:22:15.849097 -61 -53 -58 -67 -63 
2016-05-19 23:22:15.952113 -63 -50 -65 -57 -81 
2016-05-19 23:22:16.057126 -62 -56 -62 -62 -64 
2016-05-19 23:22:16.165137 -68 -60 -67 -57 -87 
2016-05-19 23:22:16.269151 -62 -51 -62 -62 -75 
2016-05-19 23:22:16.376164 -70 -61 -61 -51 -70 
2016-05-19 23:22:16.479178 -71 -50 -59 -57 -74 
2016-05-19 23:22:16.627201 -58 -63 -54 -47 -67 
2016-05-19 23:22:16.735212 -64 -60 -54 -61 -62 
2016-05-19 23:22:16.838222 -58 -63 -58 -59 -76 
2016-05-19 23:22:16.961240 -57 -49 -60 -52 -62 
2016-05-19 23:22:17.065256 -63 -51 -70 -54 -74 
2016-05-19 23:22:17.304286 -62 -60 -66 -49 -62 
2016-05-19 23:22:17.409318 -61 -57 -71 -60 -77 
2016-05-19 23:22:17.513313 -61 -67 -67 -52 -67 
2016-05-19 23:22:17.620327 -64 -57 -62 -59 -69 
2016-05-19 23:22:17.728339 -71 -76 -62 -53 -61 
2016-05-19 23:22:17.881361 -64 -59 -67 -59 -69 
2016-05-19 23:22:18.006377 -60 -51 -63 -58 -59 
2016-05-19 23:22:18.437449 -56 -55 -63 -56 -60 
2016-05-19 23:22:18.536447 -63 -52 -63 -57 -57 
2016-05-19 23:22:18.726471 -63 -57 -66 -61 -59 
2016-05-19 23:22:18.857493 -66 -55 -65 -51 -61 
2016-05-19 23:22:18.959502 -69 -73 -72 -51 -59 
2016-05-19 23:22:19.268540 -69 -58 -61 -55 -61 
2016-05-19 23:22:19.372559 -60 -56 -57 -59 -61 
2016-05-19 23:22:19.477590 -63 -57 -57 -60 -63 
2016-05-19 23:22:19.687600 -57 -59 -54 -53 -63 
2016-05-19 23:22:19.789611 -62 -67 -65 -71 -57 
2016-05-19 23:22:19.891623 -67 -57 -54 -60 -57 
2016-05-19 23:22:20.102655 -54 -60 -56 -57 -61 
2016-05-19 23:22:20.323678 -68 -67 -59 -52 -60 
2016-05-19 23:22:20.429694 -57 -74 -60 -57 -70 
2016-05-19 23:22:20.629731 -54 -60 -57 -60 -57 
2016-05-19 23:22:20.730733 -55 -73 -63 -54 -61 
2016-05-19 23:22:20.835747 -54 -67 -57 -62 -61 
2016-05-19 23:22:20.934760 -52 -59 -62 -57 -62 
2016-05-19 23:22:21.041774 -82 -51 -58 -45 -63 
2016-05-19 23:22:21.148785 -59 -65 -59 -52 -65 
2016-05-19 23:22:21.260802 -59 -54 -51 -41 -62 
2016-05-19 23:22:21.361816 -62 -65 -62 -57 -60 
2016-05-19 23:22:21.470830 -53 -59 -74 -58 -60 
2016-05-19 23:22:21.575844 -61 -54 -66 -51 -61 
2016-05-19 23:22:21.698858 -61 -63 -64 -62 -60 
2016-05-19 23:22:22.329943 -62 -57 -62 -45 -61 
2016-05-19 23:22:22.537002 -62 -52 -62 -47 -60 
2016-05-19 23:22:22.638979 -61 -53 -50 -50 -68 
2016-05-19 23:22:22.744997 -72 -54 -51 -43 -71 
2016-05-19 23:22:22.852011 -59 -55 -51 -53 -61 
2016-05-19 23:22:22.994026 -51 -55 -53 -44 -74 
2016-05-19 23:22:23.175053 -60 -55 -51 -53 -68 
2016-05-19 23:22:23.274062 -51 -55 -56 -48 -69 
2016-05-19 23:22:23.410083 -63 -52 -51 -57 -69 
2016-05-19 23:22:23.805135 -58 -55 -53 -50 -68 
2016-05-19 23:22:23.910148 -54 -64 -61 -47 -63 
2016-05-19 23:22:24.129174 -56 -59 -64 -54 -76 
2016-05-19 23:22:24.332204 -58 -56 -62 -63 -70 
2016-05-19 23:22:24.487224 -64 -58 -60 -54 -61 
2016-05-19 23:22:24.756259 -58 -61 -64 -56 -75 
2016-05-19 23:22:24.914276 -62 -58 -62 -60 -60 
2016-05-19 23:22:25.020293 -54 -62 -68 -50 -70 
2016-05-19 23:22:25.272326 -57 -61 -65 -59 -69 
2016-05-19 23:22:25.423349 -52 -62 -61 -63 -65 
2016-05-19 23:22:25.629376 -52 -58 -56 -59 -63 
2016-05-19 23:22:25.798398 -52 -59 -61 -55 -63 
2016-05-19 23:22:26.259452 -55 -58 -59 -52 -69 
2016-05-19 23:22:26.468487 -59 -66 -58 -48 -67 
2016-05-19 23:22:26.725515 -63 -62 -62 -51 -64 
2016-05-19 23:22:26.832529 -53 -54 -57 -51 -66 
2016-05-19 23:22:27.040557 -62 -50 -61 -49 -64 
2016-05-19 23:22:27.148580 -56 -55 -61 -60 -67 
2016-05-19 23:22:27.571626 -56 -52 -70 -55 -63 
2016-05-19 23:22:27.678655 -51 -49 -57 -48 -72 
2016-05-19 23:22:27.784652 -57 -58 -57 -58 -65 
2016-05-19 23:22:28.098703 -58 -53 -59 -59 -67 
2016-05-19 23:22:28.405736 -57 -54 -67 -53 -66 
2016-05-19 23:22:28.517750 -51 -54 -70 -50 -72 
2016-05-19 23:22:28.622778 -76 -67 -74 -53 -64 
2016-05-19 23:22:28.730801 -54 -53 -64 -53 -71 
2016-05-19 23:22:28.910802 -50 -59 -69 -54 -65 
2016-05-19 23:22:29.114825 -62 -59 -65 -58 -64 
2016-05-19 23:22:29.314852 -54 -58 -66 -54 -65 
2016-05-19 23:22:29.421868 -67 -58 -62 -49 -61 
2016-05-19 23:22:29.557886 -50 -55 -66 -46 -59 
2016-05-19 23:22:29.658904 -61 -66 -57 -45 -73 
2016-05-19 23:22:29.892931 -57 -63 -68 -46 -75 
2016-05-19 23:22:29.997951 -61 -58 -62 -50 -78 
2016-05-19 23:22:30.156965 -64 -65 -62 -56 -76 
2016-05-19 23:22:30.369989 -71 -63 -67 -51 -69 
2016-05-19 23:22:30.683033 -64 -75 -68 -56 -74 
2016-05-19 23:22:30.796048 -74 -76 -72 -59 -73 
2016-05-19 23:22:30.898061 -62 -63 -68 -53 -79 
2016-05-19 23:22:31.001076 -62 -60 -67 -58 -67 
2016-05-19 23:22:31.120088 -71 -64 -68 -59 -72 
2016-05-19 23:22:31.420127 -63 -65 -67 -55 -69 
2016-05-19 23:22:31.627156 -64 -64 -65 -56 -69 
2016-05-19 23:22:31.838184 -64 -67 -64 -55 -74 
387
