2016-05-19 19:52:50.592954 -66 -84 -88 -85 -75 
2016-05-19 19:52:51.102017 -60 -80 -81 -89 -75 
2016-05-19 19:52:51.222033 -67 -90 -84 -87 -87 
2016-05-19 19:52:51.417062 -62 -84 -84 -88 -74 
2016-05-19 19:52:51.537078 -62 -86 -86 -86 -79 
2016-05-19 19:52:51.734091 -63 -82 -80 -82 -77 
2016-05-19 19:52:51.839105 -64 -80 -78 -89 -77 
2016-05-19 19:52:52.156143 -58 -78 -77 -88 -73 
2016-05-19 19:52:52.480191 -66 -83 -81 -86 -71 
2016-05-19 19:52:52.590206 -73 -83 -80 -85 -75 
2016-05-19 19:52:52.802230 -69 -83 -79 -85 -66 
2016-05-19 19:52:53.011254 -67 -79 -90 -86 -74 
2016-05-19 19:52:53.535330 -63 -84 -79 -86 -69 
2016-05-19 19:52:53.698352 -68 -83 -77 -89 -77 
2016-05-19 19:52:53.798361 -68 -89 -78 -88 -74 
2016-05-19 19:52:53.965386 -64 -82 -86 -76 -70 
2016-05-19 19:52:54.067402 -64 -83 -78 -79 -69 
2016-05-19 19:52:54.211412 -68 -80 -83 -88 -90 
2016-05-19 19:52:54.677494 -65 -76 -78 -85 -71 
2016-05-19 19:52:54.903517 -70 -76 -77 -86 -80 
2016-05-19 19:52:55.125540 -67 -82 -82 -83 -71 
2016-05-19 19:52:55.278555 -69 -86 -76 -87 -65 
2016-05-19 19:52:55.379567 -71 -81 -80 -89 -73 
2016-05-19 19:52:55.548606 -67 -83 -82 -84 -68 
2016-05-19 19:52:55.750620 -67 -80 -79 -84 -68 
2016-05-19 19:52:55.953693 -65 -80 -87 -81 -75 
2016-05-19 19:52:56.058656 -67 -81 -78 -82 -69 
2016-05-19 19:52:56.167709 -64 -84 -84 -79 -73 
2016-05-19 19:52:56.268685 -68 -81 -78 -81 -67 
2016-05-19 19:52:56.375702 -64 -82 -83 -78 -69 
2016-05-19 19:52:56.508729 -62 -75 -89 -81 -68 
2016-05-19 19:52:56.657751 -66 -85 -81 -80 -72 
2016-05-19 19:52:56.761794 -63 -78 -89 -80 -67 
2016-05-19 19:52:56.865765 -61 -83 -81 -79 -74 
2016-05-19 19:52:57.287816 -66 -81 -82 -78 -69 
2016-05-19 19:52:57.603857 -64 -81 -83 -83 -67 
2016-05-19 19:52:57.872893 -62 -80 -80 -78 -70 
2016-05-19 19:52:57.981905 -72 -79 -88 -79 -66 
2016-05-19 19:52:58.214954 -62 -80 -81 -81 -71 
2016-05-19 19:52:58.408963 -63 -80 -78 -82 -71 
2016-05-19 19:52:58.577049 -66 -80 -78 -79 -69 
2016-05-19 19:52:58.679034 -61 -80 -84 -79 -72 
2016-05-19 19:52:58.777037 -62 -80 -79 -85 -67 
2016-05-19 19:52:58.884025 -63 -83 -84 -80 -73 
2016-05-19 19:52:59.058048 -65 -80 -79 -80 -72 
2016-05-19 19:52:59.159067 -63 -81 -75 -79 -71 
2016-05-19 19:52:59.505157 -66 -83 -78 -81 -68 
2016-05-19 19:52:59.613123 -62 -82 -79 -80 -71 
2016-05-19 19:52:59.716155 -69 -83 -78 -81 -66 
2016-05-19 19:52:59.993169 -62 -81 -81 -82 -72 
2016-05-19 19:53:00.096187 -69 -83 -81 -86 -67 
2016-05-19 19:53:00.205198 -63 -83 -79 -80 -73 
2016-05-19 19:53:00.419226 -62 -83 -81 -80 -68 
2016-05-19 19:53:00.520246 -70 -82 -84 -85 -71 
2016-05-19 19:53:00.626257 -62 -82 -80 -80 -73 
2016-05-19 19:53:00.837299 -66 -83 -80 -80 -69 
2016-05-19 19:53:00.938294 -70 -85 -87 -79 -72 
2016-05-19 19:53:01.192324 -66 -81 -88 -80 -71 
2016-05-19 19:53:01.353348 -63 -84 -82 -84 -71 
2016-05-19 19:53:01.667386 -67 -83 -85 -75 -68 
2016-05-19 19:53:01.875415 -65 -83 -80 -80 -71 
2016-05-19 19:53:01.976431 -63 -84 -81 -79 -71 
2016-05-19 19:53:02.078442 -70 -84 -87 -85 -68 
2016-05-19 19:53:02.627511 -63 -84 -80 -79 -69 
2016-05-19 19:53:02.837538 -62 -83 -87 -80 -67 
2016-05-19 19:53:03.043567 -67 -83 -84 -79 -69 
2016-05-19 19:53:03.192584 -62 -82 -79 -80 -72 
2016-05-19 19:53:03.401618 -67 -83 -80 -79 -69 
2016-05-19 19:53:03.616645 -66 -83 -80 -82 -72 
2016-05-19 19:53:03.766666 -62 -83 -89 -80 -72 
2016-05-19 19:53:03.882674 -72 -83 -81 -84 -71 
2016-05-19 19:53:03.987688 -62 -87 -87 -79 -74 
2016-05-19 19:53:04.095705 -73 -83 -78 -84 -72 
2016-05-19 19:53:04.200719 -62 -81 -90 -79 -74 
2016-05-19 19:53:04.353754 -63 -83 -77 -81 -73 
2016-05-19 19:53:04.500757 -64 -81 -84 -80 -65 
2016-05-19 19:53:04.715785 -69 -78 -77 -78 -71 
2016-05-19 19:53:05.089834 -63 -83 -89 -80 -71 
2016-05-19 19:53:05.294862 -65 -83 -83 -81 -68 
2016-05-19 19:53:05.399875 -79 -86 -84 -82 -68 
2016-05-19 19:53:05.668910 -71 -81 -81 -80 -71 
2016-05-19 19:53:05.971953 -73 -79 -84 -82 -70 
2016-05-19 19:53:06.184978 -68 -81 -78 -83 -71 
2016-05-19 19:53:06.294992 -72 -86 -77 -77 -70 
2016-05-19 19:53:06.491018 -74 -81 -78 -83 -72 
2016-05-19 19:53:06.608031 -75 -89 -79 -82 -72 
2016-05-19 19:53:06.818059 -81 -87 -81 -83 -72 
2016-05-19 19:53:07.026088 -81 -83 -81 -82 -73 
2016-05-19 19:53:07.214112 -79 -81 -79 -78 -74 
2016-05-19 19:53:07.462149 -79 -84 -83 -81 -72 
2016-05-19 19:53:07.566158 -73 -85 -77 -83 -70 
2016-05-19 19:53:07.708173 -75 -86 -85 -83 -71 
2016-05-19 19:53:07.968208 -77 -85 -89 -87 -72 
2016-05-19 19:53:08.075225 -78 -84 -77 -82 -70 
2016-05-19 19:53:08.181244 -70 -83 -90 -86 -75 
2016-05-19 19:53:08.384267 -71 -84 -82 -83 -76 
2016-05-19 19:53:08.703304 -75 -87 -80 -82 -75 
2016-05-19 19:53:09.017353 -72 -84 -80 -82 -74 
2016-05-19 19:53:09.502416 -75 -78 -76 -80 -74 
2016-05-19 19:53:09.914477 -74 -80 -81 -83 -67 
2016-05-19 19:53:10.123500 -76 -81 -79 -83 -67 
2016-05-19 19:53:10.340527 -74 -79 -74 -87 -71 
2016-05-19 19:53:10.546548 -78 -86 -81 -82 -77 
2016-05-19 19:53:10.794582 -76 -83 -83 -75 -68 
2016-05-19 19:53:11.295652 -75 -86 -85 -81 -73 
2016-05-19 19:53:11.606688 -75 -79 -79 -79 -74 
2016-05-19 19:53:11.937772 -77 -88 -86 -79 -75 
2016-05-19 19:53:12.142788 -71 -90 -79 -83 -75 
2016-05-19 19:53:12.356791 -72 -80 -80 -81 -73 
2016-05-19 19:53:12.564819 -78 -85 -80 -83 -73 
2016-05-19 19:53:12.779840 -79 -85 -75 -82 -73 
2016-05-19 19:53:12.988878 -73 -85 -81 -81 -66 
2016-05-19 19:53:13.314956 -76 -81 -81 -87 -71 
2016-05-19 19:53:13.519937 -83 -80 -81 -89 -66 
2016-05-19 19:53:13.843028 -77 -83 -78 -83 -67 
2016-05-19 19:53:13.943990 -79 -80 -83 -81 -76 
2016-05-19 19:53:14.152019 -78 -82 -82 -81 -64 
2016-05-19 19:53:14.338049 -81 -79 -80 -88 -73 
2016-05-19 19:53:14.440057 -71 -85 -86 -86 -64 
2016-05-19 19:53:14.708096 -87 -76 -79 -81 -70 
2016-05-19 19:53:14.875134 -68 -82 -83 -81 -66 
2016-05-19 19:53:15.084139 -84 -80 -82 -84 -71 
2016-05-19 19:53:15.412184 -77 -82 -80 -93 -70 
2016-05-19 19:53:15.614207 -76 -82 -75 -86 -66 
2016-05-19 19:53:15.826238 -75 -85 -78 -86 -75 
2016-05-19 19:53:16.031293 -81 -76 -81 -86 -74 
2016-05-19 19:53:16.275310 -85 -76 -83 -87 -70 
2016-05-19 19:53:16.545332 -83 -83 -79 -87 -72 
2016-05-19 19:53:16.765368 -75 -82 -79 -87 -71 
2016-05-19 19:53:16.977398 -75 -83 -78 -86 -69 
2016-05-19 19:53:17.322463 -76 -83 -77 -86 -73 
2016-05-19 19:53:17.425465 -80 -82 -81 -87 -65 
2016-05-19 19:53:17.524456 -68 -81 -75 -86 -84 
2016-05-19 19:53:17.715485 -81 -82 -78 -86 -64 
2016-05-19 19:53:17.835500 -80 -83 -81 -86 -73 
2016-05-19 19:53:18.135541 -76 -83 -79 -84 -69 
2016-05-19 19:53:18.562594 -76 -83 -79 -87 -69 
2016-05-19 19:53:18.836630 -71 -80 -81 -87 -73 
2016-05-19 19:53:18.981649 -66 -86 -82 -86 -72 
2016-05-19 19:53:19.187676 -75 -80 -80 -83 -72 
2016-05-19 19:53:19.395704 -74 -81 -80 -83 -68 
2016-05-19 19:53:19.606730 -70 -78 -82 -81 -78 
2016-05-19 19:53:19.708748 -88 -78 -77 -87 -64 
2016-05-19 19:53:19.879765 -67 -81 -77 -84 -71 
2016-05-19 19:53:19.983785 -66 -84 -81 -86 -77 
2016-05-19 19:53:20.156802 -66 -81 -81 -85 -69 
2016-05-19 19:53:20.332825 -78 -82 -79 -86 -66 
2016-05-19 19:53:20.535852 -77 -81 -75 -87 -70 
2016-05-19 19:53:20.637866 -87 -85 -81 -87 -75 
2016-05-19 19:53:20.845892 -75 -81 -80 -87 -66 
2016-05-19 19:53:21.048923 -81 -82 -80 -87 -73 
2016-05-19 19:53:21.263951 -66 -82 -79 -84 -69 
2016-05-19 19:53:21.371961 -77 -83 -78 -89 -66 
2016-05-19 19:53:21.533986 -66 -81 -80 -85 -71 
2016-05-19 19:53:21.700001 -88 -83 -80 -88 -75 
2016-05-19 19:53:21.837026 -67 -83 -77 -86 -68 
2016-05-19 19:53:21.942056 -76 -87 -84 -85 -69 
2016-05-19 19:53:22.080052 -67 -80 -81 -86 -75 
2016-05-19 19:53:22.188088 -86 -76 -81 -85 -69 
2016-05-19 19:53:22.338090 -66 -81 -83 -84 -71 
2016-05-19 19:53:22.542116 -82 -82 -79 -85 -71 
2016-05-19 19:53:22.940164 -75 -81 -80 -85 -71 
2016-05-19 19:53:23.149209 -74 -82 -82 -85 -70 
2016-05-19 19:53:23.594255 -75 -81 -80 -84 -71 
2016-05-19 19:53:23.701265 -65 -82 -77 -87 -72 
2016-05-19 19:53:23.812280 -84 -86 -83 -82 -67 
2016-05-19 19:53:24.197335 -72 -81 -78 -81 -69 
2016-05-19 19:53:24.413358 -80 -84 -84 -83 -69 
2016-05-19 19:53:24.825410 -73 -84 -81 -86 -68 
2016-05-19 19:53:25.080443 -66 -82 -83 -86 -66 
2016-05-19 19:53:25.395484 -76 -81 -80 -85 -69 
2016-05-19 19:53:25.501501 -86 -82 -76 -83 -65 
2016-05-19 19:53:25.877550 -76 -80 -79 -85 -70 
2016-05-19 19:53:26.087577 -75 -82 -84 -85 -71 
2016-05-19 19:53:26.301605 -75 -83 -79 -85 -70 
2016-05-19 19:53:26.712659 -73 -79 -78 -87 -70 
2016-05-19 19:53:26.928688 -69 -83 -82 -87 -71 
2016-05-19 19:53:27.133714 -69 -85 -82 -87 -69 
2016-05-19 19:53:27.235724 -82 -79 -76 -85 -72 
2016-05-19 19:53:27.449759 -74 -81 -80 -86 -69 
2016-05-19 19:53:27.686786 -69 -81 -80 -88 -66 
2016-05-19 19:53:28.210852 -79 -79 -80 -82 -65 
2016-05-19 19:53:28.600903 -75 -82 -80 -84 -68 
2016-05-19 19:53:28.706919 -76 -81 -89 -80 -75 
2016-05-19 19:53:28.806932 -74 -89 -82 -84 -69 
2016-05-19 19:53:28.912946 -80 -82 -76 -78 -69 
2016-05-19 19:53:29.014964 -73 -77 -77 -84 -66 
2016-05-19 19:53:29.331016 -77 -80 -81 -86 -68 
2016-05-19 19:53:29.538056 -75 -78 -80 -81 -67 
2016-05-19 19:53:29.683075 -74 -77 -85 -85 -69 
2016-05-19 19:53:29.858097 -77 -80 -78 -76 -68 
2016-05-19 19:53:30.058098 -79 -80 -80 -78 -69 
2016-05-19 19:53:30.214118 -81 -78 -80 -86 -69 
2016-05-19 19:53:30.424145 -80 -80 -83 -83 -64 
2016-05-19 19:53:30.577172 -82 -79 -79 -76 -66 
2016-05-19 19:53:30.733185 -79 -82 -91 -76 -68 
2016-05-19 19:53:30.902207 -74 -79 -78 -80 -67 
2016-05-19 19:53:31.526286 -79 -79 -79 -78 -71 
2016-05-19 19:53:31.736313 -77 -81 -79 -77 -66 
2016-05-19 19:53:31.844330 -77 -77 -79 -85 -68 
2016-05-19 19:53:31.995354 -77 -80 -78 -77 -66 
2016-05-19 19:53:32.373399 -80 -81 -76 -86 -71 
2016-05-19 19:53:32.748454 -75 -86 -81 -85 -72 
2016-05-19 19:53:33.207509 -75 -82 -80 -87 -67 
2016-05-19 19:53:33.417535 -73 -81 -76 -92 -64 
2016-05-19 19:53:34.465675 -75 -85 -82 -85 -64 
2016-05-19 19:53:34.633694 -78 -83 -87 -86 -67 
2016-05-19 19:53:34.771708 -74 -82 -81 -87 -64 
2016-05-19 19:53:34.881728 -74 -80 -82 -90 -65 
2016-05-19 19:53:35.087755 -70 -85 -84 -76 -67 
2016-05-19 19:53:35.203768 -89 -88 -75 -83 -76 
2016-05-19 19:53:35.348788 -72 -78 -77 -87 -76 
2016-05-19 19:53:35.456815 -77 -89 -82 -86 -66 
2016-05-19 19:53:35.623823 -86 -78 -80 -84 -78 
2016-05-19 19:53:36.131930 -71 -85 -83 -87 -72 
2016-05-19 19:53:36.317976 -72 -75 -79 -86 -77 
2016-05-19 19:53:36.522941 -76 -84 -78 -86 -77 
2016-05-19 19:53:36.676958 -74 -87 -80 -85 -76 
2016-05-19 19:53:36.884989 -74 -76 -85 -86 -87 
2016-05-19 19:53:36.989002 -74 -76 -75 -81 -82 
2016-05-19 19:53:37.199030 -69 -81 -68 -86 -79 
2016-05-19 19:53:37.393064 -69 -84 -72 -80 -80 
2016-05-19 19:53:37.500069 -62 -69 -73 -86 -85 
2016-05-19 19:53:37.649088 -67 -73 -68 -85 -75 
2016-05-19 19:53:37.784112 -71 -69 -69 -75 -76 
2016-05-19 19:53:37.981135 -71 -74 -71 -85 -72 
2016-05-19 19:53:38.335189 -81 -79 -67 -80 -78 
2016-05-19 19:53:38.545215 -73 -77 -72 -78 -84 
2016-05-19 19:53:38.652217 -80 -80 -79 -74 -82 
2016-05-19 19:53:39.004266 -70 -73 -80 -82 -78 
2016-05-19 19:53:39.112284 -78 -82 -74 -81 -76 
2016-05-19 19:53:39.216316 -83 -79 -75 -76 -77 
2016-05-19 19:53:39.325319 -70 -73 -77 -75 -83 
2016-05-19 19:53:39.462369 -85 -77 -75 -79 -76 
2016-05-19 19:53:39.598372 -84 -80 -84 -84 -79 
2016-05-19 19:53:39.803379 -73 -69 -72 -77 -85 
2016-05-19 19:53:39.951409 -85 -71 -73 -79 -77 
2016-05-19 19:53:40.054419 -75 -68 -73 -86 -73 
2016-05-19 19:53:40.451476 -91 -76 -74 -82 -77 
2016-05-19 19:53:40.662480 -86 -84 -70 -79 -81 
2016-05-19 19:53:40.769508 -82 -86 -67 -77 -86 
2016-05-19 19:53:40.981558 -73 -80 -66 -81 -85 
2016-05-19 19:53:41.191572 -78 -82 -65 -80 -82 
2016-05-19 19:53:41.302563 -79 -80 -68 -86 -76 
2016-05-19 19:53:41.402575 -85 -84 -67 -80 -83 
2016-05-19 19:53:41.578626 -78 -89 -71 -83 -77 
2016-05-19 19:53:41.715625 -81 -82 -65 -80 -86 
2016-05-19 19:53:41.825633 -75 -79 -70 -81 -78 
2016-05-19 19:53:42.033679 -77 -79 -71 -81 -82 
2016-05-19 19:53:42.234688 -80 -85 -71 -84 -80 
2016-05-19 19:53:42.336719 -75 -91 -71 -80 -76 
2016-05-19 19:53:42.496722 -81 -80 -69 -83 -76 
2016-05-19 19:53:42.710746 -79 -83 -67 -81 -74 
2016-05-19 19:53:42.926778 -79 -80 -72 -81 -74 
2016-05-19 19:53:43.132804 -78 -86 -68 -84 -75 
2016-05-19 19:53:43.381869 -79 -83 -71 -89 -76 
2016-05-19 19:53:43.763913 -82 -80 -72 -80 -77 
2016-05-19 19:53:43.885945 -78 -83 -72 -90 -82 
2016-05-19 19:53:44.298965 -79 -83 -73 -82 -83 
2016-05-19 19:53:44.486991 -80 -85 -69 -91 -85 
2016-05-19 19:53:44.616005 -81 -85 -72 -81 -85 
2016-05-19 19:53:45.009059 -79 -89 -72 -79 -78 
2016-05-19 19:53:45.224101 -80 -87 -73 -83 -77 
2016-05-19 19:53:45.435103 -81 -88 -72 -82 -79 
2016-05-19 19:53:45.541120 -80 -87 -72 -80 -75 
2016-05-19 19:53:45.649170 -82 -86 -69 -81 -80 
2016-05-19 19:53:45.752154 -80 -87 -73 -79 -85 
2016-05-19 19:53:45.984180 -80 -82 -72 -81 -81 
2016-05-19 19:53:46.272239 -75 -83 -73 -84 -78 
2016-05-19 19:53:46.478252 -79 -83 -72 -79 -79 
2016-05-19 19:53:46.687282 -78 -78 -73 -80 -81 
2016-05-19 19:53:47.029318 -79 -81 -77 -82 -81 
2016-05-19 19:53:47.201365 -78 -80 -78 -79 -86 
2016-05-19 19:53:47.354359 -80 -75 -84 -80 -79 
2016-05-19 19:53:47.566402 -77 -74 -77 -86 -81 
2016-05-19 19:53:47.671398 -77 -87 -73 -87 -81 
2016-05-19 19:53:47.834423 -79 -74 -80 -86 -82 
2016-05-19 19:53:47.985436 -76 -73 -88 -87 -78 
2016-05-19 19:53:48.297495 -82 -83 -79 -78 -77 
2016-05-19 19:53:48.405517 -86 -74 -86 -88 -87 
2016-05-19 19:53:48.616521 -84 -88 -81 -80 -88 
2016-05-19 19:53:48.933585 -85 -80 -81 -84 -84 
2016-05-19 19:53:49.042589 -84 -80 -84 -78 -75 
2016-05-19 19:53:49.193596 -77 -75 -83 -78 -82 
2016-05-19 19:53:49.394655 -85 -83 -80 -79 -86 
2016-05-19 19:53:49.499641 -83 -87 -83 -85 -85 
2016-05-19 19:53:49.666658 -81 -81 -80 -81 -85 
2016-05-19 19:53:49.817679 -86 -82 -82 -80 -75 
2016-05-19 19:53:49.922712 -84 -82 -77 -87 -86 
2016-05-19 19:53:50.241733 -85 -83 -82 -83 -85 
2016-05-19 19:53:50.347747 -76 -82 -78 -86 -80 
2016-05-19 19:53:50.507769 -76 -81 -83 -79 -87 
2016-05-19 19:53:51.124853 -82 -83 -81 -82 -81 
2016-05-19 19:53:51.227863 -76 -76 -89 -86 -83 
2016-05-19 19:53:51.331875 -82 -87 -78 -81 -74 
2016-05-19 19:53:51.433888 -76 -77 -82 -85 -86 
2016-05-19 19:53:51.634918 -81 -81 -87 -84 -78 
2016-05-19 19:53:51.855940 -79 -83 -81 -84 -88 
2016-05-19 19:53:52.055966 -80 -86 -84 -84 -75 
2016-05-19 19:53:52.212989 -89 -76 -82 -81 -81 
2016-05-19 19:53:52.422017 -78 -77 -80 -84 -78 
2016-05-19 19:53:52.526027 -80 -86 -88 -78 -85 
2016-05-19 19:53:52.685057 -80 -80 -78 -84 -74 
2016-05-19 19:53:52.790069 -77 -85 -88 -84 -89 
2016-05-19 19:53:53.102106 -81 -78 -81 -83 -81 
2016-05-19 19:53:53.220125 -76 -80 -88 -83 -86 
2016-05-19 19:53:53.429148 -82 -85 -79 -83 -83 
2016-05-19 19:53:53.536160 -83 -77 -78 -82 -87 
2016-05-19 19:53:53.884235 -87 -82 -78 -85 -86 
2016-05-19 19:53:53.992240 -77 -80 -87 -78 -74 
2016-05-19 19:53:54.169246 -77 -81 -78 -86 -85 
2016-05-19 19:53:54.273275 -83 -79 -85 -88 -74 
2016-05-19 19:53:54.378286 -76 -84 -83 -78 -84 
2016-05-19 19:53:54.789327 -82 -80 -80 -82 -82 
2016-05-19 19:53:54.995358 -83 -81 -81 -84 -80 
2016-05-19 19:53:55.205386 -83 -79 -78 -79 -78 
2016-05-19 19:53:55.313395 -87 -77 -86 -84 -74 
2016-05-19 19:53:55.414409 -84 -81 -78 -78 -83 
2016-05-19 19:53:55.680459 -76 -83 -83 -83 -79 
2016-05-19 19:53:55.787474 -94 -80 -80 -78 -87 
2016-05-19 19:53:55.892472 -83 -85 -86 -83 -75 
2016-05-19 19:53:56.050495 -83 -76 -77 -78 -83 
2016-05-19 19:53:56.262520 -77 -82 -81 -81 -78 
2016-05-19 19:53:56.368534 -85 -84 -89 -83 -75 
2016-05-19 19:53:56.471547 -77 -91 -88 -81 -81 
2016-05-19 19:53:56.699577 -80 -84 -82 -83 -74 
2016-05-19 19:53:57.130635 -83 -85 -87 -80 -79 
2016-05-19 19:53:57.238646 -82 -86 -78 -78 -81 
2016-05-19 19:53:57.549686 -81 -82 -80 -82 -78 
2016-05-19 19:53:57.733711 -79 -84 -76 -81 -81 
2016-05-19 19:53:57.888731 -76 -82 -82 -79 -74 
2016-05-19 19:53:58.095762 -81 -89 -78 -78 -81 
2016-05-19 19:53:58.282782 -79 -93 -80 -89 -78 
2016-05-19 19:53:58.817852 -79 -80 -83 -79 -83 
2016-05-19 19:53:59.025883 -82 -77 -82 -82 -83 
2016-05-19 19:53:59.235912 -82 -76 -83 -78 -79 
2016-05-19 19:53:59.344921 -84 -86 -80 -79 -84 
2016-05-19 19:53:59.451933 -81 -89 -84 -81 -84 
2016-05-19 19:53:59.551945 -80 -87 -83 -81 -91 
2016-05-19 19:53:59.659963 -79 -77 -79 -84 -84 
2016-05-19 19:53:59.835990 -78 -85 -80 -86 -78 
2016-05-19 19:54:00.049013 -77 -86 -79 -78 -76 
2016-05-19 19:54:00.156031 -82 -81 -76 -82 -89 
2016-05-19 19:54:00.284044 -76 -78 -73 -80 -81 
2016-05-19 19:54:00.560080 -76 -76 -74 -82 -85 
2016-05-19 19:54:00.669094 -76 -83 -72 -80 -82 
2016-05-19 19:54:00.925127 -85 -81 -73 -86 -83 
2016-05-19 19:54:01.035143 -76 -81 -72 -83 -74 
2016-05-19 19:54:01.246174 -75 -86 -76 -80 -78 
2016-05-19 19:54:01.352181 -76 -85 -77 -82 -82 
2016-05-19 19:54:01.562208 -74 -81 -77 -80 -79 
2016-05-19 19:54:01.668225 -72 -82 -80 -78 -73 
2016-05-19 19:54:01.776243 -72 -83 -72 -83 -87 
2016-05-19 19:54:02.052272 -71 -84 -73 -84 -76 
2016-05-19 19:54:02.158289 -71 -79 -79 -84 -88 
2016-05-19 19:54:02.268304 -72 -78 -85 -82 -75 
2016-05-19 19:54:02.477343 -73 -80 -74 -84 -81 
2016-05-19 19:54:02.715369 -71 -80 -79 -78 -78 
2016-05-19 19:54:02.918395 -73 -85 -76 -83 -73 
2016-05-19 19:54:03.030410 -77 -82 -77 -87 -74 
2016-05-19 19:54:03.203433 -78 -78 -69 -77 -75 
2016-05-19 19:54:03.311452 -78 -84 -76 -75 -78 
2016-05-19 19:54:03.435463 -72 -83 -77 -78 -75 
2016-05-19 19:54:03.644490 -72 -83 -71 -80 -79 
2016-05-19 19:54:03.826519 -73 -82 -71 -86 -77 
2016-05-19 19:54:04.043542 -75 -81 -70 -82 -79 
2016-05-19 19:54:04.159558 -73 -84 -70 -84 -81 
2016-05-19 19:54:04.362581 -68 -87 -77 -82 -82 
2016-05-19 19:54:04.482596 -86 -86 -68 -83 -75 
2016-05-19 19:54:04.781644 -71 -81 -70 -85 -78 
2016-05-19 19:54:04.979664 -71 -81 -66 -78 -74 
2016-05-19 19:54:05.293706 -80 -80 -74 -78 -78 
2016-05-19 19:54:05.493732 -76 -76 -74 -79 -77 
2016-05-19 19:54:05.639751 -71 -86 -71 -85 -79 
2016-05-19 19:54:05.744764 -75 -78 -76 -77 -84 
2016-05-19 19:54:05.851784 -76 -79 -67 -86 -75 
2016-05-19 19:54:06.247829 -80 -81 -72 -79 -78 
2016-05-19 19:54:06.364846 -70 -83 -68 -82 -74 
2016-05-19 19:54:06.469860 -79 -84 -73 -77 -86 
2016-05-19 19:54:06.671891 -71 -76 -74 -80 -79 
2016-05-19 19:54:06.987924 -74 -77 -71 -89 -77 
2016-05-19 19:54:07.091937 -75 -75 -68 -76 -84 
2016-05-19 19:54:07.304961 -74 -84 -70 -77 -77 
2016-05-19 19:54:07.413975 -79 -84 -77 -81 -77 
2016-05-19 19:54:07.597997 -77 -77 -80 -80 -83 
2016-05-19 19:54:07.708010 -70 -83 -67 -79 -74 
2016-05-19 19:54:07.835030 -81 -80 -69 -79 -83 
2016-05-19 19:54:08.143068 -75 -80 -68 -78 -78 
2016-05-19 19:54:08.360098 -79 -83 -71 -80 -78 
2016-05-19 19:54:08.473110 -87 -83 -69 -80 -74 
2016-05-19 19:54:08.576127 -75 -81 -82 -86 -75 
2016-05-19 19:54:08.675140 -70 -82 -69 -82 -74 
2016-05-19 19:54:08.899170 -75 -77 -76 -86 -75 
2016-05-19 19:54:09.005183 -79 -80 -70 -80 -75 
2016-05-19 19:54:09.109197 -70 -77 -69 -87 -73 
2016-05-19 19:54:09.218209 -81 -81 -70 -86 -86 
2016-05-19 19:54:09.490246 -78 -76 -78 -88 -76 
2016-05-19 19:54:09.618260 -78 -90 -67 -79 -76 
2016-05-19 19:54:09.929303 -79 -80 -73 -79 -73 
2016-05-19 19:54:10.059321 -84 -79 -67 -84 -76 
2016-05-19 19:54:10.274349 -71 -78 -69 -83 -80 
2016-05-19 19:54:10.479376 -75 -88 -70 -85 -77 
2016-05-19 19:54:10.696403 -74 -79 -70 -80 -78 
2016-05-19 19:54:10.877431 -75 -77 -77 -84 -84 
2016-05-19 19:54:11.078451 -76 -79 -90 -82 -84 
2016-05-19 19:54:11.179467 -71 -84 -80 -78 -77 
2016-05-19 19:54:11.498507 -76 -80 -72 -82 -81 
2016-05-19 19:54:11.697538 -72 -75 -73 -90 -78 
2016-05-19 19:54:11.853552 -80 -82 -76 -84 -76 
2016-05-19 19:54:11.965570 -83 -83 -71 -82 -74 
2016-05-19 19:54:12.065583 -76 -81 -76 -82 -79 
2016-05-19 19:54:12.173594 -85 -89 -69 -80 -75 
2016-05-19 19:54:12.384624 -81 -77 -72 -83 -77 
2016-05-19 19:54:12.556647 -81 -77 -73 -85 -77 
2016-05-19 19:54:12.762677 -87 -75 -81 -80 -81 
2016-05-19 19:54:12.953696 -91 -75 -77 -87 -72 
2016-05-19 19:54:13.055712 -73 -69 -75 -87 -80 
2016-05-19 19:54:13.172730 -77 -77 -83 -88 -77 
2016-05-19 19:54:13.490768 -76 -78 -74 -83 -79 
2016-05-19 19:54:13.700796 -76 -77 -77 -87 -75 
2016-05-19 19:54:13.914824 -76 -74 -77 -83 -77 
2016-05-19 19:54:14.114850 -79 -76 -82 -89 -76 
2016-05-19 19:54:14.333876 -79 -77 -89 -81 -80 
2016-05-19 19:54:14.544907 -73 -80 -79 -82 -78 
2016-05-19 19:54:14.752937 -77 -74 -77 -78 -83 
2016-05-19 19:54:14.963958 -81 -73 -79 -80 -83 
2016-05-19 19:54:15.151985 -84 -78 -78 -82 -81 
2016-05-19 19:54:15.335010 -78 -78 -80 -87 -80 
2016-05-19 19:54:15.438027 -80 -78 -82 -88 -78 
2016-05-19 19:54:15.542036 -80 -77 -79 -84 -86 
2016-05-19 19:54:15.752064 -87 -76 -79 -82 -81 
2016-05-19 19:54:15.857082 -78 -75 -78 -77 -72 
2016-05-19 19:54:16.065105 -77 -77 -78 -85 -72 
2016-05-19 19:54:16.212124 -82 -71 -77 -83 -77 
2016-05-19 19:54:16.431153 -82 -74 -81 -79 -79 
435
