2016-05-19 19:51:24.784743 -77 -80 -76 -81 -75 
2016-05-19 19:51:24.996761 -75 -79 -76 -76 -75 
2016-05-19 19:51:25.206803 -72 -86 -75 -75 -80 
2016-05-19 19:51:25.312803 -88 -72 -74 -77 -81 
2016-05-19 19:51:25.519835 -75 -75 -74 -76 -78 
2016-05-19 19:51:25.700852 -77 -72 -81 -74 -71 
2016-05-19 19:51:25.924900 -75 -74 -76 -73 -83 
2016-05-19 19:51:26.028896 -73 -81 -73 -75 -81 
2016-05-19 19:51:26.626975 -72 -72 -76 -80 -81 
2016-05-19 19:51:26.760998 -69 -85 -80 -79 -74 
2016-05-19 19:51:26.869020 -71 -79 -70 -80 -73 
2016-05-19 19:51:27.074032 -72 -80 -70 -75 -79 
2016-05-19 19:51:27.198049 -78 -75 -75 -76 -79 
2016-05-19 19:51:27.408076 -73 -77 -77 -72 -77 
2016-05-19 19:51:27.513090 -72 -78 -75 -71 -77 
2016-05-19 19:51:27.826128 -69 -78 -80 -75 -77 
2016-05-19 19:51:27.984151 -71 -79 -74 -73 -75 
2016-05-19 19:51:28.190181 -77 -81 -75 -75 -77 
2016-05-19 19:51:28.401203 -75 -75 -71 -78 -77 
2016-05-19 19:51:28.546222 -66 -83 -74 -80 -83 
2016-05-19 19:51:28.750255 -71 -75 -70 -84 -78 
2016-05-19 19:51:28.874267 -90 -76 -75 -89 -79 
2016-05-19 19:51:29.137302 -83 -85 -77 -85 -78 
2016-05-19 19:51:29.284321 -80 -77 -77 -90 -83 
2016-05-19 19:51:29.444342 -78 -77 -73 -82 -89 
2016-05-19 19:51:29.654370 -75 -74 -73 -79 -85 
2016-05-19 19:51:29.809389 -76 -83 -74 -75 -79 
2016-05-19 19:51:29.913403 -69 -73 -70 -77 -78 
2016-05-19 19:51:30.017418 -74 -78 -75 -71 -77 
2016-05-19 19:51:30.162436 -70 -78 -70 -74 -76 
2016-05-19 19:51:30.506477 -76 -79 -71 -79 -79 
2016-05-19 19:51:30.605497 -81 -84 -72 -85 -81 
2016-05-19 19:51:30.759513 -71 -84 -72 -81 -74 
2016-05-19 19:51:30.965544 -71 -85 -72 -79 -80 
2016-05-19 19:51:31.076552 -69 -85 -74 -77 -74 
2016-05-19 19:51:31.397597 -76 -83 -78 -77 -76 
2016-05-19 19:51:31.634628 -78 -75 -77 -77 -77 
2016-05-19 19:51:31.826650 -74 -85 -76 -77 -77 
2016-05-19 19:51:32.028679 -76 -81 -72 -76 -76 
2016-05-19 19:51:32.187700 -80 -80 -71 -83 -81 
2016-05-19 19:51:32.433733 -74 -76 -72 -74 -78 
2016-05-19 19:51:32.636756 -75 -77 -78 -78 -75 
2016-05-19 19:51:32.760779 -70 -77 -76 -72 -87 
2016-05-19 19:51:32.933797 -82 -82 -75 -77 -83 
2016-05-19 19:51:33.138824 -78 -78 -76 -75 -85 
2016-05-19 19:51:33.257841 -81 -80 -83 -75 -80 
2016-05-19 19:51:33.359853 -80 -75 -79 -82 -79 
2016-05-19 19:51:33.552878 -85 -81 -83 -86 -87 
2016-05-19 19:51:33.654892 -75 -77 -73 -85 -80 
2016-05-19 19:51:34.081945 -75 -77 -79 -77 -81 
2016-05-19 19:51:34.409990 -77 -86 -78 -78 -77 
2016-05-19 19:51:34.604018 -76 -80 -87 -81 -78 
2016-05-19 19:51:34.862047 -72 -79 -76 -80 -82 
2016-05-19 19:51:34.967071 -71 -85 -81 -83 -81 
2016-05-19 19:51:35.382125 -76 -84 -77 -85 -79 
2016-05-19 19:51:35.509153 -79 -76 -74 -87 -85 
2016-05-19 19:51:35.615149 -75 -79 -74 -83 -82 
2016-05-19 19:51:35.723171 -71 -75 -81 -80 -91 
2016-05-19 19:51:35.828187 -72 -79 -81 -86 -83 
2016-05-19 19:51:35.950200 -76 -84 -75 -89 -81 
2016-05-19 19:51:36.118215 -78 -87 -79 -92 -75 
2016-05-19 19:51:36.527273 -72 -75 -72 -79 -78 
2016-05-19 19:51:36.737293 -68 -76 -80 -85 -74 
2016-05-19 19:51:37.021337 -71 -77 -76 -86 -74 
2016-05-19 19:51:37.322369 -72 -85 -82 -85 -76 
2016-05-19 19:51:37.573422 -72 -86 -74 -82 -83 
2016-05-19 19:51:37.755428 -72 -81 -73 -87 -75 
2016-05-19 19:51:37.858444 -73 -89 -76 -80 -75 
2016-05-19 19:51:37.963477 -76 -75 -73 -91 -70 
2016-05-19 19:51:38.174515 -74 -79 -77 -84 -75 
2016-05-19 19:51:38.278497 -71 -86 -76 -86 -74 
2016-05-19 19:51:38.714573 -66 -80 -75 -87 -73 
2016-05-19 19:51:38.820600 -59 -84 -77 -83 -72 
2016-05-19 19:51:38.992587 -65 -77 -75 -81 -75 
2016-05-19 19:51:39.134628 -81 -75 -79 -85 -81 
2016-05-19 19:51:39.236626 -66 -83 -83 -92 -74 
2016-05-19 19:51:39.394681 -65 -75 -74 -85 -76 
2016-05-19 19:51:39.560664 -67 -79 -78 -85 -76 
2016-05-19 19:51:39.763703 -63 -78 -72 -85 -77 
2016-05-19 19:51:39.980719 -67 -81 -72 -84 -76 
2016-05-19 19:51:40.056733 -59 -78 -78 -88 -74 
2016-05-19 19:51:40.301774 -64 -80 -75 -84 -75 
2016-05-19 19:51:40.404808 -70 -83 -78 -89 -76 
2016-05-19 19:51:40.577811 -66 -81 -77 -84 -74 
2016-05-19 19:51:40.833839 -66 -78 -76 -87 -75 
2016-05-19 19:51:40.989850 -68 -81 -79 -85 -78 
2016-05-19 19:51:41.099865 -71 -76 -74 -90 -85 
2016-05-19 19:51:41.246887 -69 -80 -81 -89 -77 
2016-05-19 19:51:41.351902 -68 -76 -74 -83 -84 
2016-05-19 19:51:41.452908 -70 -81 -84 -88 -76 
2016-05-19 19:51:41.656942 -68 -79 -74 -82 -78 
2016-05-19 19:51:41.817955 -59 -85 -73 -84 -81 
2016-05-19 19:51:41.983986 -66 -75 -74 -85 -74 
2016-05-19 19:51:42.088012 -59 -86 -76 -88 -81 
2016-05-19 19:51:42.197012 -66 -75 -72 -88 -74 
2016-05-19 19:51:42.355029 -60 -86 -72 -88 -77 
2016-05-19 19:51:42.507059 -65 -83 -83 -88 -80 
2016-05-19 19:51:42.718075 -62 -83 -74 -89 -78 
2016-05-19 19:51:42.925104 -62 -85 -76 -88 -76 
2016-05-19 19:51:43.136131 -63 -81 -73 -89 -82 
2016-05-19 19:51:43.250145 -65 -78 -78 -89 -78 
2016-05-19 19:51:43.562191 -66 -82 -73 -89 -78 
2016-05-19 19:51:43.671201 -65 -78 -77 -90 -79 
2016-05-19 19:51:43.773212 -66 -84 -69 -89 -74 
2016-05-19 19:51:43.973238 -65 -78 -72 -90 -79 
2016-05-19 19:51:44.184269 -61 -78 -73 -92 -79 
2016-05-19 19:51:44.389303 -63 -81 -77 -89 -79 
2016-05-19 19:51:44.597327 -63 -86 -78 -88 -79 
2016-05-19 19:51:45.234405 -63 -79 -73 -92 -79 
2016-05-19 19:51:45.403433 -60 -79 -71 -90 -80 
2016-05-19 19:51:45.588449 -62 -83 -76 -90 -83 
2016-05-19 19:51:46.396567 -63 -82 -73 -92 -76 
2016-05-19 19:51:46.578588 -68 -80 -71 -86 -74 
2016-05-19 19:51:46.681605 -67 -83 -72 -89 -75 
2016-05-19 19:51:46.877623 -59 -80 -70 -86 -75 
2016-05-19 19:51:47.026649 -67 -83 -77 -87 -77 
2016-05-19 19:51:47.240676 -63 -81 -74 -85 -76 
2016-05-19 19:51:47.654722 -65 -81 -73 -89 -74 
2016-05-19 19:51:47.758736 -63 -80 -70 -86 -77 
2016-05-19 19:51:47.865749 -67 -82 -74 -87 -74 
2016-05-19 19:51:48.078777 -63 -81 -73 -87 -76 
2016-05-19 19:51:48.297804 -63 -80 -77 -85 -75 
2016-05-19 19:51:48.502880 -63 -80 -73 -85 -76 
2016-05-19 19:51:48.713894 -63 -82 -73 -86 -75 
2016-05-19 19:51:48.962911 -62 -85 -72 -86 -74 
2016-05-19 19:51:49.870024 -66 -80 -74 -80 -77 
2016-05-19 19:51:49.974036 -65 -81 -79 -83 -71 
2016-05-19 19:51:50.120069 -71 -80 -73 -79 -77 
2016-05-19 19:51:50.225057 -64 -83 -73 -87 -83 
2016-05-19 19:51:50.329084 -70 -80 -78 -82 -71 
2016-05-19 19:51:50.545099 -65 -84 -80 -84 -72 
2016-05-19 19:51:50.848135 -70 -88 -75 -83 -71 
2016-05-19 19:51:50.949162 -77 -84 -69 -81 -75 
2016-05-19 19:51:51.128186 -71 -87 -78 -85 -71 
2016-05-19 19:51:51.278209 -80 -78 -76 -81 -69 
2016-05-19 19:51:51.477244 -69 -83 -76 -81 -73 
2016-05-19 19:51:51.581234 -73 -86 -78 -81 -86 
2016-05-19 19:51:51.685274 -69 -86 -73 -84 -77 
2016-05-19 19:51:51.935285 -79 -81 -78 -80 -73 
2016-05-19 19:51:52.063294 -74 -83 -76 -80 -71 
2016-05-19 19:51:52.168307 -80 -77 -83 -87 -75 
2016-05-19 19:51:52.267328 -74 -80 -77 -86 -68 
2016-05-19 19:51:52.478348 -74 -74 -70 -81 -65 
2016-05-19 19:51:52.737391 -71 -82 -70 -82 -69 
2016-05-19 19:51:53.265454 -74 -81 -86 -84 -74 
2016-05-19 19:51:53.386470 -65 -91 -78 -84 -69 
2016-05-19 19:51:53.626501 -70 -90 -76 -87 -76 
2016-05-19 19:51:53.730519 -71 -84 -75 -89 -69 
2016-05-19 19:51:54.003548 -67 -84 -71 -86 -74 
2016-05-19 19:51:54.150570 -67 -83 -70 -88 -70 
2016-05-19 19:51:54.559624 -74 -82 -72 -80 -71 
2016-05-19 19:51:54.769663 -70 -78 -79 -80 -84 
2016-05-19 19:51:54.977696 -73 -78 -73 -80 -83 
2016-05-19 19:51:55.273725 -70 -84 -70 -85 -69 
2016-05-19 19:51:55.376737 -61 -78 -83 -79 -80 
2016-05-19 19:51:55.663765 -65 -81 -79 -89 -74 
2016-05-19 19:51:55.875795 -68 -82 -79 -82 -76 
2016-05-19 19:51:56.086823 -70 -77 -74 -86 -77 
2016-05-19 19:51:56.195837 -66 -82 -67 -85 -71 
2016-05-19 19:51:56.323851 -68 -83 -72 -82 -81 
2016-05-19 19:51:56.432872 -68 -84 -76 -85 -76 
2016-05-19 19:51:56.637899 -72 -84 -73 -83 -78 
2016-05-19 19:51:57.172970 -66 -79 -77 -90 -75 
2016-05-19 19:51:57.281986 -68 -73 -78 -83 -85 
2016-05-19 19:51:57.469002 -64 -82 -85 -91 -77 
2016-05-19 19:51:57.600043 -66 -80 -73 -86 -80 
2016-05-19 19:51:57.805048 -62 -76 -72 -86 -78 
2016-05-19 19:51:58.010073 -62 -75 -76 -88 -79 
2016-05-19 19:51:58.228107 -65 -76 -77 -88 -81 
2016-05-19 19:51:58.424144 -65 -76 -78 -83 -83 
2016-05-19 19:51:58.634154 -64 -82 -81 -90 -79 
2016-05-19 19:51:58.755171 -66 -80 -83 -85 -80 
2016-05-19 19:51:58.971213 -65 -78 -80 -87 -79 
2016-05-19 19:51:59.067223 -68 -80 -75 -84 -78 
2016-05-19 19:51:59.246236 -66 -78 -76 -86 -79 
2016-05-19 19:51:59.425303 -65 -86 -84 -86 -78 
2016-05-19 19:51:59.775315 -63 -81 -75 -86 -81 
2016-05-19 19:52:00.194357 -65 -76 -75 -87 -79 
2016-05-19 19:52:00.304370 -65 -76 -73 -86 -74 
2016-05-19 19:52:00.465415 -62 -77 -84 -87 -78 
2016-05-19 19:52:00.953505 -66 -81 -75 -87 -81 
2016-05-19 19:52:01.164484 -63 -76 -73 -85 -81 
2016-05-19 19:52:01.478532 -66 -82 -72 -88 -87 
2016-05-19 19:52:01.603546 -64 -78 -74 -87 -81 
2016-05-19 19:52:01.707558 -71 -89 -83 -89 -79 
2016-05-19 19:52:01.906583 -68 -74 -79 -88 -77 
2016-05-19 19:52:02.212633 -66 -79 -74 -85 -77 
2016-05-19 19:52:02.417654 -64 -78 -76 -84 -82 
2016-05-19 19:52:02.523667 -66 -84 -78 -88 -87 
2016-05-19 19:52:02.627690 -74 -74 -68 -85 -76 
2016-05-19 19:52:02.806717 -67 -79 -83 -86 -75 
2016-05-19 19:52:02.914714 -71 -84 -83 -82 -88 
2016-05-19 19:52:03.056743 -69 -75 -68 -83 -87 
2016-05-19 19:52:03.371815 -73 -80 -82 -83 -76 
2016-05-19 19:52:03.473790 -66 -75 -82 -84 -91 
2016-05-19 19:52:03.575800 -76 -86 -85 -88 -89 
2016-05-19 19:52:03.686836 -67 -76 -66 -81 -91 
2016-05-19 19:52:03.867858 -68 -81 -67 -84 -76 
2016-05-19 19:52:04.074863 -71 -76 -67 -83 -76 
2016-05-19 19:52:04.335905 -77 -87 -68 -80 -81 
2016-05-19 19:52:04.490921 -71 -81 -74 -83 -72 
2016-05-19 19:52:04.630943 -74 -80 -86 -80 -84 
2016-05-19 19:52:04.767957 -77 -82 -68 -85 -76 
2016-05-19 19:52:04.876982 -72 -85 -82 -89 -75 
2016-05-19 19:52:05.024009 -72 -81 -74 -83 -80 
2016-05-19 19:52:05.152021 -67 -78 -79 -84 -77 
2016-05-19 19:52:05.344035 -73 -82 -77 -86 -74 
2016-05-19 19:52:05.516065 -77 -74 -81 -89 -74 
2016-05-19 19:52:05.615065 -66 -80 -75 -86 -75 
2016-05-19 19:52:05.816100 -67 -78 -74 -87 -71 
2016-05-19 19:52:05.924116 -71 -83 -76 -85 -72 
2016-05-19 19:52:06.034125 -66 -87 -74 -87 -68 
2016-05-19 19:52:06.140132 -68 -87 -81 -87 -81 
2016-05-19 19:52:06.352164 -70 -86 -80 -85 -70 
2016-05-19 19:52:06.559195 -69 -80 -77 -87 -76 
2016-05-19 19:52:06.774223 -68 -78 -77 -83 -64 
2016-05-19 19:52:06.983246 -69 -83 -80 -89 -62 
2016-05-19 19:52:07.131266 -68 -84 -81 -89 -65 
2016-05-19 19:52:07.286287 -66 -80 -77 -84 -68 
2016-05-19 19:52:07.458312 -69 -85 -76 -87 -66 
2016-05-19 19:52:07.725340 -61 -81 -77 -85 -71 
2016-05-19 19:52:07.874367 -63 -75 -74 -87 -67 
2016-05-19 19:52:08.193408 -66 -82 -80 -88 -65 
2016-05-19 19:52:08.402432 -77 -83 -83 -88 -63 
2016-05-19 19:52:08.506445 -72 -85 -84 -89 -65 
2016-05-19 19:52:08.650467 -65 -86 -80 -84 -66 
2016-05-19 19:52:08.771479 -75 -81 -88 -86 -68 
2016-05-19 19:52:08.862490 -66 -83 -80 -86 -65 
2016-05-19 19:52:09.075516 -69 -79 -85 -88 -68 
2016-05-19 19:52:09.821616 -72 -82 -83 -81 -66 
2016-05-19 19:52:09.980646 -69 -79 -80 -91 -64 
2016-05-19 19:52:10.187666 -74 -80 -77 -82 -65 
2016-05-19 19:52:10.446715 -76 -82 -78 -86 -64 
2016-05-19 19:52:10.548711 -86 -76 -86 -83 -65 
2016-05-19 19:52:10.652725 -68 -80 -79 -86 -65 
2016-05-19 19:52:10.756739 -80 -81 -86 -85 -70 
2016-05-19 19:52:11.068780 -70 -80 -78 -87 -64 
2016-05-19 19:52:11.173804 -75 -80 -75 -81 -69 
2016-05-19 19:52:11.387835 -68 -81 -74 -84 -65 
2016-05-19 19:52:11.592848 -72 -83 -77 -82 -65 
2016-05-19 19:52:11.701862 -71 -82 -81 -84 -64 
2016-05-19 19:52:11.911892 -71 -82 -78 -81 -65 
2016-05-19 19:52:12.012903 -73 -77 -75 -88 -70 
2016-05-19 19:52:12.117927 -68 -81 -80 -85 -65 
2016-05-19 19:52:12.217936 -74 -78 -77 -81 -70 
2016-05-19 19:52:12.326967 -69 -81 -79 -84 -66 
2016-05-19 19:52:12.435955 -74 -79 -77 -86 -71 
2016-05-19 19:52:12.537972 -69 -82 -80 -85 -65 
2016-05-19 19:52:12.637985 -68 -78 -77 -81 -68 
2016-05-19 19:52:12.777011 -67 -80 -73 -86 -65 
2016-05-19 19:52:13.011040 -70 -81 -76 -83 -64 
2016-05-19 19:52:13.104077 -74 -82 -80 -87 -69 
2016-05-19 19:52:13.275078 -70 -82 -76 -85 -65 
2016-05-19 19:52:13.482095 -73 -79 -78 -85 -65 
2016-05-19 19:52:13.773133 -71 -77 -77 -82 -68 
2016-05-19 19:52:14.015178 -68 -79 -78 -84 -65 
2016-05-19 19:52:14.205193 -69 -88 -75 -82 -63 
2016-05-19 19:52:14.440224 -72 -84 -77 -83 -68 
2016-05-19 19:52:14.628247 -70 -86 -77 -81 -68 
2016-05-19 19:52:14.786268 -69 -77 -77 -84 -70 
2016-05-19 19:52:14.889285 -65 -86 -75 -82 -66 
2016-05-19 19:52:15.103315 -70 -79 -76 -82 -65 
2016-05-19 19:52:15.403347 -71 -84 -75 -81 -68 
2016-05-19 19:52:15.614380 -70 -82 -74 -82 -65 
2016-05-19 19:52:15.919415 -71 -82 -74 -83 -69 
2016-05-19 19:52:16.237477 -73 -81 -75 -84 -66 
2016-05-19 19:52:16.345517 -68 -86 -74 -83 -71 
2016-05-19 19:52:16.452498 -71 -78 -77 -83 -63 
2016-05-19 19:52:16.559536 -68 -84 -76 -83 -70 
2016-05-19 19:52:16.662528 -75 -77 -76 -82 -64 
2016-05-19 19:52:16.768540 -67 -83 -79 -83 -69 
2016-05-19 19:52:17.080569 -69 -77 -75 -81 -66 
2016-05-19 19:52:17.291590 -69 -78 -75 -81 -65 
2016-05-19 19:52:17.400641 -68 -82 -74 -86 -73 
2016-05-19 19:52:17.505654 -80 -87 -74 -80 -64 
2016-05-19 19:52:17.793658 -69 -80 -75 -83 -70 
2016-05-19 19:52:17.896669 -81 -81 -78 -85 -67 
2016-05-19 19:52:18.031714 -68 -91 -77 -81 -75 
2016-05-19 19:52:18.207714 -71 -81 -79 -83 -62 
2016-05-19 19:52:18.448744 -71 -82 -69 -85 -71 
2016-05-19 19:52:18.553759 -65 -81 -84 -85 -67 
2016-05-19 19:52:18.949810 -72 -91 -74 -81 -72 
2016-05-19 19:52:19.162855 -71 -82 -74 -83 -68 
2016-05-19 19:52:19.400871 -71 -88 -78 -89 -64 
2016-05-19 19:52:19.599894 -82 -83 -78 -85 -67 
2016-05-19 19:52:19.795937 -66 -80 -78 -82 -73 
2016-05-19 19:52:20.079958 -80 -80 -73 -82 -65 
2016-05-19 19:52:20.256001 -66 -87 -79 -86 -68 
2016-05-19 19:52:20.426052 -80 -80 -69 -82 -74 
2016-05-19 19:52:20.637031 -68 -83 -77 -84 -62 
2016-05-19 19:52:20.965080 -66 -80 -81 -86 -69 
2016-05-19 19:52:21.170109 -68 -82 -75 -87 -73 
2016-05-19 19:52:21.276117 -59 -82 -83 -85 -72 
2016-05-19 19:52:21.494156 -63 -84 -75 -89 -71 
2016-05-19 19:52:21.637173 -62 -79 -73 -90 -76 
2016-05-19 19:52:21.744222 -62 -84 -76 -83 -74 
2016-05-19 19:52:21.955209 -68 -83 -75 -86 -76 
2016-05-19 19:52:22.063216 -67 -82 -84 -86 -82 
2016-05-19 19:52:22.228269 -71 -77 -81 -84 -74 
2016-05-19 19:52:22.333303 -70 -80 -85 -91 -81 
2016-05-19 19:52:22.544280 -71 -83 -76 -82 -80 
2016-05-19 19:52:22.802310 -69 -79 -77 -84 -71 
2016-05-19 19:52:23.069368 -68 -78 -77 -88 -76 
2016-05-19 19:52:23.277386 -65 -85 -82 -88 -77 
2016-05-19 19:52:23.383389 -62 -82 -75 -84 -78 
2016-05-19 19:52:23.595416 -68 -83 -79 -88 -78 
2016-05-19 19:52:23.747458 -69 -88 -75 -86 -71 
2016-05-19 19:52:24.011474 -65 -83 -80 -92 -77 
2016-05-19 19:52:24.170491 -68 -81 -82 -89 -81 
2016-05-19 19:52:24.478531 -69 -83 -78 -85 -76 
2016-05-19 19:52:24.684559 -68 -89 -77 -86 -71 
2016-05-19 19:52:25.073609 -67 -89 -79 -90 -82 
2016-05-19 19:52:25.283637 -64 -83 -78 -80 -82 
2016-05-19 19:52:25.495664 -67 -84 -79 -87 -77 
2016-05-19 19:52:25.601682 -78 -92 -81 -85 -71 
2016-05-19 19:52:25.806708 -66 -84 -85 -84 -72 
2016-05-19 19:52:25.942728 -66 -80 -80 -92 -74 
2016-05-19 19:52:26.326777 -74 -83 -80 -87 -79 
2016-05-19 19:52:26.648815 -74 -89 -77 -88 -71 
2016-05-19 19:52:27.073871 -63 -84 -85 -87 -80 
2016-05-19 19:52:27.310916 -66 -81 -83 -87 -80 
2016-05-19 19:52:28.138010 -66 -84 -83 -89 -75 
2016-05-19 19:52:28.459051 -63 -86 -81 -86 -77 
2016-05-19 19:52:28.878111 -67 -83 -82 -86 -75 
2016-05-19 19:52:29.094133 -65 -82 -80 -88 -79 
2016-05-19 19:52:29.299160 -68 -82 -90 -88 -82 
2016-05-19 19:52:29.613198 -65 -85 -79 -91 -78 
2016-05-19 19:52:29.925242 -71 -79 -82 -91 -70 
2016-05-19 19:52:30.233280 -68 -83 -78 -86 -82 
2016-05-19 19:52:30.444310 -67 -82 -78 -85 -78 
2016-05-19 19:52:30.654338 -66 -83 -80 -86 -82 
2016-05-19 19:52:30.853360 -65 -88 -86 -86 -81 
2016-05-19 19:52:30.958374 -67 -88 -79 -86 -74 
2016-05-19 19:52:31.163400 -64 -85 -88 -85 -82 
2016-05-19 19:52:31.374431 -68 -86 -84 -85 -82 
2016-05-19 19:52:31.794486 -66 -86 -82 -87 -73 
2016-05-19 19:52:32.023513 -69 -85 -82 -87 -72 
2016-05-19 19:52:32.216541 -69 -84 -86 -87 -71 
2016-05-19 19:52:32.413571 -66 -83 -85 -82 -74 
2016-05-19 19:52:32.828618 -67 -87 -84 -85 -77 
2016-05-19 19:52:33.032650 -65 -86 -84 -83 -72 
2016-05-19 19:52:33.670731 -64 -80 -79 -82 -74 
2016-05-19 19:52:33.801748 -63 -86 -81 -87 -77 
2016-05-19 19:52:34.310814 -67 -82 -81 -80 -72 
2016-05-19 19:52:34.455833 -67 -82 -83 -87 -81 
2016-05-19 19:52:34.637861 -66 -79 -89 -84 -71 
2016-05-19 19:52:34.849885 -67 -84 -86 -80 -80 
2016-05-19 19:52:34.956899 -65 -91 -81 -84 -71 
2016-05-19 19:52:35.068911 -67 -84 -79 -91 -84 
2016-05-19 19:52:35.168923 -66 -83 -87 -86 -69 
2016-05-19 19:52:35.277946 -66 -90 -89 -87 -76 
2016-05-19 19:52:35.481967 -68 -87 -90 -87 -70 
2016-05-19 19:52:35.586981 -71 -80 -87 -86 -68 
2016-05-19 19:52:35.790007 -67 -86 -82 -88 -69 
2016-05-19 19:52:35.924022 -63 -88 -81 -87 -68 
2016-05-19 19:52:36.212063 -65 -77 -78 -88 -72 
2016-05-19 19:52:36.620121 -67 -82 -80 -88 -75 
2016-05-19 19:52:36.822148 -67 -86 -83 -86 -74 
2016-05-19 19:52:37.063180 -67 -80 -83 -87 -69 
2016-05-19 19:52:37.352212 -65 -78 -82 -83 -73 
2016-05-19 19:52:37.558242 -60 -73 -84 -87 -75 
2016-05-19 19:52:37.769263 -63 -84 -79 -84 -79 
2016-05-19 19:52:37.979291 -62 -82 -76 -83 -71 
2016-05-19 19:52:38.301337 -67 -82 -81 -86 -78 
2016-05-19 19:52:38.533386 -63 -79 -80 -85 -70 
2016-05-19 19:52:38.639378 -59 -80 -79 -87 -69 
2016-05-19 19:52:38.947438 -61 -84 -84 -84 -76 
2016-05-19 19:52:39.240468 -62 -87 -77 -86 -71 
2016-05-19 19:52:39.363494 -65 -80 -81 -84 -74 
2016-05-19 19:52:39.554510 -74 -91 -77 -89 -72 
2016-05-19 19:52:39.707520 -64 -78 -83 -81 -70 
2016-05-19 19:52:39.811534 -66 -84 -83 -83 -84 
2016-05-19 19:52:40.019558 -64 -80 -81 -83 -77 
2016-05-19 19:52:40.188587 -61 -87 -77 -91 -74 
2016-05-19 19:52:40.398629 -62 -83 -78 -87 -79 
2016-05-19 19:52:40.611639 -62 -88 -77 -86 -79 
2016-05-19 19:52:40.817676 -62 -84 -85 -89 -77 
2016-05-19 19:52:41.028705 -60 -87 -81 -91 -72 
2016-05-19 19:52:41.135734 -60 -78 -77 -91 -75 
2016-05-19 19:52:41.247728 -67 -88 -81 -86 -71 
2016-05-19 19:52:41.467750 -60 -85 -78 -86 -78 
2016-05-19 19:52:41.891805 -63 -84 -82 -89 -79 
2016-05-19 19:52:42.183846 -61 -89 -80 -88 -71 
2016-05-19 19:52:42.293860 -69 -82 -80 -91 -73 
2016-05-19 19:52:42.508889 -65 -89 -82 -84 -72 
2016-05-19 19:52:42.833932 -63 -77 -85 -86 -72 
2016-05-19 19:52:43.045955 -59 -87 -85 -85 -81 
2016-05-19 19:52:43.153973 -66 -86 -78 -87 -71 
2016-05-19 19:52:43.255983 -58 -83 -81 -89 -80 
2016-05-19 19:52:43.459013 -64 -90 -80 -91 -72 
2016-05-19 19:52:43.904071 -64 -84 -81 -90 -82 
2016-05-19 19:52:44.007082 -74 -88 -78 -88 -77 
2016-05-19 19:52:44.602158 -64 -85 -85 -87 -74 
2016-05-19 19:52:44.743177 -67 -83 -84 -88 -75 
2016-05-19 19:52:44.851192 -69 -86 -83 -91 -75 
2016-05-19 19:52:45.054221 -67 -86 -82 -88 -78 
2016-05-19 19:52:45.370257 -67 -85 -85 -86 -69 
2016-05-19 19:52:45.579292 -62 -83 -90 -90 -70 
2016-05-19 19:52:45.687323 -58 -87 -90 -85 -73 
2016-05-19 19:52:46.072390 -64 -84 -87 -83 -72 
2016-05-19 19:52:46.405393 -70 -85 -84 -90 -75 
2016-05-19 19:52:46.613422 -62 -83 -84 -88 -73 
2016-05-19 19:52:46.832463 -63 -83 -84 -87 -73 
2016-05-19 19:52:47.033477 -68 -86 -81 -84 -76 
2016-05-19 19:52:47.247506 -64 -86 -83 -86 -70 
2016-05-19 19:52:47.662559 -64 -84 -84 -84 -74 
2016-05-19 19:52:47.865583 -63 -86 -84 -89 -74 
2016-05-19 19:52:48.293641 -66 -85 -85 -90 -74 
2016-05-19 19:52:48.492672 -63 -83 -86 -85 -71 
2016-05-19 19:52:48.693694 -63 -84 -85 -87 -72 
2016-05-19 19:52:48.807727 -59 -83 -88 -86 -73 
2016-05-19 19:52:49.144757 -64 -82 -82 -86 -72 
2016-05-19 19:52:49.335792 -59 -80 -92 -84 -71 
2016-05-19 19:52:49.547822 -67 -82 -83 -87 -74 
2016-05-19 19:52:49.651841 -57 -87 -86 -85 -75 
2016-05-19 19:52:50.175921 -61 -86 -83 -81 -78 
2016-05-19 19:52:50.391971 -63 -83 -85 -84 -76 
2016-05-19 19:52:50.592954 -66 -84 -88 -85 -75 
2016-05-19 19:52:51.102017 -60 -80 -81 -89 -75 
2016-05-19 19:52:51.222033 -67 -90 -84 -87 -87 
2016-05-19 19:52:51.417062 -62 -84 -84 -88 -74 
2016-05-19 19:52:51.537078 -62 -86 -86 -86 -79 
2016-05-19 19:52:51.734091 -63 -82 -80 -82 -77 
2016-05-19 19:52:51.839105 -64 -80 -78 -89 -77 
2016-05-19 19:52:52.156143 -58 -78 -77 -88 -73 
2016-05-19 19:52:52.480191 -66 -83 -81 -86 -71 
2016-05-19 19:52:52.590206 -73 -83 -80 -85 -75 
2016-05-19 19:52:52.802230 -69 -83 -79 -85 -66 
2016-05-19 19:52:53.011254 -67 -79 -90 -86 -74 
2016-05-19 19:52:53.535330 -63 -84 -79 -86 -69 
2016-05-19 19:52:53.698352 -68 -83 -77 -89 -77 
2016-05-19 19:52:53.798361 -68 -89 -78 -88 -74 
2016-05-19 19:52:53.965386 -64 -82 -86 -76 -70 
2016-05-19 19:52:54.067402 -64 -83 -78 -79 -69 
2016-05-19 19:52:54.211412 -68 -80 -83 -88 -90 
2016-05-19 19:52:54.677494 -65 -76 -78 -85 -71 
2016-05-19 19:52:54.903517 -70 -76 -77 -86 -80 
2016-05-19 19:52:55.125540 -67 -82 -82 -83 -71 
2016-05-19 19:52:55.278555 -69 -86 -76 -87 -65 
2016-05-19 19:52:55.379567 -71 -81 -80 -89 -73 
2016-05-19 19:52:55.548606 -67 -83 -82 -84 -68 
2016-05-19 19:52:55.750620 -67 -80 -79 -84 -68 
2016-05-19 19:52:55.953693 -65 -80 -87 -81 -75 
2016-05-19 19:52:56.058656 -67 -81 -78 -82 -69 
2016-05-19 19:52:56.167709 -64 -84 -84 -79 -73 
2016-05-19 19:52:56.268685 -68 -81 -78 -81 -67 
2016-05-19 19:52:56.375702 -64 -82 -83 -78 -69 
2016-05-19 19:52:56.508729 -62 -75 -89 -81 -68 
2016-05-19 19:52:56.657751 -66 -85 -81 -80 -72 
2016-05-19 19:52:56.761794 -63 -78 -89 -80 -67 
2016-05-19 19:52:56.865765 -61 -83 -81 -79 -74 
2016-05-19 19:52:57.287816 -66 -81 -82 -78 -69 
2016-05-19 19:52:57.603857 -64 -81 -83 -83 -67 
2016-05-19 19:52:57.872893 -62 -80 -80 -78 -70 
2016-05-19 19:52:57.981905 -72 -79 -88 -79 -66 
2016-05-19 19:52:58.214954 -62 -80 -81 -81 -71 
2016-05-19 19:52:58.408963 -63 -80 -78 -82 -71 
2016-05-19 19:52:58.577049 -66 -80 -78 -79 -69 
2016-05-19 19:52:58.679034 -61 -80 -84 -79 -72 
2016-05-19 19:52:58.777037 -62 -80 -79 -85 -67 
2016-05-19 19:52:58.884025 -63 -83 -84 -80 -73 
2016-05-19 19:52:59.058048 -65 -80 -79 -80 -72 
2016-05-19 19:52:59.159067 -63 -81 -75 -79 -71 
2016-05-19 19:52:59.505157 -66 -83 -78 -81 -68 
2016-05-19 19:52:59.613123 -62 -82 -79 -80 -71 
2016-05-19 19:52:59.716155 -69 -83 -78 -81 -66 
2016-05-19 19:52:59.993169 -62 -81 -81 -82 -72 
2016-05-19 19:53:00.096187 -69 -83 -81 -86 -67 
2016-05-19 19:53:00.205198 -63 -83 -79 -80 -73 
2016-05-19 19:53:00.419226 -62 -83 -81 -80 -68 
2016-05-19 19:53:00.520246 -70 -82 -84 -85 -71 
2016-05-19 19:53:00.626257 -62 -82 -80 -80 -73 
2016-05-19 19:53:00.837299 -66 -83 -80 -80 -69 
2016-05-19 19:53:00.938294 -70 -85 -87 -79 -72 
2016-05-19 19:53:01.192324 -66 -81 -88 -80 -71 
2016-05-19 19:53:01.353348 -63 -84 -82 -84 -71 
2016-05-19 19:53:01.667386 -67 -83 -85 -75 -68 
2016-05-19 19:53:01.875415 -65 -83 -80 -80 -71 
2016-05-19 19:53:01.976431 -63 -84 -81 -79 -71 
2016-05-19 19:53:02.078442 -70 -84 -87 -85 -68 
2016-05-19 19:53:02.627511 -63 -84 -80 -79 -69 
2016-05-19 19:53:02.837538 -62 -83 -87 -80 -67 
2016-05-19 19:53:03.043567 -67 -83 -84 -79 -69 
2016-05-19 19:53:03.192584 -62 -82 -79 -80 -72 
2016-05-19 19:53:03.401618 -67 -83 -80 -79 -69 
2016-05-19 19:53:03.616645 -66 -83 -80 -82 -72 
2016-05-19 19:53:03.766666 -62 -83 -89 -80 -72 
2016-05-19 19:53:03.882674 -72 -83 -81 -84 -71 
2016-05-19 19:53:03.987688 -62 -87 -87 -79 -74 
2016-05-19 19:53:04.095705 -73 -83 -78 -84 -72 
2016-05-19 19:53:04.200719 -62 -81 -90 -79 -74 
2016-05-19 19:53:04.353754 -63 -83 -77 -81 -73 
2016-05-19 19:53:04.500757 -64 -81 -84 -80 -65 
2016-05-19 19:53:04.715785 -69 -78 -77 -78 -71 
2016-05-19 19:53:05.089834 -63 -83 -89 -80 -71 
2016-05-19 19:53:05.294862 -65 -83 -83 -81 -68 
2016-05-19 19:53:05.399875 -79 -86 -84 -82 -68 
2016-05-19 19:53:05.668910 -71 -81 -81 -80 -71 
2016-05-19 19:53:05.971953 -73 -79 -84 -82 -70 
2016-05-19 19:53:06.184978 -68 -81 -78 -83 -71 
2016-05-19 19:53:06.294992 -72 -86 -77 -77 -70 
2016-05-19 19:53:06.491018 -74 -81 -78 -83 -72 
2016-05-19 19:53:06.608031 -75 -89 -79 -82 -72 
2016-05-19 19:53:06.818059 -81 -87 -81 -83 -72 
2016-05-19 19:53:07.026088 -81 -83 -81 -82 -73 
2016-05-19 19:53:07.214112 -79 -81 -79 -78 -74 
2016-05-19 19:53:07.462149 -79 -84 -83 -81 -72 
2016-05-19 19:53:07.566158 -73 -85 -77 -83 -70 
2016-05-19 19:53:07.708173 -75 -86 -85 -83 -71 
2016-05-19 19:53:07.968208 -77 -85 -89 -87 -72 
2016-05-19 19:53:08.075225 -78 -84 -77 -82 -70 
2016-05-19 19:53:08.181244 -70 -83 -90 -86 -75 
2016-05-19 19:53:08.384267 -71 -84 -82 -83 -76 
2016-05-19 19:53:08.703304 -75 -87 -80 -82 -75 
2016-05-19 19:53:09.017353 -72 -84 -80 -82 -74 
2016-05-19 19:53:09.502416 -75 -78 -76 -80 -74 
2016-05-19 19:53:09.914477 -74 -80 -81 -83 -67 
2016-05-19 19:53:10.123500 -76 -81 -79 -83 -67 
2016-05-19 19:53:10.340527 -74 -79 -74 -87 -71 
2016-05-19 19:53:10.546548 -78 -86 -81 -82 -77 
2016-05-19 19:53:10.794582 -76 -83 -83 -75 -68 
2016-05-19 19:53:11.295652 -75 -86 -85 -81 -73 
2016-05-19 19:53:11.606688 -75 -79 -79 -79 -74 
2016-05-19 19:53:11.937772 -77 -88 -86 -79 -75 
2016-05-19 19:53:12.142788 -71 -90 -79 -83 -75 
2016-05-19 19:53:12.356791 -72 -80 -80 -81 -73 
2016-05-19 19:53:12.564819 -78 -85 -80 -83 -73 
2016-05-19 19:53:12.779840 -79 -85 -75 -82 -73 
2016-05-19 19:53:12.988878 -73 -85 -81 -81 -66 
2016-05-19 19:53:13.314956 -76 -81 -81 -87 -71 
2016-05-19 19:53:13.519937 -83 -80 -81 -89 -66 
2016-05-19 19:53:13.843028 -77 -83 -78 -83 -67 
2016-05-19 19:53:13.943990 -79 -80 -83 -81 -76 
2016-05-19 19:53:14.152019 -78 -82 -82 -81 -64 
2016-05-19 19:53:14.338049 -81 -79 -80 -88 -73 
2016-05-19 19:53:14.440057 -71 -85 -86 -86 -64 
2016-05-19 19:53:14.708096 -87 -76 -79 -81 -70 
2016-05-19 19:53:14.875134 -68 -82 -83 -81 -66 
2016-05-19 19:53:15.084139 -84 -80 -82 -84 -71 
2016-05-19 19:53:15.412184 -77 -82 -80 -93 -70 
2016-05-19 19:53:15.614207 -76 -82 -75 -86 -66 
2016-05-19 19:53:15.826238 -75 -85 -78 -86 -75 
2016-05-19 19:53:16.031293 -81 -76 -81 -86 -74 
2016-05-19 19:53:16.275310 -85 -76 -83 -87 -70 
2016-05-19 19:53:16.545332 -83 -83 -79 -87 -72 
2016-05-19 19:53:16.765368 -75 -82 -79 -87 -71 
2016-05-19 19:53:16.977398 -75 -83 -78 -86 -69 
2016-05-19 19:53:17.322463 -76 -83 -77 -86 -73 
2016-05-19 19:53:17.425465 -80 -82 -81 -87 -65 
2016-05-19 19:53:17.524456 -68 -81 -75 -86 -84 
2016-05-19 19:53:17.715485 -81 -82 -78 -86 -64 
2016-05-19 19:53:17.835500 -80 -83 -81 -86 -73 
2016-05-19 19:53:18.135541 -76 -83 -79 -84 -69 
2016-05-19 19:53:18.562594 -76 -83 -79 -87 -69 
2016-05-19 19:53:18.836630 -71 -80 -81 -87 -73 
2016-05-19 19:53:18.981649 -66 -86 -82 -86 -72 
2016-05-19 19:53:19.187676 -75 -80 -80 -83 -72 
2016-05-19 19:53:19.395704 -74 -81 -80 -83 -68 
2016-05-19 19:53:19.606730 -70 -78 -82 -81 -78 
2016-05-19 19:53:19.708748 -88 -78 -77 -87 -64 
2016-05-19 19:53:19.879765 -67 -81 -77 -84 -71 
2016-05-19 19:53:19.983785 -66 -84 -81 -86 -77 
2016-05-19 19:53:20.156802 -66 -81 -81 -85 -69 
2016-05-19 19:53:20.332825 -78 -82 -79 -86 -66 
2016-05-19 19:53:20.535852 -77 -81 -75 -87 -70 
2016-05-19 19:53:20.637866 -87 -85 -81 -87 -75 
2016-05-19 19:53:20.845892 -75 -81 -80 -87 -66 
2016-05-19 19:53:21.048923 -81 -82 -80 -87 -73 
2016-05-19 19:53:21.263951 -66 -82 -79 -84 -69 
2016-05-19 19:53:21.371961 -77 -83 -78 -89 -66 
2016-05-19 19:53:21.533986 -66 -81 -80 -85 -71 
2016-05-19 19:53:21.700001 -88 -83 -80 -88 -75 
2016-05-19 19:53:21.837026 -67 -83 -77 -86 -68 
2016-05-19 19:53:21.942056 -76 -87 -84 -85 -69 
2016-05-19 19:53:22.080052 -67 -80 -81 -86 -75 
2016-05-19 19:53:22.188088 -86 -76 -81 -85 -69 
2016-05-19 19:53:22.338090 -66 -81 -83 -84 -71 
2016-05-19 19:53:22.542116 -82 -82 -79 -85 -71 
2016-05-19 19:53:22.940164 -75 -81 -80 -85 -71 
2016-05-19 19:53:23.149209 -74 -82 -82 -85 -70 
2016-05-19 19:53:23.594255 -75 -81 -80 -84 -71 
2016-05-19 19:53:23.701265 -65 -82 -77 -87 -72 
2016-05-19 19:53:23.812280 -84 -86 -83 -82 -67 
2016-05-19 19:53:24.197335 -72 -81 -78 -81 -69 
2016-05-19 19:53:24.413358 -80 -84 -84 -83 -69 
2016-05-19 19:53:24.825410 -73 -84 -81 -86 -68 
2016-05-19 19:53:25.080443 -66 -82 -83 -86 -66 
2016-05-19 19:53:25.395484 -76 -81 -80 -85 -69 
2016-05-19 19:53:25.501501 -86 -82 -76 -83 -65 
2016-05-19 19:53:25.877550 -76 -80 -79 -85 -70 
2016-05-19 19:53:26.087577 -75 -82 -84 -85 -71 
2016-05-19 19:53:26.301605 -75 -83 -79 -85 -70 
2016-05-19 19:53:26.712659 -73 -79 -78 -87 -70 
2016-05-19 19:53:26.928688 -69 -83 -82 -87 -71 
2016-05-19 19:53:27.133714 -69 -85 -82 -87 -69 
2016-05-19 19:53:27.235724 -82 -79 -76 -85 -72 
2016-05-19 19:53:27.449759 -74 -81 -80 -86 -69 
2016-05-19 19:53:27.686786 -69 -81 -80 -88 -66 
2016-05-19 19:53:28.210852 -79 -79 -80 -82 -65 
2016-05-19 19:53:28.600903 -75 -82 -80 -84 -68 
2016-05-19 19:53:28.706919 -76 -81 -89 -80 -75 
2016-05-19 19:53:28.806932 -74 -89 -82 -84 -69 
2016-05-19 19:53:28.912946 -80 -82 -76 -78 -69 
2016-05-19 19:53:29.014964 -73 -77 -77 -84 -66 
2016-05-19 19:53:29.331016 -77 -80 -81 -86 -68 
2016-05-19 19:53:29.538056 -75 -78 -80 -81 -67 
2016-05-19 19:53:29.683075 -74 -77 -85 -85 -69 
2016-05-19 19:53:29.858097 -77 -80 -78 -76 -68 
2016-05-19 19:53:30.058098 -79 -80 -80 -78 -69 
2016-05-19 19:53:30.214118 -81 -78 -80 -86 -69 
2016-05-19 19:53:30.424145 -80 -80 -83 -83 -64 
2016-05-19 19:53:30.577172 -82 -79 -79 -76 -66 
2016-05-19 19:53:30.733185 -79 -82 -91 -76 -68 
2016-05-19 19:53:30.902207 -74 -79 -78 -80 -67 
2016-05-19 19:53:31.526286 -79 -79 -79 -78 -71 
2016-05-19 19:53:31.736313 -77 -81 -79 -77 -66 
2016-05-19 19:53:31.844330 -77 -77 -79 -85 -68 
2016-05-19 19:53:31.995354 -77 -80 -78 -77 -66 
2016-05-19 19:53:32.373399 -80 -81 -76 -86 -71 
2016-05-19 19:53:32.748454 -75 -86 -81 -85 -72 
2016-05-19 19:53:33.207509 -75 -82 -80 -87 -67 
2016-05-19 19:53:33.417535 -73 -81 -76 -92 -64 
2016-05-19 19:53:34.465675 -75 -85 -82 -85 -64 
2016-05-19 19:53:34.633694 -78 -83 -87 -86 -67 
2016-05-19 19:53:34.771708 -74 -82 -81 -87 -64 
2016-05-19 19:53:34.881728 -74 -80 -82 -90 -65 
2016-05-19 19:53:35.087755 -70 -85 -84 -76 -67 
2016-05-19 19:53:35.203768 -89 -88 -75 -83 -76 
2016-05-19 19:53:35.348788 -72 -78 -77 -87 -76 
2016-05-19 19:53:35.456815 -77 -89 -82 -86 -66 
2016-05-19 19:53:35.623823 -86 -78 -80 -84 -78 
2016-05-19 19:53:36.131930 -71 -85 -83 -87 -72 
2016-05-19 19:53:36.317976 -72 -75 -79 -86 -77 
2016-05-19 19:53:36.522941 -76 -84 -78 -86 -77 
2016-05-19 19:53:36.676958 -74 -87 -80 -85 -76 
2016-05-19 19:53:36.884989 -74 -76 -85 -86 -87 
2016-05-19 19:53:36.989002 -74 -76 -75 -81 -82 
2016-05-19 19:53:37.199030 -69 -81 -68 -86 -79 
2016-05-19 19:53:37.393064 -69 -84 -72 -80 -80 
2016-05-19 19:53:37.500069 -62 -69 -73 -86 -85 
2016-05-19 19:53:37.649088 -67 -73 -68 -85 -75 
2016-05-19 19:53:37.784112 -71 -69 -69 -75 -76 
2016-05-19 19:53:37.981135 -71 -74 -71 -85 -72 
2016-05-19 19:53:38.335189 -81 -79 -67 -80 -78 
2016-05-19 19:53:38.545215 -73 -77 -72 -78 -84 
2016-05-19 19:53:38.652217 -80 -80 -79 -74 -82 
2016-05-19 19:53:39.004266 -70 -73 -80 -82 -78 
2016-05-19 19:53:39.112284 -78 -82 -74 -81 -76 
2016-05-19 19:53:39.216316 -83 -79 -75 -76 -77 
2016-05-19 19:53:39.325319 -70 -73 -77 -75 -83 
2016-05-19 19:53:39.462369 -85 -77 -75 -79 -76 
2016-05-19 19:53:39.598372 -84 -80 -84 -84 -79 
2016-05-19 19:53:39.803379 -73 -69 -72 -77 -85 
2016-05-19 19:53:39.951409 -85 -71 -73 -79 -77 
2016-05-19 19:53:40.054419 -75 -68 -73 -86 -73 
2016-05-19 19:53:40.451476 -91 -76 -74 -82 -77 
2016-05-19 19:53:40.662480 -86 -84 -70 -79 -81 
2016-05-19 19:53:40.769508 -82 -86 -67 -77 -86 
2016-05-19 19:53:40.981558 -73 -80 -66 -81 -85 
2016-05-19 19:53:41.191572 -78 -82 -65 -80 -82 
2016-05-19 19:53:41.302563 -79 -80 -68 -86 -76 
2016-05-19 19:53:41.402575 -85 -84 -67 -80 -83 
2016-05-19 19:53:41.578626 -78 -89 -71 -83 -77 
2016-05-19 19:53:41.715625 -81 -82 -65 -80 -86 
2016-05-19 19:53:41.825633 -75 -79 -70 -81 -78 
2016-05-19 19:53:42.033679 -77 -79 -71 -81 -82 
2016-05-19 19:53:42.234688 -80 -85 -71 -84 -80 
2016-05-19 19:53:42.336719 -75 -91 -71 -80 -76 
2016-05-19 19:53:42.496722 -81 -80 -69 -83 -76 
2016-05-19 19:53:42.710746 -79 -83 -67 -81 -74 
2016-05-19 19:53:42.926778 -79 -80 -72 -81 -74 
2016-05-19 19:53:43.132804 -78 -86 -68 -84 -75 
2016-05-19 19:53:43.381869 -79 -83 -71 -89 -76 
2016-05-19 19:53:43.763913 -82 -80 -72 -80 -77 
2016-05-19 19:53:43.885945 -78 -83 -72 -90 -82 
2016-05-19 19:53:44.298965 -79 -83 -73 -82 -83 
2016-05-19 19:53:44.486991 -80 -85 -69 -91 -85 
2016-05-19 19:53:44.616005 -81 -85 -72 -81 -85 
2016-05-19 19:53:45.009059 -79 -89 -72 -79 -78 
2016-05-19 19:53:45.224101 -80 -87 -73 -83 -77 
2016-05-19 19:53:45.435103 -81 -88 -72 -82 -79 
2016-05-19 19:53:45.541120 -80 -87 -72 -80 -75 
2016-05-19 19:53:45.649170 -82 -86 -69 -81 -80 
2016-05-19 19:53:45.752154 -80 -87 -73 -79 -85 
2016-05-19 19:53:45.984180 -80 -82 -72 -81 -81 
2016-05-19 19:53:46.272239 -75 -83 -73 -84 -78 
2016-05-19 19:53:46.478252 -79 -83 -72 -79 -79 
2016-05-19 19:53:46.687282 -78 -78 -73 -80 -81 
2016-05-19 19:53:47.029318 -79 -81 -77 -82 -81 
2016-05-19 19:53:47.201365 -78 -80 -78 -79 -86 
2016-05-19 19:53:47.354359 -80 -75 -84 -80 -79 
2016-05-19 19:53:47.566402 -77 -74 -77 -86 -81 
2016-05-19 19:53:47.671398 -77 -87 -73 -87 -81 
2016-05-19 19:53:47.834423 -79 -74 -80 -86 -82 
2016-05-19 19:53:47.985436 -76 -73 -88 -87 -78 
2016-05-19 19:53:48.297495 -82 -83 -79 -78 -77 
2016-05-19 19:53:48.405517 -86 -74 -86 -88 -87 
2016-05-19 19:53:48.616521 -84 -88 -81 -80 -88 
2016-05-19 19:53:48.933585 -85 -80 -81 -84 -84 
2016-05-19 19:53:49.042589 -84 -80 -84 -78 -75 
2016-05-19 19:53:49.193596 -77 -75 -83 -78 -82 
2016-05-19 19:53:49.394655 -85 -83 -80 -79 -86 
2016-05-19 19:53:49.499641 -83 -87 -83 -85 -85 
2016-05-19 19:53:49.666658 -81 -81 -80 -81 -85 
2016-05-19 19:53:49.817679 -86 -82 -82 -80 -75 
2016-05-19 19:53:49.922712 -84 -82 -77 -87 -86 
2016-05-19 19:53:50.241733 -85 -83 -82 -83 -85 
2016-05-19 19:53:50.347747 -76 -82 -78 -86 -80 
2016-05-19 19:53:50.507769 -76 -81 -83 -79 -87 
2016-05-19 19:53:51.124853 -82 -83 -81 -82 -81 
2016-05-19 19:53:51.227863 -76 -76 -89 -86 -83 
2016-05-19 19:53:51.331875 -82 -87 -78 -81 -74 
2016-05-19 19:53:51.433888 -76 -77 -82 -85 -86 
2016-05-19 19:53:51.634918 -81 -81 -87 -84 -78 
2016-05-19 19:53:51.855940 -79 -83 -81 -84 -88 
2016-05-19 19:53:52.055966 -80 -86 -84 -84 -75 
2016-05-19 19:53:52.212989 -89 -76 -82 -81 -81 
2016-05-19 19:53:52.422017 -78 -77 -80 -84 -78 
2016-05-19 19:53:52.526027 -80 -86 -88 -78 -85 
2016-05-19 19:53:52.685057 -80 -80 -78 -84 -74 
2016-05-19 19:53:52.790069 -77 -85 -88 -84 -89 
2016-05-19 19:53:53.102106 -81 -78 -81 -83 -81 
2016-05-19 19:53:53.220125 -76 -80 -88 -83 -86 
2016-05-19 19:53:53.429148 -82 -85 -79 -83 -83 
2016-05-19 19:53:53.536160 -83 -77 -78 -82 -87 
2016-05-19 19:53:53.884235 -87 -82 -78 -85 -86 
2016-05-19 19:53:53.992240 -77 -80 -87 -78 -74 
2016-05-19 19:53:54.169246 -77 -81 -78 -86 -85 
2016-05-19 19:53:54.273275 -83 -79 -85 -88 -74 
2016-05-19 19:53:54.378286 -76 -84 -83 -78 -84 
2016-05-19 19:53:54.789327 -82 -80 -80 -82 -82 
2016-05-19 19:53:54.995358 -83 -81 -81 -84 -80 
2016-05-19 19:53:55.205386 -83 -79 -78 -79 -78 
2016-05-19 19:53:55.313395 -87 -77 -86 -84 -74 
2016-05-19 19:53:55.414409 -84 -81 -78 -78 -83 
2016-05-19 19:53:55.680459 -76 -83 -83 -83 -79 
2016-05-19 19:53:55.787474 -94 -80 -80 -78 -87 
2016-05-19 19:53:55.892472 -83 -85 -86 -83 -75 
2016-05-19 19:53:56.050495 -83 -76 -77 -78 -83 
2016-05-19 19:53:56.262520 -77 -82 -81 -81 -78 
2016-05-19 19:53:56.368534 -85 -84 -89 -83 -75 
2016-05-19 19:53:56.471547 -77 -91 -88 -81 -81 
2016-05-19 19:53:56.699577 -80 -84 -82 -83 -74 
2016-05-19 19:53:57.130635 -83 -85 -87 -80 -79 
2016-05-19 19:53:57.238646 -82 -86 -78 -78 -81 
2016-05-19 19:53:57.549686 -81 -82 -80 -82 -78 
2016-05-19 19:53:57.733711 -79 -84 -76 -81 -81 
2016-05-19 19:53:57.888731 -76 -82 -82 -79 -74 
2016-05-19 19:53:58.095762 -81 -89 -78 -78 -81 
2016-05-19 19:53:58.282782 -79 -93 -80 -89 -78 
2016-05-19 19:53:58.817852 -79 -80 -83 -79 -83 
2016-05-19 19:53:59.025883 -82 -77 -82 -82 -83 
2016-05-19 19:53:59.235912 -82 -76 -83 -78 -79 
2016-05-19 19:53:59.344921 -84 -86 -80 -79 -84 
2016-05-19 19:53:59.451933 -81 -89 -84 -81 -84 
2016-05-19 19:53:59.551945 -80 -87 -83 -81 -91 
2016-05-19 19:53:59.659963 -79 -77 -79 -84 -84 
2016-05-19 19:53:59.835990 -78 -85 -80 -86 -78 
2016-05-19 19:54:00.049013 -77 -86 -79 -78 -76 
2016-05-19 19:54:00.156031 -82 -81 -76 -82 -89 
2016-05-19 19:54:00.284044 -76 -78 -73 -80 -81 
2016-05-19 19:54:00.560080 -76 -76 -74 -82 -85 
2016-05-19 19:54:00.669094 -76 -83 -72 -80 -82 
2016-05-19 19:54:00.925127 -85 -81 -73 -86 -83 
2016-05-19 19:54:01.035143 -76 -81 -72 -83 -74 
2016-05-19 19:54:01.246174 -75 -86 -76 -80 -78 
2016-05-19 19:54:01.352181 -76 -85 -77 -82 -82 
2016-05-19 19:54:01.562208 -74 -81 -77 -80 -79 
2016-05-19 19:54:01.668225 -72 -82 -80 -78 -73 
2016-05-19 19:54:01.776243 -72 -83 -72 -83 -87 
2016-05-19 19:54:02.052272 -71 -84 -73 -84 -76 
2016-05-19 19:54:02.158289 -71 -79 -79 -84 -88 
2016-05-19 19:54:02.268304 -72 -78 -85 -82 -75 
2016-05-19 19:54:02.477343 -73 -80 -74 -84 -81 
2016-05-19 19:54:02.715369 -71 -80 -79 -78 -78 
2016-05-19 19:54:02.918395 -73 -85 -76 -83 -73 
2016-05-19 19:54:03.030410 -77 -82 -77 -87 -74 
2016-05-19 19:54:03.203433 -78 -78 -69 -77 -75 
2016-05-19 19:54:03.311452 -78 -84 -76 -75 -78 
2016-05-19 19:54:03.435463 -72 -83 -77 -78 -75 
2016-05-19 19:54:03.644490 -72 -83 -71 -80 -79 
2016-05-19 19:54:03.826519 -73 -82 -71 -86 -77 
2016-05-19 19:54:04.043542 -75 -81 -70 -82 -79 
2016-05-19 19:54:04.159558 -73 -84 -70 -84 -81 
2016-05-19 19:54:04.362581 -68 -87 -77 -82 -82 
2016-05-19 19:54:04.482596 -86 -86 -68 -83 -75 
2016-05-19 19:54:04.781644 -71 -81 -70 -85 -78 
2016-05-19 19:54:04.979664 -71 -81 -66 -78 -74 
2016-05-19 19:54:05.293706 -80 -80 -74 -78 -78 
2016-05-19 19:54:05.493732 -76 -76 -74 -79 -77 
2016-05-19 19:54:05.639751 -71 -86 -71 -85 -79 
2016-05-19 19:54:05.744764 -75 -78 -76 -77 -84 
2016-05-19 19:54:05.851784 -76 -79 -67 -86 -75 
2016-05-19 19:54:06.247829 -80 -81 -72 -79 -78 
2016-05-19 19:54:06.364846 -70 -83 -68 -82 -74 
2016-05-19 19:54:06.469860 -79 -84 -73 -77 -86 
2016-05-19 19:54:06.671891 -71 -76 -74 -80 -79 
2016-05-19 19:54:06.987924 -74 -77 -71 -89 -77 
2016-05-19 19:54:07.091937 -75 -75 -68 -76 -84 
2016-05-19 19:54:07.304961 -74 -84 -70 -77 -77 
2016-05-19 19:54:07.413975 -79 -84 -77 -81 -77 
2016-05-19 19:54:07.597997 -77 -77 -80 -80 -83 
2016-05-19 19:54:07.708010 -70 -83 -67 -79 -74 
2016-05-19 19:54:07.835030 -81 -80 -69 -79 -83 
2016-05-19 19:54:08.143068 -75 -80 -68 -78 -78 
2016-05-19 19:54:08.360098 -79 -83 -71 -80 -78 
2016-05-19 19:54:08.473110 -87 -83 -69 -80 -74 
2016-05-19 19:54:08.576127 -75 -81 -82 -86 -75 
2016-05-19 19:54:08.675140 -70 -82 -69 -82 -74 
2016-05-19 19:54:08.899170 -75 -77 -76 -86 -75 
2016-05-19 19:54:09.005183 -79 -80 -70 -80 -75 
2016-05-19 19:54:09.109197 -70 -77 -69 -87 -73 
2016-05-19 19:54:09.218209 -81 -81 -70 -86 -86 
2016-05-19 19:54:09.490246 -78 -76 -78 -88 -76 
2016-05-19 19:54:09.618260 -78 -90 -67 -79 -76 
2016-05-19 19:54:09.929303 -79 -80 -73 -79 -73 
2016-05-19 19:54:10.059321 -84 -79 -67 -84 -76 
2016-05-19 19:54:10.274349 -71 -78 -69 -83 -80 
2016-05-19 19:54:10.479376 -75 -88 -70 -85 -77 
2016-05-19 19:54:10.696403 -74 -79 -70 -80 -78 
2016-05-19 19:54:10.877431 -75 -77 -77 -84 -84 
2016-05-19 19:54:11.078451 -76 -79 -90 -82 -84 
2016-05-19 19:54:11.179467 -71 -84 -80 -78 -77 
2016-05-19 19:54:11.498507 -76 -80 -72 -82 -81 
2016-05-19 19:54:11.697538 -72 -75 -73 -90 -78 
2016-05-19 19:54:11.853552 -80 -82 -76 -84 -76 
2016-05-19 19:54:11.965570 -83 -83 -71 -82 -74 
2016-05-19 19:54:12.065583 -76 -81 -76 -82 -79 
2016-05-19 19:54:12.173594 -85 -89 -69 -80 -75 
2016-05-19 19:54:12.384624 -81 -77 -72 -83 -77 
2016-05-19 19:54:12.556647 -81 -77 -73 -85 -77 
2016-05-19 19:54:12.762677 -87 -75 -81 -80 -81 
2016-05-19 19:54:12.953696 -91 -75 -77 -87 -72 
2016-05-19 19:54:13.055712 -73 -69 -75 -87 -80 
2016-05-19 19:54:13.172730 -77 -77 -83 -88 -77 
2016-05-19 19:54:13.490768 -76 -78 -74 -83 -79 
2016-05-19 19:54:13.700796 -76 -77 -77 -87 -75 
2016-05-19 19:54:13.914824 -76 -74 -77 -83 -77 
2016-05-19 19:54:14.114850 -79 -76 -82 -89 -76 
2016-05-19 19:54:14.333876 -79 -77 -89 -81 -80 
2016-05-19 19:54:14.544907 -73 -80 -79 -82 -78 
2016-05-19 19:54:14.752937 -77 -74 -77 -78 -83 
2016-05-19 19:54:14.963958 -81 -73 -79 -80 -83 
2016-05-19 19:54:15.151985 -84 -78 -78 -82 -81 
2016-05-19 19:54:15.335010 -78 -78 -80 -87 -80 
2016-05-19 19:54:15.438027 -80 -78 -82 -88 -78 
2016-05-19 19:54:15.542036 -80 -77 -79 -84 -86 
2016-05-19 19:54:15.752064 -87 -76 -79 -82 -81 
2016-05-19 19:54:15.857082 -78 -75 -78 -77 -72 
2016-05-19 19:54:16.065105 -77 -77 -78 -85 -72 
2016-05-19 19:54:16.212124 -82 -71 -77 -83 -77 
2016-05-19 19:54:16.431153 -82 -74 -81 -79 -79 
852
