2016-05-19 21:48:29.228519 -84 -76 -81 -80 -77 
2016-05-19 21:48:29.436548 -78 -80 -83 -77 -77 
2016-05-19 21:48:29.646576 -78 -76 -84 -81 -78 
2016-05-19 21:48:29.830595 -76 -75 -84 -82 -77 
2016-05-19 21:48:29.917606 -78 -84 -81 -92 -82 
2016-05-19 21:48:30.025620 -72 -81 -81 -84 -77 
2016-05-19 21:48:30.130635 -82 -85 -81 -80 -77 
2016-05-19 21:48:30.171639 -73 -84 -80 -78 -71 
2016-05-19 21:48:30.382666 -83 -83 -80 -83 -71 
2016-05-19 21:48:30.901734 -78 -92 -83 -76 -70 
2016-05-19 21:48:31.211775 -78 -82 -82 -75 -74 
2016-05-19 21:48:31.327797 -74 -82 -84 -76 -75 
2016-05-19 21:48:31.433816 -70 -81 -87 -76 -74 
2016-05-19 21:48:31.741861 -71 -76 -87 -79 -73 
2016-05-19 21:48:31.886870 -82 -84 -80 -77 -72 
2016-05-19 21:48:32.104895 -80 -84 -80 -80 -75 
2016-05-19 21:48:32.206912 -78 -78 -86 -76 -69 
2016-05-19 21:48:32.308930 -75 -74 -74 -73 -82 
2016-05-19 21:48:32.410939 -74 -71 -81 -82 -71 
2016-05-19 21:48:32.515952 -83 -74 -75 -83 -79 
2016-05-19 21:48:32.677973 -77 -86 -83 -74 -83 
2016-05-19 21:48:32.893002 -75 -91 -82 -76 -77 
2016-05-19 21:48:33.026019 -74 -75 -76 -75 -69 
2016-05-19 21:48:33.130030 -77 -75 -91 -82 -70 
2016-05-19 21:48:33.338060 -80 -82 -78 -82 -73 
2016-05-19 21:48:33.543086 -79 -84 -92 -79 -76 
2016-05-19 21:48:33.827125 -81 -79 -82 -82 -74 
2016-05-19 21:48:34.071156 -79 -78 -82 -77 -72 
2016-05-19 21:48:34.175166 -79 -83 -79 -80 -79 
2016-05-19 21:48:34.382197 -80 -83 -79 -82 -74 
2016-05-19 21:48:34.489215 -78 -82 -86 -80 -77 
2016-05-19 21:48:34.810250 -86 -86 -78 -83 -73 
2016-05-19 21:48:35.020277 -81 -87 -83 -81 -75 
2016-05-19 21:48:35.229312 -83 -84 -80 -81 -76 
2016-05-19 21:48:35.445333 -83 -85 -86 -75 -75 
2016-05-19 21:48:35.656370 -84 -81 -86 -77 -75 
2016-05-19 21:48:35.758376 -84 -81 -87 -75 -75 
2016-05-19 21:48:35.864394 -80 -83 -86 -80 -75 
2016-05-19 21:48:35.967403 -81 -84 -85 -75 -73 
2016-05-19 21:48:36.153428 -79 -83 -86 -76 -75 
2016-05-19 21:48:36.269448 -78 -84 -80 -78 -72 
2016-05-19 21:48:36.463468 -76 -82 -82 -79 -73 
2016-05-19 21:48:36.592485 -80 -90 -87 -83 -74 
2016-05-19 21:48:37.029547 -78 -85 -85 -80 -73 
2016-05-19 21:48:37.326589 -77 -80 -81 -81 -74 
2016-05-19 21:48:37.491602 -80 -83 -87 -86 -71 
2016-05-19 21:48:37.653625 -81 -83 -84 -78 -76 
2016-05-19 21:48:37.760635 -77 -82 -82 -85 -77 
2016-05-19 21:48:37.914663 -79 -84 -88 -80 -77 
2016-05-19 21:48:38.044679 -80 -85 -81 -75 -77 
2016-05-19 21:48:38.237700 -81 -83 -87 -80 -77 
2016-05-19 21:48:38.338713 -83 -85 -88 -85 -74 
2016-05-19 21:48:38.442727 -80 -84 -84 -80 -76 
2016-05-19 21:48:38.593750 -80 -84 -85 -78 -75 
2016-05-19 21:48:38.764905 -82 -88 -87 -74 -76 
2016-05-19 21:48:38.867784 -80 -91 -84 -81 -76 
2016-05-19 21:48:39.173822 -81 -84 -86 -82 -76 
2016-05-19 21:48:39.277836 -80 -87 -85 -82 -76 
2016-05-19 21:48:39.487867 -79 -87 -87 -82 -75 
2016-05-19 21:48:39.592877 -83 -81 -89 -85 -80 
2016-05-19 21:48:39.704896 -75 -80 -83 -89 -73 
2016-05-19 21:48:40.008931 -76 -77 -82 -74 -74 
2016-05-19 21:48:40.225956 -78 -73 -85 -74 -72 
2016-05-19 21:48:40.369983 -75 -79 -81 -78 -75 
2016-05-19 21:48:40.475989 -75 -80 -81 -72 -73 
2016-05-19 21:48:40.690025 -77 -84 -78 -76 -68 
2016-05-19 21:48:40.792033 -80 -88 -86 -83 -77 
2016-05-19 21:48:41.189085 -72 -76 -81 -82 -76 
2016-05-19 21:48:41.374109 -83 -74 -77 -74 -79 
2016-05-19 21:48:41.733157 -74 -75 -80 -74 -70 
2016-05-19 21:48:41.947184 -73 -71 -80 -81 -73 
2016-05-19 21:48:42.317234 -78 -81 -78 -77 -80 
2016-05-19 21:48:42.466248 -72 -77 -83 -72 -71 
2016-05-19 21:48:42.646273 -77 -80 -74 -74 -77 
2016-05-19 21:48:42.770308 -74 -79 -87 -78 -72 
2016-05-19 21:48:42.962317 -78 -77 -76 -77 -78 
2016-05-19 21:48:43.184350 -73 -77 -78 -80 -71 
2016-05-19 21:48:43.467384 -72 -78 -81 -73 -78 
2016-05-19 21:48:43.673409 -70 -72 -76 -79 -88 
2016-05-19 21:48:43.984450 -79 -77 -79 -70 -83 
2016-05-19 21:48:44.085468 -75 -71 -77 -74 -79 
2016-05-19 21:48:44.230488 -74 -83 -88 -73 -76 
2016-05-19 21:48:44.856568 -80 -76 -82 -75 -77 
2016-05-19 21:48:45.033601 -70 -69 -81 -74 -72 
2016-05-19 21:48:45.138603 -69 -80 -81 -71 -71 
2016-05-19 21:48:45.346626 -73 -84 -79 -71 -74 
2016-05-19 21:48:45.553656 -76 -74 -80 -71 -77 
2016-05-19 21:48:45.658670 -74 -77 -86 -80 -77 
2016-05-19 21:48:45.766689 -71 -71 -83 -71 -82 
2016-05-19 21:48:45.966704 -75 -71 -80 -78 -72 
2016-05-19 21:48:46.146723 -76 -80 -79 -76 -72 
2016-05-19 21:48:46.357753 -75 -73 -76 -77 -76 
2016-05-19 21:48:46.572781 -75 -72 -76 -69 -72 
2016-05-19 21:48:46.829814 -73 -74 -81 -73 -84 
2016-05-19 21:48:47.094850 -71 -76 -82 -81 -87 
2016-05-19 21:48:47.197862 -72 -77 -80 -80 -82 
2016-05-19 21:48:47.408890 -74 -73 -80 -72 -76 
2016-05-19 21:48:47.568911 -71 -72 -79 -72 -80 
2016-05-19 21:48:47.768937 -86 -76 -82 -76 -74 
2016-05-19 21:48:47.873951 -71 -70 -88 -80 -73 
2016-05-19 21:48:48.060979 -80 -72 -85 -70 -76 
2016-05-19 21:48:48.166989 -76 -76 -78 -81 -79 
2016-05-19 21:48:48.365015 -74 -70 -80 -79 -76 
2016-05-19 21:48:48.474029 -77 -80 -79 -70 -85 
2016-05-19 21:48:48.575043 -77 -77 -77 -79 -76 
2016-05-19 21:48:48.804072 -74 -74 -84 -75 -80 
2016-05-19 21:48:48.910086 -72 -69 -90 -70 -76 
2016-05-19 21:48:48.993097 -76 -80 -79 -81 -81 
2016-05-19 21:48:49.213127 -72 -72 -78 -72 -79 
2016-05-19 21:48:49.320140 -73 -70 -80 -70 -84 
2016-05-19 21:48:49.526170 -75 -71 -81 -75 -84 
2016-05-19 21:48:49.629181 -71 -76 -81 -80 -78 
2016-05-19 21:48:49.897213 -82 -74 -79 -73 -82 
2016-05-19 21:48:50.266267 -73 -75 -82 -77 -79 
2016-05-19 21:48:50.372274 -74 -69 -80 -69 -85 
2016-05-19 21:48:50.582302 -74 -79 -81 -75 -79 
2016-05-19 21:48:50.688319 -71 -78 -82 -83 -78 
2016-05-19 21:48:50.892342 -74 -78 -78 -70 -77 
2016-05-19 21:48:51.039365 -74 -69 -79 -80 -85 
2016-05-19 21:48:51.186392 -74 -69 -80 -71 -77 
2016-05-19 21:48:51.290397 -74 -85 -78 -80 -88 
2016-05-19 21:48:51.458427 -73 -69 -81 -75 -74 
2016-05-19 21:48:51.559439 -78 -78 -81 -72 -75 
2016-05-19 21:48:51.660453 -75 -69 -77 -78 -80 
2016-05-19 21:48:51.765466 -78 -79 -82 -74 -71 
2016-05-19 21:48:52.153517 -73 -85 -79 -81 -78 
2016-05-19 21:48:52.255530 -78 -82 -81 -75 -87 
2016-05-19 21:48:52.385547 -71 -84 -82 -77 -75 
2016-05-19 21:48:52.563571 -78 -82 -92 -70 -72 
2016-05-19 21:48:52.665584 -72 -72 -83 -77 -83 
2016-05-19 21:48:52.809613 -80 -83 -84 -76 -79 
2016-05-19 21:48:52.918617 -72 -81 -80 -85 -81 
2016-05-19 21:48:53.080638 -76 -71 -81 -70 -76 
2016-05-19 21:48:53.185662 -79 -85 -80 -74 -85 
2016-05-19 21:48:53.527694 -76 -79 -79 -71 -78 
2016-05-19 21:48:53.731728 -80 -74 -81 -72 -75 
2016-05-19 21:48:53.951757 -82 -77 -77 -76 -70 
2016-05-19 21:48:54.127774 -81 -76 -78 -73 -76 
2016-05-19 21:48:54.229788 -82 -81 -78 -73 -71 
2016-05-19 21:48:54.648846 -76 -79 -81 -78 -74 
2016-05-19 21:48:55.065898 -78 -82 -75 -79 -77 
2016-05-19 21:48:55.269925 -79 -83 -75 -79 -71 
2016-05-19 21:48:55.377936 -73 -80 -76 -77 -76 
2016-05-19 21:48:55.487950 -82 -91 -84 -71 -75 
2016-05-19 21:48:55.682976 -77 -73 -78 -77 -75 
2016-05-19 21:48:55.894999 -73 -78 -82 -80 -75 
2016-05-19 21:48:56.316053 -80 -77 -76 -76 -73 
2016-05-19 21:48:56.635095 -71 -80 -75 -81 -79 
2016-05-19 21:48:56.776114 -68 -74 -75 -78 -78 
2016-05-19 21:48:56.990142 -72 -73 -77 -78 -74 
2016-05-19 21:48:57.153161 -71 -79 -82 -72 -79 
2016-05-19 21:48:57.305183 -73 -85 -77 -68 -78 
2016-05-19 21:48:57.510210 -69 -81 -80 -79 -76 
2016-05-19 21:48:57.683230 -70 -79 -80 -81 -79 
2016-05-19 21:48:57.886258 -67 -69 -79 -78 -87 
2016-05-19 21:48:57.987277 -70 -90 -74 -75 -77 
2016-05-19 21:48:58.205301 -72 -78 -78 -75 -79 
2016-05-19 21:48:58.403324 -85 -79 -77 -73 -82 
2016-05-19 21:48:58.504339 -71 -69 -75 -69 -75 
2016-05-19 21:48:58.608350 -70 -78 -77 -68 -85 
2016-05-19 21:48:58.929395 -72 -74 -82 -72 -74 
2016-05-19 21:48:59.032412 -71 -83 -76 -70 -78 
2016-05-19 21:48:59.140422 -75 -69 -84 -68 -73 
2016-05-19 21:48:59.348447 -69 -72 -79 -70 -78 
2016-05-19 21:48:59.555477 -71 -79 -77 -71 -75 
2016-05-19 21:48:59.667499 -83 -72 -80 -66 -80 
2016-05-19 21:48:59.777509 -75 -75 -79 -70 -74 
2016-05-19 21:48:59.878516 -70 -72 -78 -75 -83 
2016-05-19 21:49:00.192564 -72 -76 -79 -71 -73 
2016-05-19 21:49:00.296579 -71 -77 -81 -78 -83 
2016-05-19 21:49:00.403585 -72 -71 -81 -68 -78 
2016-05-19 21:49:00.598610 -68 -73 -80 -80 -78 
2016-05-19 21:49:00.759634 -78 -74 -82 -70 -78 
2016-05-19 21:49:00.918652 -74 -74 -81 -71 -79 
2016-05-19 21:49:01.128679 -70 -74 -80 -74 -81 
2016-05-19 21:49:01.335709 -74 -74 -78 -75 -75 
2016-05-19 21:49:01.541736 -73 -72 -81 -71 -77 
2016-05-19 21:49:01.807774 -74 -73 -78 -69 -78 
2016-05-19 21:49:02.016798 -73 -74 -79 -71 -76 
2016-05-19 21:49:02.284834 -74 -72 -82 -74 -76 
2016-05-19 21:49:02.708885 -73 -72 -79 -73 -77 
2016-05-19 21:49:03.324969 -73 -69 -82 -72 -81 
2016-05-19 21:49:03.435989 -75 -75 -86 -76 -81 
2016-05-19 21:49:03.724019 -68 -84 -81 -73 -75 
2016-05-19 21:49:03.952052 -76 -69 -80 -75 -73 
2016-05-19 21:49:04.054062 -83 -74 -82 -81 -77 
2016-05-19 21:49:04.155078 -80 -90 -72 -70 -79 
2016-05-19 21:49:04.471119 -74 -73 -78 -78 -78 
2016-05-19 21:49:04.577134 -82 -80 -76 -82 -80 
2016-05-19 21:49:04.682146 -72 -73 -75 -73 -79 
2016-05-19 21:49:04.865170 -83 -83 -77 -71 -78 
2016-05-19 21:49:04.970184 -85 -78 -77 -72 -80 
2016-05-19 21:49:05.280224 -72 -77 -77 -74 -79 
2016-05-19 21:49:05.388242 -81 -75 -74 -71 -76 
2016-05-19 21:49:05.727285 -77 -83 -74 -73 -84 
2016-05-19 21:49:05.912307 -88 -72 -73 -71 -71 
2016-05-19 21:49:06.018340 -87 -81 -74 -74 -77 
2016-05-19 21:49:06.222348 -83 -77 -81 -72 -85 
2016-05-19 21:49:06.392370 -81 -70 -74 -69 -76 
2016-05-19 21:49:06.644400 -79 -76 -77 -75 -79 
2016-05-19 21:49:06.853433 -83 -77 -77 -73 -85 
2016-05-19 21:49:07.060457 -78 -77 -78 -79 -74 
2016-05-19 21:49:07.295487 -78 -74 -75 -88 -83 
2016-05-19 21:49:07.408506 -82 -71 -75 -86 -71 
2016-05-19 21:49:07.516522 -78 -82 -76 -68 -76 
2016-05-19 21:49:07.618534 -77 -69 -74 -82 -81 
2016-05-19 21:49:07.723548 -72 -78 -79 -69 -79 
2016-05-19 21:49:07.827557 -76 -69 -75 -79 -79 
2016-05-19 21:49:07.934570 -77 -77 -76 -76 -80 
2016-05-19 21:49:08.037585 -78 -70 -80 -85 -71 
2016-05-19 21:49:08.320622 -75 -75 -78 -76 -76 
2016-05-19 21:49:08.416639 -78 -78 -85 -77 -83 
2016-05-19 21:49:08.517647 -71 -69 -76 -80 -72 
2016-05-19 21:49:08.659663 -78 -78 -81 -91 -76 
2016-05-19 21:49:08.867693 -76 -79 -79 -78 -71 
2016-05-19 21:49:08.973710 -71 -80 -84 -66 -79 
2016-05-19 21:49:09.189732 -79 -81 -79 -66 -73 
2016-05-19 21:49:09.339752 -80 -70 -82 -64 -78 
2016-05-19 21:49:09.605789 -73 -84 -77 -71 -75 
2016-05-19 21:49:09.709801 -74 -81 -80 -76 -73 
2016-05-19 21:49:09.810817 -72 -69 -73 -65 -77 
2016-05-19 21:49:09.964833 -80 -82 -84 -67 -76 
2016-05-19 21:49:10.071851 -76 -69 -75 -77 -76 
2016-05-19 21:49:10.288882 -76 -76 -78 -81 -74 
2016-05-19 21:49:10.441898 -73 -69 -75 -88 -75 
2016-05-19 21:49:10.657931 -74 -76 -76 -73 -75 
2016-05-19 21:49:10.859951 -74 -80 -74 -81 -77 
2016-05-19 21:49:10.966968 -73 -80 -79 -87 -74 
2016-05-19 21:49:11.161992 -74 -85 -76 -81 -77 
2016-05-19 21:49:11.381031 -75 -81 -78 -76 -76 
2016-05-19 21:49:11.686069 -76 -79 -76 -83 -73 
2016-05-19 21:49:11.872092 -75 -69 -81 -78 -75 
2016-05-19 21:49:12.088121 -75 -75 -84 -78 -76 
2016-05-19 21:49:12.218138 -72 -85 -74 -66 -75 
2016-05-19 21:49:12.429171 -74 -82 -82 -67 -75 
2016-05-19 21:49:12.603188 -79 -69 -74 -66 -72 
2016-05-19 21:49:12.809212 -73 -74 -79 -80 -75 
2016-05-19 21:49:13.043238 -71 -72 -76 -86 -71 
2016-05-19 21:49:13.233263 -79 -72 -79 -67 -72 
2016-05-19 21:49:13.341291 -72 -79 -76 -81 -75 
2016-05-19 21:49:13.588310 -74 -70 -78 -67 -76 
2016-05-19 21:49:13.752331 -75 -77 -82 -79 -76 
2016-05-19 21:49:14.007366 -80 -72 -83 -77 -79 
2016-05-19 21:49:14.193390 -81 -73 -77 -70 -81 
2016-05-19 21:49:14.527433 -76 -76 -77 -73 -84 
2016-05-19 21:49:14.635444 -74 -76 -83 -77 -82 
2016-05-19 21:49:14.944490 -79 -76 -81 -77 -76 
2016-05-19 21:49:15.155512 -76 -71 -82 -74 -75 
2016-05-19 21:49:15.367542 -75 -71 -85 -72 -82 
2016-05-19 21:49:15.472556 -76 -74 -78 -70 -87 
2016-05-19 21:49:15.583570 -72 -82 -76 -67 -78 
2016-05-19 21:49:15.797598 -78 -75 -78 -74 -77 
2016-05-19 21:49:15.992623 -77 -69 -78 -78 -84 
2016-05-19 21:49:16.182648 -76 -73 -78 -77 -79 
2016-05-19 21:49:16.324679 -87 -71 -76 -80 -75 
2016-05-19 21:49:16.431699 -81 -68 -85 -65 -82 
2016-05-19 21:49:16.532702 -81 -74 -81 -71 -76 
2016-05-19 21:49:16.635712 -84 -66 -86 -69 -78 
2016-05-19 21:49:16.831733 -79 -72 -81 -67 -74 
2016-05-19 21:49:16.933747 -77 -84 -80 -68 -68 
2016-05-19 21:49:17.042761 -76 -69 -82 -68 -73 
2016-05-19 21:49:17.249792 -81 -64 -82 -69 -75 
2016-05-19 21:49:17.381805 -81 -80 -84 -71 -83 
2016-05-19 21:49:17.480815 -87 -66 -71 -82 -87 
2016-05-19 21:49:17.793859 -77 -71 -74 -74 -84 
2016-05-19 21:49:17.897873 -76 -67 -86 -74 -78 
2016-05-19 21:49:18.085894 -84 -68 -79 -73 -80 
2016-05-19 21:49:18.311927 -74 -73 -85 -68 -82 
2016-05-19 21:49:18.904004 -74 -72 -77 -75 -78 
2016-05-19 21:49:19.007018 -73 -69 -78 -75 -86 
2016-05-19 21:49:19.108031 -86 -76 -78 -69 -81 
2016-05-19 21:49:19.263051 -78 -80 -75 -80 -76 
2016-05-19 21:49:19.755119 -77 -73 -76 -73 -75 
2016-05-19 21:49:19.864130 -73 -73 -79 -68 -86 
2016-05-19 21:49:19.967143 -76 -71 -74 -74 -82 
2016-05-19 21:49:20.309187 -74 -76 -82 -72 -79 
2016-05-19 21:49:20.418209 -76 -71 -80 -72 -83 
2016-05-19 21:49:20.632230 -72 -70 -76 -73 -79 
2016-05-19 21:49:20.844257 -72 -68 -75 -73 -83 
2016-05-19 21:49:21.057287 -72 -77 -78 -74 -82 
2016-05-19 21:49:21.225311 -74 -83 -85 -75 -87 
2016-05-19 21:49:21.334329 -71 -68 -74 -76 -79 
2016-05-19 21:49:21.696370 -70 -75 -78 -75 -85 
2016-05-19 21:49:21.966410 -69 -78 -75 -73 -85 
2016-05-19 21:49:22.220441 -71 -73 -76 -74 -84 
2016-05-19 21:49:22.381456 -76 -76 -89 -75 -86 
2016-05-19 21:49:22.484472 -77 -74 -75 -73 -81 
2016-05-19 21:49:22.586486 -70 -68 -78 -73 -87 
2016-05-19 21:49:22.734505 -80 -76 -84 -77 -85 
2016-05-19 21:49:22.862521 -72 -68 -75 -75 -81 
2016-05-19 21:49:23.078549 -75 -72 -84 -73 -78 
2016-05-19 21:49:23.284576 -81 -77 -75 -70 -77 
2016-05-19 21:49:23.493614 -76 -73 -83 -74 -80 
2016-05-19 21:49:23.613622 -76 -74 -84 -74 -86 
2016-05-19 21:49:23.912658 -78 -77 -80 -73 -79 
2016-05-19 21:49:24.013672 -81 -74 -86 -73 -85 
2016-05-19 21:49:24.116687 -81 -80 -75 -72 -81 
2016-05-19 21:49:24.227701 -70 -69 -83 -73 -84 
2016-05-19 21:49:24.327713 -80 -80 -75 -74 -82 
2016-05-19 21:49:24.540745 -74 -73 -79 -73 -80 
2016-05-19 21:49:24.744767 -79 -71 -78 -75 -84 
2016-05-19 21:49:24.877784 -80 -75 -80 -76 -88 
2016-05-19 21:49:25.066807 -78 -69 -75 -74 -84 
2016-05-19 21:49:25.269835 -78 -73 -78 -74 -78 
2016-05-19 21:49:25.491862 -82 -73 -78 -73 -79 
2016-05-19 21:49:25.633883 -81 -78 -78 -74 -78 
2016-05-19 21:49:25.773901 -72 -69 -78 -70 -79 
2016-05-19 21:49:25.875919 -83 -77 -73 -74 -86 
2016-05-19 21:49:25.980932 -71 -75 -77 -76 -83 
2016-05-19 21:49:26.085946 -87 -73 -73 -74 -90 
2016-05-19 21:49:26.294970 -80 -71 -75 -78 -88 
2016-05-19 21:49:26.501993 -76 -75 -74 -75 -85 
2016-05-19 21:49:26.607029 -69 -69 -83 -74 -78 
2016-05-19 21:49:26.766035 -82 -76 -79 -76 -78 
2016-05-19 21:49:27.080072 -80 -72 -80 -73 -83 
2016-05-19 21:49:27.183102 -82 -78 -84 -75 -77 
2016-05-19 21:49:27.291104 -80 -69 -74 -74 -81 
2016-05-19 21:49:27.485125 -79 -69 -80 -73 -83 
2016-05-19 21:49:27.589138 -70 -76 -81 -73 -80 
2016-05-19 21:49:27.818169 -75 -71 -82 -74 -78 
2016-05-19 21:49:28.069201 -84 -70 -73 -75 -79 
2016-05-19 21:49:28.336240 -76 -74 -87 -79 -84 
2016-05-19 21:49:28.443249 -71 -69 -75 -78 -78 
2016-05-19 21:49:28.552262 -72 -69 -77 -74 -81 
2016-05-19 21:49:28.655278 -71 -69 -74 -74 -79 
2016-05-19 21:49:28.846306 -72 -70 -75 -75 -82 
2016-05-19 21:49:28.946319 -73 -70 -77 -77 -80 
2016-05-19 21:49:29.072330 -73 -69 -74 -74 -83 
2016-05-19 21:49:29.179346 -75 -69 -81 -77 -79 
2016-05-19 21:49:29.510389 -76 -71 -78 -75 -74 
2016-05-19 21:49:29.711420 -76 -73 -79 -80 -84 
2016-05-19 21:49:29.947444 -75 -68 -81 -71 -88 
2016-05-19 21:49:30.154473 -82 -69 -81 -78 -83 
2016-05-19 21:49:30.442508 -73 -75 -81 -74 -80 
2016-05-19 21:49:30.575529 -69 -69 -71 -69 -79 
2016-05-19 21:49:30.782554 -72 -73 -70 -74 -83 
2016-05-19 21:49:30.979588 -77 -82 -70 -73 -79 
2016-05-19 21:49:31.082592 -79 -68 -72 -71 -78 
2016-05-19 21:49:31.395643 -82 -80 -71 -69 -85 
2016-05-19 21:49:31.608671 -88 -85 -77 -68 -80 
2016-05-19 21:49:31.714684 -76 -67 -81 -69 -87 
2016-05-19 21:49:31.923712 -74 -63 -77 -70 -77 
2016-05-19 21:49:32.121762 -79 -74 -77 -72 -83 
2016-05-19 21:49:32.251760 -81 -69 -83 -70 -90 
2016-05-19 21:49:32.356774 -72 -78 -79 -77 -84 
2016-05-19 21:49:32.545793 -81 -79 -72 -72 -75 
2016-05-19 21:49:32.655808 -76 -73 -83 -75 -83 
2016-05-19 21:49:32.779824 -80 -72 -80 -76 -80 
2016-05-19 21:49:33.065861 -73 -79 -80 -75 -84 
2016-05-19 21:49:33.168874 -76 -68 -79 -68 -78 
2016-05-19 21:49:33.279889 -82 -80 -73 -70 -84 
2016-05-19 21:49:33.378903 -81 -77 -79 -71 -84 
2016-05-19 21:49:33.496923 -75 -68 -75 -67 -84 
2016-05-19 21:49:33.705957 -78 -70 -76 -73 -93 
2016-05-19 21:49:34.117995 -76 -71 -81 -70 -82 
2016-05-19 21:49:34.255018 -78 -70 -75 -63 -86 
2016-05-19 21:49:34.412042 -79 -72 -78 -69 -83 
2016-05-19 21:49:34.536053 -75 -67 -72 -71 -84 
2016-05-19 21:49:34.747097 -78 -68 -83 -70 -80 
2016-05-19 21:49:34.864096 -83 -64 -75 -67 -80 
2016-05-19 21:49:35.073125 -77 -67 -73 -86 -84 
2016-05-19 21:49:35.192143 -82 -69 -82 -76 -85 
2016-05-19 21:49:35.398163 -78 -69 -76 -73 -80 
2016-05-19 21:49:35.697211 -77 -70 -79 -74 -85 
2016-05-19 21:49:35.899231 -76 -69 -78 -73 -75 
2016-05-19 21:49:36.015246 -77 -67 -83 -81 -81 
2016-05-19 21:49:36.215272 -81 -72 -80 -72 -81 
2016-05-19 21:49:36.324287 -78 -68 -77 -67 -80 
2016-05-19 21:49:36.441302 -80 -73 -76 -73 -77 
2016-05-19 21:49:36.643326 -84 -72 -83 -75 -77 
2016-05-19 21:49:36.840348 -78 -67 -80 -72 -81 
2016-05-19 21:49:36.859349 -85 -65 -91 -88 -75 
2016-05-19 21:49:37.060376 -84 -64 -76 -75 -79 
2016-05-19 21:49:37.162392 -79 -76 -76 -77 -81 
2016-05-19 21:49:37.374417 -87 -69 -73 -72 -79 
2016-05-19 21:49:37.690458 -80 -64 -74 -71 -77 
2016-05-19 21:49:37.799473 -81 -75 -80 -64 -80 
2016-05-19 21:49:37.905486 -76 -68 -72 -72 -84 
2016-05-19 21:49:38.010505 -80 -74 -71 -64 -78 
2016-05-19 21:49:38.116523 -77 -74 -71 -74 -79 
2016-05-19 21:49:38.531568 -78 -69 -76 -66 -77 
2016-05-19 21:49:38.741595 -74 -70 -78 -71 -83 
2016-05-19 21:49:39.052639 -82 -70 -75 -70 -81 
2016-05-19 21:49:39.467694 -81 -68 -75 -71 -80 
2016-05-19 21:49:39.577710 -78 -61 -79 -78 -78 
2016-05-19 21:49:39.685719 -83 -69 -84 -74 -79 
2016-05-19 21:49:39.792736 -75 -67 -82 -77 -79 
2016-05-19 21:49:39.896754 -74 -70 -88 -76 -78 
2016-05-19 21:49:40.109774 -74 -67 -77 -73 -79 
2016-05-19 21:49:40.312803 -73 -62 -76 -71 -77 
2016-05-19 21:49:40.518824 -85 -66 -80 -75 -80 
2016-05-19 21:49:40.932887 -79 -64 -89 -74 -79 
2016-05-19 21:49:41.061906 -78 -65 -74 -77 -80 
2016-05-19 21:49:41.269932 -89 -72 -82 -76 -81 
2016-05-19 21:49:41.466960 -74 -70 -79 -78 -79 
2016-05-19 21:49:41.795001 -78 -70 -81 -76 -86 
2016-05-19 21:49:42.215057 -78 -68 -76 -72 -83 
2016-05-19 21:49:42.528102 -83 -69 -75 -73 -81 
2016-05-19 21:49:42.737125 -75 -69 -78 -74 -80 
2016-05-19 21:49:42.844135 -81 -69 -82 -66 -84 
2016-05-19 21:49:43.059157 -79 -68 -82 -71 -76 
2016-05-19 21:49:43.265193 -83 -75 -74 -70 -80 
2016-05-19 21:49:43.479218 -79 -76 -76 -76 -79 
2016-05-19 21:49:43.780260 -81 -75 -81 -74 -83 
2016-05-19 21:49:43.886274 -88 -78 -79 -75 -72 
2016-05-19 21:49:44.007290 -78 -81 -71 -76 -72 
2016-05-19 21:49:44.512356 -78 -74 -72 -73 -77 
2016-05-19 21:49:44.825392 -74 -70 -80 -72 -81 
2016-05-19 21:49:44.932404 -79 -70 -75 -86 -84 
2016-05-19 21:49:45.039415 -86 -68 -77 -75 -77 
2016-05-19 21:49:45.247447 -75 -76 -82 -75 -85 
2016-05-19 21:49:45.355492 -82 -72 -73 -78 -75 
2016-05-19 21:49:45.661499 -77 -72 -77 -76 -85 
2016-05-19 21:49:45.765512 -70 -68 -69 -74 -87 
2016-05-19 21:49:46.192575 -76 -70 -71 -72 -72 
2016-05-19 21:49:46.401603 -79 -76 -80 -75 -79 
2016-05-19 21:49:46.924669 -82 -70 -75 -75 -82 
2016-05-19 21:49:47.043692 -76 -68 -80 -79 -77 
2016-05-19 21:49:47.148706 -83 -78 -78 -76 -85 
2016-05-19 21:49:47.355729 -72 -68 -74 -77 -79 
2016-05-19 21:49:47.459739 -79 -80 -75 -74 -69 
2016-05-19 21:49:47.674767 -73 -72 -80 -72 -73 
2016-05-19 21:49:47.790784 -75 -71 -77 -81 -72 
2016-05-19 21:49:47.895801 -73 -72 -68 -79 -81 
2016-05-19 21:49:47.999810 -81 -72 -74 -73 -75 
2016-05-19 21:49:48.408870 -79 -78 -73 -75 -75 
2016-05-19 21:49:48.508885 -79 -79 -71 -81 -83 
2016-05-19 21:49:48.920932 -83 -74 -71 -77 -84 
2016-05-19 21:49:49.027946 -79 -78 -72 -77 -83 
2016-05-19 21:49:49.449006 -78 -77 -72 -76 -77 
2016-05-19 21:49:49.586019 -82 -73 -74 -74 -78 
2016-05-19 21:49:50.206099 -73 -73 -75 -75 -78 
2016-05-19 21:49:50.311113 -73 -75 -74 -77 -84 
2016-05-19 21:49:50.419127 -75 -70 -77 -76 -81 
2016-05-19 21:49:50.526135 -73 -75 -76 -76 -85 
2016-05-19 21:49:50.734165 -76 -69 -77 -78 -88 
2016-05-19 21:49:50.838175 -75 -76 -76 -74 -78 
2016-05-19 21:49:50.939192 -75 -71 -71 -83 -78 
2016-05-19 21:49:51.230224 -74 -68 -74 -76 -79 
2016-05-19 21:49:51.361244 -76 -71 -80 -77 -79 
2016-05-19 21:49:51.571271 -74 -70 -75 -76 -79 
2016-05-19 21:49:51.756295 -74 -68 -76 -77 -76 
2016-05-19 21:49:51.969326 -73 -70 -75 -78 -81 
2016-05-19 21:49:52.071336 -73 -77 -71 -78 -79 
2016-05-19 21:49:52.280361 -74 -78 -76 -77 -82 
2016-05-19 21:49:52.382377 -74 -73 -78 -77 -80 
2016-05-19 21:49:52.591405 -75 -68 -78 -75 -81 
2016-05-19 21:49:52.747425 -74 -79 -78 -77 -81 
2016-05-19 21:49:53.045461 -77 -74 -77 -77 -80 
2016-05-19 21:49:53.172480 -76 -74 -74 -71 -75 
2016-05-19 21:49:53.378507 -78 -73 -77 -77 -83 
2016-05-19 21:49:53.483526 -74 -69 -70 -72 -86 
2016-05-19 21:49:53.589539 -77 -77 -76 -77 -80 
2016-05-19 21:49:53.805559 -76 -76 -72 -75 -77 
2016-05-19 21:49:54.055592 -77 -73 -73 -75 -81 
2016-05-19 21:49:54.241621 -86 -77 -80 -71 -85 
2016-05-19 21:49:54.453647 -85 -70 -72 -70 -83 
2016-05-19 21:49:54.661675 -80 -77 -72 -69 -80 
2016-05-19 21:49:54.860698 -86 -75 -72 -76 -79 
2016-05-19 21:49:55.023723 -76 -81 -70 -80 -86 
2016-05-19 21:49:55.426779 -75 -77 -79 -86 -80 
2016-05-19 21:49:55.658805 -76 -73 -73 -78 -80 
2016-05-19 21:49:55.763818 -77 -72 -72 -73 -85 
2016-05-19 21:49:55.866841 -77 -65 -73 -77 -84 
2016-05-19 21:49:56.075856 -78 -69 -75 -72 -86 
2016-05-19 21:49:56.177873 -76 -84 -75 -73 -83 
2016-05-19 21:49:56.321892 -83 -73 -74 -77 -81 
2016-05-19 21:49:56.689944 -81 -69 -76 -74 -85 
2016-05-19 21:49:56.792953 -79 -69 -72 -73 -83 
2016-05-19 21:49:57.006981 -80 -80 -70 -75 -81 
2016-05-19 21:49:57.108017 -82 -72 -77 -70 -78 
2016-05-19 21:49:57.376027 -76 -80 -78 -75 -84 
2016-05-19 21:49:57.665070 -77 -67 -73 -73 -82 
2016-05-19 21:49:57.768081 -77 -89 -75 -73 -77 
2016-05-19 21:49:57.934117 -78 -71 -77 -72 -78 
2016-05-19 21:49:58.204137 -74 -80 -82 -74 -84 
2016-05-19 21:49:58.414165 -80 -69 -80 -85 -80 
2016-05-19 21:49:58.724205 -77 -68 -74 -74 -80 
2016-05-19 21:49:58.827220 -82 -72 -76 -72 -81 
2016-05-19 21:49:58.955252 -83 -74 -76 -73 -76 
2016-05-19 21:49:59.058248 -79 -78 -72 -74 -81 
2016-05-19 21:49:59.268276 -84 -71 -71 -75 -80 
2016-05-19 21:49:59.371287 -84 -62 -80 -81 -84 
2016-05-19 21:49:59.768371 -82 -86 -76 -69 -81 
2016-05-19 21:49:59.976369 -82 -71 -75 -76 -78 
2016-05-19 21:50:00.085387 -86 -76 -81 -73 -77 
2016-05-19 21:50:00.191394 -88 -65 -81 -69 -82 
2016-05-19 21:50:00.333416 -80 -71 -83 -77 -83 
2016-05-19 21:50:00.753470 -81 -68 -80 -76 -77 
2016-05-19 21:50:00.962498 -79 -65 -85 -83 -74 
2016-05-19 21:50:01.135524 -78 -64 -82 -68 -86 
2016-05-19 21:50:01.256534 -86 -65 -82 -75 -75 
2016-05-19 21:50:01.460617 -82 -65 -78 -72 -83 
2016-05-19 21:50:01.623585 -89 -64 -81 -66 -81 
2016-05-19 21:50:01.789606 -76 -65 -80 -67 -81 
2016-05-19 21:50:01.906640 -83 -82 -78 -80 -81 
2016-05-19 21:50:02.010648 -75 -73 -83 -71 -84 
2016-05-19 21:50:02.155656 -85 -76 -77 -79 -78 
2016-05-19 21:50:02.286681 -85 -79 -80 -75 -80 
2016-05-19 21:50:02.393691 -76 -74 -77 -73 -81 
2016-05-19 21:50:02.597712 -83 -73 -78 -76 -79 
2016-05-19 21:50:02.812739 -80 -70 -83 -66 -81 
2016-05-19 21:50:02.921762 -80 -69 -87 -69 -78 
2016-05-19 21:50:03.070777 -77 -71 -84 -80 -84 
2016-05-19 21:50:03.207792 -80 -66 -80 -76 -82 
2016-05-19 21:50:03.312804 -75 -67 -81 -87 -80 
2016-05-19 21:50:03.434821 -81 -68 -76 -72 -82 
2016-05-19 21:50:03.634847 -80 -69 -79 -76 -79 
2016-05-19 21:50:03.738861 -82 -73 -76 -67 -83 
2016-05-19 21:50:03.844877 -83 -70 -83 -74 -83 
2016-05-19 21:50:03.949906 -84 -78 -76 -77 -81 
2016-05-19 21:50:04.269929 -80 -71 -83 -74 -79 
2016-05-19 21:50:04.371940 -76 -73 -78 -75 -80 
2016-05-19 21:50:04.504960 -88 -73 -77 -83 -78 
2016-05-19 21:50:04.608974 -76 -72 -79 -80 -84 
2016-05-19 21:50:04.717988 -78 -69 -79 -77 -80 
2016-05-19 21:50:04.867005 -78 -77 -82 -69 -88 
2016-05-19 21:50:04.970027 -79 -79 -77 -68 -84 
2016-05-19 21:50:05.147042 -79 -76 -83 -72 -80 
2016-05-19 21:50:05.455085 -82 -72 -85 -78 -82 
2016-05-19 21:50:05.557096 -87 -72 -74 -69 -78 
2016-05-19 21:50:05.769125 -76 -71 -83 -78 -82 
2016-05-19 21:50:06.285192 -79 -72 -80 -70 -79 
2016-05-19 21:50:06.488236 -78 -71 -80 -68 -78 
2016-05-19 21:50:06.698254 -82 -71 -83 -79 -84 
2016-05-19 21:50:06.801273 -81 -71 -87 -75 -81 
2016-05-19 21:50:07.102306 -80 -74 -77 -75 -83 
2016-05-19 21:50:07.348339 -76 -70 -77 -72 -78 
2016-05-19 21:50:07.528363 -77 -73 -78 -79 -88 
2016-05-19 21:50:07.634376 -91 -79 -82 -75 -82 
2016-05-19 21:50:07.736396 -74 -71 -77 -78 -85 
2016-05-19 21:50:07.845403 -77 -71 -87 -76 -82 
2016-05-19 21:50:07.948417 -72 -70 -75 -73 -79 
2016-05-19 21:50:08.055441 -80 -76 -82 -75 -87 
2016-05-19 21:50:08.164446 -74 -79 -77 -71 -76 
2016-05-19 21:50:08.378474 -80 -76 -83 -74 -79 
2016-05-19 21:50:08.587498 -85 -83 -82 -75 -75 
2016-05-19 21:50:08.693514 -72 -72 -85 -85 -78 
2016-05-19 21:50:08.905542 -76 -78 -77 -80 -78 
2016-05-19 21:50:09.015556 -80 -70 -87 -79 -84 
2016-05-19 21:50:09.118571 -75 -76 -76 -73 -80 
2016-05-19 21:50:09.222574 -76 -71 -81 -85 -80 
2016-05-19 21:50:09.358595 -75 -70 -76 -71 -84 
2016-05-19 21:50:09.463608 -77 -80 -89 -88 -78 
2016-05-19 21:50:09.625629 -75 -72 -75 -74 -79 
2016-05-19 21:50:09.833656 -91 -70 -81 -77 -82 
2016-05-19 21:50:09.944671 -87 -71 -82 -78 -81 
2016-05-19 21:50:10.064687 -90 -71 -83 -78 -85 
2016-05-19 21:50:10.218707 -87 -72 -79 -82 -81 
2016-05-19 21:50:10.374727 -83 -73 -86 -83 -79 
2016-05-19 21:50:10.484742 -91 -78 -87 -77 -78 
2016-05-19 21:50:10.795782 -81 -73 -78 -83 -83 
2016-05-19 21:50:11.630892 -78 -75 -84 -73 -82 
2016-05-19 21:50:11.948933 -90 -72 -79 -76 -79 
2016-05-19 21:50:12.151963 -75 -73 -80 -73 -81 
2016-05-19 21:50:12.256980 -77 -73 -83 -70 -79 
2016-05-19 21:50:12.363998 -79 -69 -80 -74 -82 
2016-05-19 21:50:12.575015 -81 -67 -80 -68 -82 
2016-05-19 21:50:12.682032 -78 -67 -75 -64 -83 
2016-05-19 21:50:12.877063 -74 -70 -80 -73 -84 
2016-05-19 21:50:13.085081 -76 -75 -79 -70 -80 
2016-05-19 21:50:13.297113 -80 -61 -80 -72 -86 
2016-05-19 21:50:13.405123 -80 -67 -82 -68 -84 
2016-05-19 21:50:13.511137 -85 -62 -71 -77 -84 
2016-05-19 21:50:13.716163 -77 -69 -78 -69 -80 
2016-05-19 21:50:13.821177 -75 -63 -76 -71 -88 
2016-05-19 21:50:13.924194 -77 -63 -75 -74 -79 
2016-05-19 21:50:14.123214 -84 -67 -74 -74 -75 
2016-05-19 21:50:14.347254 -76 -68 -73 -72 -77 
2016-05-19 21:50:14.455261 -85 -78 -74 -82 -81 
2016-05-19 21:50:14.562279 -85 -77 -75 -69 -82 
2016-05-19 21:50:14.738294 -77 -77 -79 -69 -77 
2016-05-19 21:50:14.948321 -82 -70 -82 -69 -83 
2016-05-19 21:50:15.199357 -82 -69 -83 -69 -85 
2016-05-19 21:50:15.365379 -85 -68 -76 -65 -81 
2016-05-19 21:50:15.508413 -81 -66 -80 -67 -81 
2016-05-19 21:50:15.618410 -80 -70 -79 -68 -83 
2016-05-19 21:50:15.916455 -84 -71 -76 -71 -78 
2016-05-19 21:50:16.088470 -89 -74 -84 -66 -76 
2016-05-19 21:50:16.248491 -83 -70 -76 -69 -87 
2016-05-19 21:50:16.351515 -82 -69 -83 -67 -84 
2016-05-19 21:50:16.459530 -83 -75 -80 -78 -83 
2016-05-19 21:50:16.672562 -88 -77 -80 -78 -87 
2016-05-19 21:50:16.773567 -76 -73 -80 -76 -80 
2016-05-19 21:50:16.879585 -78 -87 -77 -69 -86 
2016-05-19 21:50:17.081611 -86 -74 -74 -74 -81 
2016-05-19 21:50:17.393738 -79 -73 -80 -70 -82 
2016-05-19 21:50:17.711685 -83 -68 -80 -69 -82 
2016-05-19 21:50:17.828698 -86 -78 -85 -68 -82 
2016-05-19 21:50:18.148740 -79 -76 -74 -70 -81 
2016-05-19 21:50:18.530792 -75 -71 -78 -68 -75 
2016-05-19 21:50:18.634806 -90 -68 -73 -68 -72 
2016-05-19 21:50:18.782829 -78 -70 -80 -69 -80 
2016-05-19 21:50:18.961849 -76 -73 -76 -69 -73 
2016-05-19 21:50:19.066862 -83 -79 -75 -72 -73 
2016-05-19 21:50:19.380904 -82 -74 -77 -69 -83 
2016-05-19 21:50:19.507923 -75 -71 -73 -68 -83 
2016-05-19 21:50:19.711947 -80 -69 -75 -69 -85 
2016-05-19 21:50:19.930975 -77 -75 -75 -70 -81 
2016-05-19 21:50:20.036994 -79 -87 -74 -69 -79 
2016-05-19 21:50:20.222013 -84 -71 -75 -69 -76 
2016-05-19 21:50:20.327027 -79 -83 -77 -69 -80 
2016-05-19 21:50:20.429037 -84 -71 -85 -68 -86 
2016-05-19 21:50:20.537055 -81 -82 -75 -69 -80 
2016-05-19 21:50:20.636067 -86 -72 -81 -68 -88 
2016-05-19 21:50:20.844091 -78 -78 -80 -71 -82 
2016-05-19 21:50:20.987115 -79 -77 -73 -68 -76 
2016-05-19 21:50:21.137132 -81 -71 -74 -73 -78 
2016-05-19 21:50:21.242146 -86 -78 -74 -69 -83 
2016-05-19 21:50:21.438176 -80 -73 -77 -71 -88 
2016-05-19 21:50:21.963244 -80 -80 -75 -72 -78 
2016-05-19 21:50:22.204269 -80 -73 -73 -71 -83 
2016-05-19 21:50:22.384293 -88 -71 -81 -72 -75 
2016-05-19 21:50:22.756349 -77 -71 -76 -73 -78 
2016-05-19 21:50:22.862358 -76 -72 -75 -69 -76 
2016-05-19 21:50:23.016381 -80 -72 -75 -70 -82 
2016-05-19 21:50:23.289410 -77 -70 -75 -71 -75 
2016-05-19 21:50:23.471438 -78 -78 -74 -73 -90 
2016-05-19 21:50:23.651462 -80 -70 -78 -70 -80 
2016-05-19 21:50:23.863492 -80 -70 -76 -68 -83 
2016-05-19 21:50:24.233540 -79 -84 -73 -69 -87 
2016-05-19 21:50:24.347552 -79 -78 -77 -76 -80 
2016-05-19 21:50:24.659590 -81 -79 -73 -69 -82 
2016-05-19 21:50:24.879618 -77 -74 -75 -69 -86 
2016-05-19 21:50:24.987636 -78 -75 -81 -68 -76 
2016-05-19 21:50:25.133658 -81 -85 -81 -74 -76 
2016-05-19 21:50:25.328684 -82 -80 -74 -67 -77 
2016-05-19 21:50:25.430694 -79 -83 -80 -74 -85 
2016-05-19 21:50:25.753740 -86 -78 -76 -71 -88 
2016-05-19 21:50:26.017770 -79 -75 -80 -69 -74 
2016-05-19 21:50:26.120784 -77 -77 -74 -75 -74 
2016-05-19 21:50:26.275803 -83 -78 -82 -73 -83 
2016-05-19 21:50:26.387819 -83 -79 -75 -63 -85 
2016-05-19 21:50:27.119911 -79 -76 -78 -66 -81 
2016-05-19 21:50:27.349942 -80 -79 -83 -70 -83 
2016-05-19 21:50:27.488966 -76 -71 -77 -62 -84 
2016-05-19 21:50:27.594973 -88 -76 -76 -64 -86 
2016-05-19 21:50:27.757997 -75 -79 -78 -72 -80 
2016-05-19 21:50:27.862011 -78 -75 -81 -72 -80 
2016-05-19 21:50:27.965021 -90 -85 -86 -81 -81 
2016-05-19 21:50:28.072038 -85 -73 -76 -83 -81 
2016-05-19 21:50:28.183054 -76 -76 -82 -74 -77 
2016-05-19 21:50:28.787133 -83 -77 -83 -70 -77 
2016-05-19 21:50:29.253194 -81 -73 -85 -71 -79 
2016-05-19 21:50:29.648244 -77 -78 -80 -67 -78 
2016-05-19 21:50:30.167312 -80 -79 -78 -75 -85 
2016-05-19 21:50:30.303329 -82 -75 -76 -74 -79 
2016-05-19 21:50:30.833399 -78 -86 -82 -72 -83 
2016-05-19 21:50:30.997422 -75 -79 -79 -72 -78 
2016-05-19 21:50:31.206490 -73 -83 -80 -71 -77 
2016-05-19 21:50:31.324467 -75 -87 -73 -74 -88 
2016-05-19 21:50:31.431478 -74 -77 -83 -68 -76 
2016-05-19 21:50:31.636516 -71 -81 -83 -78 -79 
2016-05-19 21:50:31.855530 -69 -75 -83 -75 -80 
2016-05-19 21:50:32.042558 -74 -80 -83 -75 -82 
2016-05-19 21:50:32.201578 -72 -80 -84 -83 -92 
2016-05-19 21:50:32.307592 -68 -82 -84 -69 -86 
2016-05-19 21:50:32.489619 -72 -84 -83 -74 -84 
2016-05-19 21:50:32.683640 -81 -79 -77 -76 -82 
2016-05-19 21:50:32.866669 -88 -83 -83 -70 -81 
2016-05-19 21:50:33.244719 -81 -85 -75 -73 -82 
2016-05-19 21:50:33.351728 -74 -83 -74 -73 -81 
2016-05-19 21:50:33.636770 -84 -82 -74 -73 -74 
2016-05-19 21:50:33.878797 -80 -86 -78 -68 -76 
2016-05-19 21:50:34.148832 -74 -84 -82 -74 -77 
2016-05-19 21:50:34.251846 -69 -79 -86 -76 -75 
2016-05-19 21:50:34.353860 -72 -79 -85 -76 -79 
2016-05-19 21:50:34.606893 -69 -88 -89 -77 -74 
2016-05-19 21:50:34.715904 -79 -87 -86 -70 -78 
2016-05-19 21:50:34.924937 -77 -83 -80 -77 -73 
2016-05-19 21:50:35.085955 -71 -83 -86 -87 -78 
2016-05-19 21:50:35.291019 -72 -84 -82 -69 -90 
2016-05-19 21:50:35.391995 -76 -85 -77 -71 -79 
2016-05-19 21:50:35.579019 -69 -73 -80 -79 -78 
2016-05-19 21:50:35.785050 -69 -79 -82 -80 -81 
2016-05-19 21:50:35.994074 -71 -74 -80 -68 -77 
2016-05-19 21:50:36.343127 -83 -85 -80 -69 -77 
2016-05-19 21:50:36.447141 -73 -88 -81 -68 -81 
2016-05-19 21:50:36.771172 -79 -84 -77 -74 -84 
2016-05-19 21:50:36.975216 -74 -76 -77 -71 -83 
2016-05-19 21:50:37.114220 -74 -77 -77 -85 -84 
2016-05-19 21:50:37.219233 -76 -84 -74 -75 -81 
2016-05-19 21:50:37.359252 -76 -82 -77 -74 -80 
2016-05-19 21:50:37.571277 -85 -80 -76 -81 -86 
2016-05-19 21:50:37.672292 -75 -77 -75 -79 -85 
2016-05-19 21:50:37.841311 -78 -81 -76 -81 -81 
2016-05-19 21:50:37.979332 -75 -80 -78 -83 -83 
2016-05-19 21:50:38.083346 -83 -78 -74 -70 -84 
2016-05-19 21:50:38.186358 -75 -83 -78 -77 -80 
2016-05-19 21:50:38.357402 -77 -83 -74 -76 -82 
2016-05-19 21:50:38.460400 -74 -78 -75 -82 -85 
2016-05-19 21:50:38.673423 -74 -77 -78 -79 -81 
2016-05-19 21:50:38.896455 -76 -82 -74 -78 -84 
2016-05-19 21:50:39.000470 -76 -80 -78 -79 -80 
2016-05-19 21:50:39.209506 -80 -80 -77 -75 -81 
2016-05-19 21:50:39.307507 -75 -78 -77 -79 -84 
2016-05-19 21:50:39.492530 -79 -80 -75 -75 -84 
2016-05-19 21:50:39.593543 -79 -77 -74 -71 -77 
2016-05-19 21:50:39.928587 -75 -80 -75 -71 -81 
2016-05-19 21:50:40.034601 -83 -79 -74 -69 -79 
2016-05-19 21:50:40.356650 -75 -78 -77 -79 -85 
2016-05-19 21:50:40.694687 -82 -80 -75 -75 -81 
2016-05-19 21:50:40.801698 -77 -78 -75 -75 -86 
2016-05-19 21:50:40.902715 -79 -79 -75 -81 -78 
2016-05-19 21:50:41.057735 -74 -78 -75 -79 -87 
2016-05-19 21:50:41.162748 -77 -80 -77 -72 -92 
2016-05-19 21:50:41.263761 -79 -81 -77 -83 -88 
2016-05-19 21:50:41.367783 -79 -78 -75 -71 -78 
2016-05-19 21:50:41.471802 -76 -83 -74 -79 -88 
2016-05-19 21:50:41.576803 -82 -78 -74 -69 -80 
2016-05-19 21:50:41.687817 -75 -78 -75 -79 -87 
2016-05-19 21:50:41.794831 -77 -75 -74 -68 -90 
2016-05-19 21:50:41.900849 -75 -78 -76 -80 -78 
2016-05-19 21:50:42.011857 -80 -83 -74 -68 -85 
2016-05-19 21:50:42.117874 -71 -77 -75 -74 -78 
2016-05-19 21:50:42.224887 -77 -81 -77 -80 -83 
2016-05-19 21:50:42.360926 -77 -79 -76 -75 -79 
2016-05-19 21:50:42.652943 -77 -78 -75 -79 -85 
2016-05-19 21:50:42.850973 -79 -78 -78 -81 -84 
2016-05-19 21:50:43.169011 -76 -79 -74 -73 -78 
2016-05-19 21:50:43.271027 -77 -79 -77 -75 -85 
2016-05-19 21:50:43.473050 -79 -78 -77 -77 -78 
2016-05-19 21:50:43.626074 -74 -80 -75 -69 -86 
2016-05-19 21:50:43.954113 -78 -78 -76 -78 -85 
2016-05-19 21:50:44.105133 -82 -79 -79 -73 -84 
2016-05-19 21:50:44.214147 -74 -80 -74 -77 -78 
2016-05-19 21:50:44.316163 -76 -78 -76 -76 -84 
2016-05-19 21:50:44.531193 -75 -80 -75 -77 -85 
2016-05-19 21:50:44.669207 -75 -85 -74 -79 -77 
2016-05-19 21:50:44.779221 -84 -77 -75 -75 -85 
2016-05-19 21:50:44.905243 -76 -79 -79 -78 -80 
2016-05-19 21:50:45.097260 -77 -82 -76 -78 -83 
2016-05-19 21:50:45.300326 -80 -76 -74 -79 -87 
2016-05-19 21:50:45.406307 -79 -77 -77 -72 -79 
2016-05-19 21:50:45.563324 -80 -84 -75 -74 -79 
2016-05-19 21:50:45.738346 -78 -76 -75 -84 -84 
2016-05-19 21:50:45.845360 -77 -77 -77 -70 -78 
2016-05-19 21:50:45.952371 -84 -83 -76 -71 -86 
2016-05-19 21:50:46.147397 -77 -84 -76 -83 -77 
2016-05-19 21:50:46.351439 -71 -75 -82 -72 -80 
2016-05-19 21:50:46.515500 -76 -73 -78 -68 -81 
2016-05-19 21:50:46.619470 -77 -77 -73 -72 -83 
2016-05-19 21:50:46.726491 -74 -75 -86 -75 -84 
2016-05-19 21:50:46.835497 -69 -73 -79 -72 -84 
2016-05-19 21:50:47.195544 -72 -82 -82 -70 -83 
2016-05-19 21:50:47.376573 -76 -79 -84 -66 -82 
2016-05-19 21:50:47.587595 -75 -74 -81 -69 -80 
2016-05-19 21:50:47.690608 -77 -72 -83 -71 -83 
2016-05-19 21:50:47.793622 -82 -81 -88 -75 -81 
2016-05-19 21:50:48.003650 -80 -77 -83 -77 -82 
2016-05-19 21:50:48.186683 -81 -76 -88 -77 -83 
2016-05-19 21:50:48.288687 -76 -75 -88 -73 -83 
2016-05-19 21:50:48.564723 -83 -78 -84 -77 -82 
2016-05-19 21:50:48.874763 -85 -82 -85 -68 -81 
2016-05-19 21:50:49.214807 -81 -78 -86 -69 -81 
2016-05-19 21:50:49.510846 -79 -75 -87 -70 -79 
2016-05-19 21:50:49.614860 -83 -80 -83 -69 -81 
2016-05-19 21:50:49.773881 -83 -76 -88 -72 -82 
2016-05-19 21:50:49.977905 -79 -83 -80 -70 -86 
2016-05-19 21:50:50.385961 -83 -80 -86 -71 -78 
2016-05-19 21:50:50.594988 -81 -75 -85 -73 -77 
2016-05-19 21:50:50.803005 -80 -76 -84 -74 -78 
2016-05-19 21:50:50.906021 -81 -77 -88 -66 -86 
2016-05-19 21:50:51.124065 -81 -82 -84 -73 -78 
2016-05-19 21:50:51.444113 -81 -79 -87 -71 -80 
2016-05-19 21:50:51.554114 -82 -82 -92 -66 -85 
2016-05-19 21:50:51.862143 -78 -81 -91 -72 -79 
2016-05-19 21:50:52.064176 -83 -80 -88 -73 -80 
2016-05-19 21:50:52.164186 -82 -82 -88 -74 -88 
769
