80 10
-77 -92 -79 -89 -89 
-77 -89 -79 -87 -89 
-79 -89 -84 -87 -88 
-83 -81 -79 -87 -90 
-79 -84 -82 -87 -88 
-78 -88 -78 -87 -87 
-76 -87 -77 -85 -82 
-80 -84 -78 -87 -85 
-75 -84 -77 -90 -89 
-78 -83 -77 -88 -87 
-78 -83 -77 -89 -85 
-75 -84 -78 -87 -83 
-76 -83 -77 -87 -81 
-77 -90 -76 -87 -83 
-77 -85 -77 -86 -82 
-76 -83 -79 -86 -87 
-81 -84 -78 -88 -87 
-76 -92 -78 -87 -84 
-79 -84 -78 -88 -87 
-79 -83 -77 -89 -89 
-80 -84 -78 -87 -91 
-79 -84 -79 -87 -91 
-78 -85 -77 -86 -86 
-78 -84 -75 -88 -88 
-77 -84 -78 -87 -89 
-73 -85 -76 -88 -88 
-78 -82 -76 -87 -86 
-80 -82 -81 -87 -89 
-78 -86 -77 -88 -85 
-80 -82 -77 -86 -88 
-74 -83 -79 -84 -87 
-78 -90 -78 -87 -89 
-79 -84 -79 -85 -88 
-76 -83 -78 -87 -85 
-77 -82 -78 -87 -84 
-75 -83 -75 -86 -88 
-75 -89 -84 -86 -87 
-75 -81 -83 -87 -91 
-80 -83 -75 -88 -88 
-79 -83 -79 -85 -87 
-78 -85 -77 -87 -85 
-76 -90 -78 -87 -83 
-77 -87 -77 -85 -87 
-80 -88 -74 -88 -89 
-80 -87 -79 -87 -88 
-79 -90 -78 -88 -90 
-80 -86 -79 -85 -84 
-79 -84 -76 -87 -90 
-79 -90 -77 -87 -89 
-77 -89 -76 -85 -86 
-77 -84 -79 -84 -86 
-78 -89 -78 -87 -92 
-75 -83 -76 -84 -91 
-80 -83 -78 -84 -86 
-81 -91 -82 -87 -86 
-81 -91 -79 -87 -90 
-78 -83 -77 -86 -85 
-75 -82 -77 -84 -86 
-75 -80 -80 -87 -87 
-79 -82 -78 -85 -87 
-80 -90 -77 -86 -91 
-82 -90 -79 -87 -90 
-80 -90 -77 -89 -90 
-79 -85 -78 -89 -89 
-79 -86 -78 -88 -91 
-80 -91 -77 -89 -89 
-79 -87 -78 -88 -86 
-79 -84 -77 -88 -83 
-78 -84 -77 -88 -84 
-77 -84 -77 -86 -86 
-81 -83 -80 -86 -88 
-78 -83 -80 -88 -85 
-78 -83 -77 -87 -87 
-78 -84 -77 -85 -87 
-80 -84 -78 -88 -91 
-74 -83 -77 -89 -88 
-75 -83 -77 -89 -85 
-80 -81 -79 -87 -89 
-77 -83 -77 -87 -89 
-79 -83 -78 -86 -89 