104 11
-81 -79 -78 -85 -87 
-79 -86 -83 -87 -89 
-78 -84 -77 -85 -84 
-80 -84 -80 -91 -84 
-78 -80 -82 -85 -86 
-79 -81 -79 -86 -83 
-80 -81 -79 -89 -81 
-80 -85 -81 -89 -89 
-80 -91 -75 -89 -82 
-79 -81 -84 -84 -83 
-81 -80 -81 -88 -82 
-82 -82 -83 -85 -83 
-79 -83 -82 -84 -82 
-78 -80 -79 -86 -82 
-80 -82 -79 -86 -83 
-81 -84 -81 -85 -84 
-78 -78 -81 -87 -82 
-79 -85 -77 -85 -83 
-77 -84 -78 -84 -83 
-81 -83 -82 -86 -82 
-81 -81 -80 -86 -89 
-79 -83 -77 -86 -90 
-81 -77 -80 -85 -86 
-81 -83 -76 -87 -82 
-83 -82 -79 -84 -81 
-80 -82 -79 -87 -87 
-76 -83 -84 -87 -82 
-81 -79 -80 -89 -87 
-79 -82 -79 -86 -83 
-78 -82 -80 -86 -84 
-78 -82 -81 -86 -84 
-79 -79 -77 -86 -83 
-80 -81 -81 -86 -84 
-78 -87 -81 -89 -83 
-79 -81 -80 -84 -83 
-78 -81 -80 -86 -84 
-81 -82 -76 -86 -83 
-77 -87 -80 -84 -83 
-80 -80 -78 -87 -83 
-77 -77 -79 -89 -83 
-77 -79 -83 -84 -83 
-78 -82 -78 -85 -83 
-77 -86 -77 -89 -83 
-80 -82 -83 -84 -84 
-77 -83 -83 -84 -83 
-78 -85 -79 -86 -83 
-79 -82 -82 -88 -83 
-77 -79 -79 -85 -83 
-78 -84 -81 -87 -83 
-78 -84 -79 -88 -83 
-78 -84 -76 -86 -83 
-79 -90 -80 -88 -84 
-80 -90 -82 -89 -84 
-78 -85 -81 -87 -84 
-78 -86 -81 -86 -84 
-79 -80 -80 -88 -84 
-78 -83 -83 -87 -83 
-80 -81 -83 -86 -84 
-80 -82 -80 -87 -84 
-79 -82 -81 -87 -83 
-78 -80 -83 -89 -84 
-79 -89 -83 -92 -84 
-79 -83 -81 -88 -85 
-78 -86 -81 -86 -92 
-80 -81 -82 -86 -83 
-79 -85 -77 -83 -82 
-80 -84 -81 -81 -88 
-78 -83 -79 -84 -84 
-79 -82 -78 -85 -84 
-79 -80 -77 -86 -87 
-79 -83 -75 -85 -89 
-79 -83 -79 -86 -84 
-81 -84 -79 -86 -82 
-78 -85 -76 -86 -83 
-78 -85 -80 -88 -85 
-79 -85 -82 -88 -88 
-80 -91 -78 -87 -83 
-76 -81 -79 -87 -84 
-80 -81 -79 -85 -88 
-79 -79 -76 -88 -88 
-80 -82 -80 -85 -83 
-83 -87 -79 -82 -82 
-82 -83 -76 -83 -83 
-82 -87 -79 -83 -83 
-82 -87 -81 -84 -83 
-81 -86 -80 -85 -83 
-78 -80 -82 -84 -83 
-77 -86 -78 -89 -82 
-78 -84 -83 -85 -85 
-81 -85 -80 -87 -83 
-81 -83 -80 -86 -82 
-81 -80 -78 -86 -82 
-80 -87 -81 -87 -83 
-79 -83 -80 -84 -84 
-79 -80 -77 -84 -83 
-80 -85 -83 -84 -83 
-80 -80 -75 -84 -84 
-80 -81 -83 -83 -85 
-80 -87 -80 -90 -87 
-85 -85 -76 -88 -82 
-81 -83 -79 -85 -84 
-83 -80 -80 -84 -83 
-82 -80 -81 -89 -90 
-80 -81 -80 -89 -84 