121 13
-81 -85 -77 -82 -86 
-80 -89 -76 -81 -87 
-77 -85 -80 -83 -87 
-80 -85 -79 -84 -87 
-79 -86 -81 -85 -87 
-80 -86 -83 -86 -85 
-79 -84 -83 -91 -86 
-80 -84 -78 -83 -85 
-82 -86 -79 -83 -87 
-82 -84 -81 -84 -87 
-82 -85 -88 -83 -86 
-80 -86 -78 -83 -87 
-81 -86 -83 -83 -86 
-80 -87 -79 -84 -87 
-79 -86 -84 -84 -86 
-83 -83 -81 -83 -86 
-78 -87 -85 -83 -85 
-79 -84 -77 -83 -87 
-81 -87 -81 -83 -88 
-79 -87 -78 -84 -87 
-81 -87 -76 -84 -85 
-79 -86 -79 -90 -87 
-79 -86 -81 -83 -85 
-78 -84 -78 -84 -85 
-79 -86 -84 -83 -88 
-79 -88 -80 -83 -86 
-79 -90 -85 -84 -85 
-80 -85 -82 -91 -87 
-81 -84 -80 -85 -86 
-79 -83 -80 -83 -86 
-80 -89 -80 -82 -86 
-83 -85 -77 -88 -84 
-79 -89 -81 -86 -87 
-77 -87 -79 -83 -86 
-80 -86 -81 -85 -85 
-80 -87 -79 -81 -84 
-78 -84 -80 -83 -87 
-78 -87 -79 -90 -85 
-79 -85 -79 -83 -86 
-80 -85 -79 -84 -85 
-80 -84 -78 -91 -87 
-81 -84 -79 -81 -88 
-77 -87 -77 -82 -85 
-82 -85 -77 -83 -83 
-78 -85 -76 -83 -88 
-78 -84 -80 -83 -88 
-78 -85 -80 -84 -86 
-78 -83 -79 -83 -84 
-82 -89 -85 -83 -89 
-80 -82 -81 -86 -85 
-80 -84 -80 -84 -91 
-79 -85 -79 -84 -87 
-80 -88 -79 -85 -85 
-78 -88 -81 -83 -81 
-78 -83 -80 -88 -84 
-84 -88 -80 -84 -81 
-86 -83 -76 -87 -84 
-82 -85 -78 -85 -85 
-80 -86 -80 -90 -84 
-77 -84 -80 -81 -85 
-78 -85 -81 -81 -86 
-77 -86 -78 -86 -85 
-77 -85 -82 -84 -85 
-80 -85 -82 -82 -85 
-81 -83 -83 -85 -86 
-77 -86 -78 -83 -84 
-78 -84 -81 -83 -84 
-77 -89 -77 -83 -83 
-80 -87 -77 -83 -84 
-82 -85 -75 -82 -85 
-80 -85 -78 -89 -84 
-83 -83 -75 -83 -86 
-80 -86 -78 -90 -83 
-80 -85 -77 -83 -84 
-80 -88 -78 -84 -82 
-83 -88 -79 -83 -88 
-81 -84 -75 -83 -86 
-83 -88 -81 -83 -82 
-82 -86 -81 -87 -84 
-81 -87 -78 -83 -88 
-79 -86 -78 -83 -90 
-77 -87 -77 -83 -84 
-77 -85 -77 -83 -85 
-82 -89 -81 -90 -87 
-76 -84 -80 -87 -86 
-76 -87 -81 -90 -82 
-80 -87 -77 -82 -81 
-78 -85 -77 -83 -82 
-79 -84 -77 -83 -82 
-76 -86 -77 -83 -85 
-76 -88 -78 -83 -83 
-76 -85 -77 -83 -87 
-75 -86 -80 -83 -82 
-76 -86 -78 -91 -84 
-79 -86 -79 -83 -84 
-79 -84 -81 -81 -80 
-80 -86 -79 -83 -85 
-76 -86 -81 -80 -87 
-80 -87 -77 -83 -85 
-78 -85 -79 -83 -84 
-75 -85 -80 -82 -85 
-78 -85 -78 -83 -85 
-79 -87 -78 -83 -85 
-76 -85 -81 -82 -85 
-82 -87 -77 -81 -83 
-84 -84 -78 -83 -88 
-79 -84 -77 -83 -83 
-79 -87 -79 -80 -83 
-78 -88 -80 -83 -83 
-77 -88 -78 -83 -85 
-79 -86 -78 -84 -84 
-79 -85 -82 -86 -87 
-76 -86 -82 -82 -85 
-78 -86 -89 -84 -88 
-76 -86 -82 -85 -86 
-76 -87 -78 -84 -91 
-76 -85 -81 -84 -89 
-76 -85 -77 -85 -87 
-76 -84 -77 -85 -85 
-77 -84 -78 -83 -86 
-76 -83 -82 -86 -88 