58 14
-75 -87 -87 -86 -81 
-78 -85 -84 -84 -84 
-73 -88 -83 -86 -81 
-75 -85 -84 -86 -84 
-75 -86 -83 -86 -83 
-75 -87 -85 -86 -83 
-75 -87 -85 -86 -82 
-77 -86 -85 -86 -83 
-74 -86 -86 -86 -81 
-78 -86 -85 -86 -83 
-74 -85 -86 -85 -83 
-76 -85 -84 -85 -83 
-76 -86 -84 -85 -82 
-76 -86 -84 -85 -84 
-75 -87 -84 -85 -84 
-75 -85 -85 -91 -84 
-76 -87 -86 -86 -86 
-75 -87 -85 -86 -84 
-77 -87 -83 -85 -85 
-79 -87 -84 -87 -84 
-75 -89 -82 -87 -83 
-77 -87 -83 -87 -86 
-77 -87 -87 -87 -83 
-77 -87 -84 -87 -86 
-75 -87 -83 -86 -83 
-76 -86 -88 -85 -84 
-78 -87 -87 -86 -84 
-76 -86 -85 -85 -83 
-77 -86 -88 -86 -86 
-76 -86 -86 -85 -82 
-77 -86 -87 -85 -83 
-78 -86 -89 -86 -84 
-75 -87 -86 -89 -81 
-74 -86 -84 -87 -82 
-74 -89 -85 -87 -82 
-78 -86 -85 -87 -85 
-78 -86 -86 -86 -84 
-75 -87 -86 -87 -85 
-72 -86 -81 -86 -84 
-75 -85 -82 -88 -85 
-76 -86 -83 -88 -86 
-75 -86 -85 -87 -84 
-77 -91 -82 -87 -85 
-76 -86 -85 -86 -84 
-75 -86 -87 -87 -83 
-77 -88 -88 -86 -86 
-75 -87 -86 -86 -86 
-77 -85 -85 -89 -83 
-78 -84 -83 -88 -82 
-80 -84 -81 -88 -83 
-79 -83 -82 -88 -83 
-76 -84 -83 -89 -85 
-78 -84 -86 -91 -82 
-75 -86 -85 -88 -83 
-77 -87 -91 -87 -82 
-76 -86 -87 -88 -80 
-78 -85 -85 -86 -80 
-82 -86 -86 -90 -82 