90 2
-79 -81 -80 -85 -90 
-83 -84 -82 -85 -88 
-82 -81 -82 -86 -87 
-84 -87 -78 -82 -88 
-80 -84 -78 -84 -88 
-80 -83 -82 -84 -87 
-83 -81 -83 -84 -88 
-84 -82 -86 -83 -86 
-82 -81 -80 -85 -88 
-87 -82 -83 -85 -87 
-81 -82 -84 -85 -89 
-88 -84 -84 -85 -88 
-82 -85 -82 -82 -88 
-87 -82 -81 -83 -89 
-85 -84 -83 -90 -89 
-88 -81 -80 -82 -88 
-83 -81 -77 -84 -89 
-84 -82 -84 -86 -89 
-84 -83 -81 -83 -89 
-85 -84 -80 -85 -89 
-84 -82 -82 -80 -90 
-83 -85 -79 -81 -89 
-85 -82 -79 -84 -88 
-84 -84 -76 -79 -89 
-84 -83 -76 -82 -89 
-85 -84 -79 -81 -89 
-83 -84 -80 -82 -89 
-83 -83 -80 -83 -88 
-84 -83 -78 -81 -89 
-85 -86 -78 -81 -90 
-83 -84 -79 -81 -90 
-85 -85 -79 -79 -90 
-82 -83 -75 -82 -90 
-84 -82 -80 -80 -90 
-84 -83 -79 -83 -90 
-85 -84 -76 -80 -89 
-84 -83 -76 -81 -90 
-85 -83 -80 -84 -89 
-84 -84 -80 -84 -89 
-84 -84 -79 -83 -89 
-85 -84 -78 -83 -88 
-84 -83 -79 -81 -89 
-83 -83 -81 -82 -89 
-83 -84 -79 -83 -88 
-84 -86 -77 -82 -89 
-83 -84 -79 -84 -89 
-84 -84 -79 -82 -89 
-84 -84 -79 -82 -89 
-86 -84 -77 -91 -89 
-84 -84 -75 -80 -89 
-84 -84 -77 -84 -89 
-83 -83 -77 -82 -89 
-84 -84 -82 -84 -88 
-84 -83 -79 -81 -89 
-84 -85 -80 -81 -89 
-85 -83 -79 -83 -88 
-85 -86 -78 -79 -90 
-84 -83 -79 -82 -89 
-84 -81 -82 -84 -89 
-85 -83 -79 -82 -90 
-85 -83 -82 -91 -89 
-84 -84 -78 -81 -89 
-86 -86 -82 -81 -89 
-84 -83 -80 -81 -89 
-84 -84 -78 -83 -89 
-84 -83 -78 -82 -89 
-83 -83 -77 -81 -89 
-84 -83 -77 -81 -89 
-83 -83 -79 -82 -89 
-84 -83 -81 -83 -90 
-84 -83 -82 -90 -89 
-87 -83 -81 -88 -89 
-85 -81 -80 -86 -89 
-87 -83 -80 -86 -90 
-86 -82 -80 -86 -89 
-84 -81 -80 -81 -89 
-83 -81 -79 -85 -88 
-85 -81 -79 -84 -89 
-88 -81 -82 -84 -88 
-86 -85 -82 -83 -89 
-88 -81 -79 -87 -87 
-90 -83 -81 -84 -89 
-87 -86 -83 -83 -92 
-84 -82 -79 -84 -90 
-85 -80 -79 -81 -88 
-81 -82 -82 -86 -90 
-86 -83 -84 -85 -86 
-79 -84 -81 -83 -89 
-80 -84 -80 -85 -89 
-85 -91 -83 -84 -87 