144 4
-86 -80 -79 -86 -83 
-81 -76 -83 -88 -90 
-81 -79 -84 -88 -81 
-85 -78 -81 -84 -84 
-85 -79 -79 -84 -84 
-85 -78 -79 -86 -91 
-83 -75 -79 -84 -88 
-87 -80 -74 -86 -84 
-83 -76 -73 -86 -84 
-86 -77 -73 -87 -86 
-86 -81 -73 -83 -85 
-87 -76 -73 -81 -86 
-81 -73 -72 -82 -85 
-82 -79 -74 -82 -86 
-81 -74 -75 -81 -79 
-83 -80 -72 -84 -85 
-87 -77 -73 -80 -85 
-85 -75 -72 -84 -83 
-80 -77 -74 -80 -84 
-80 -79 -74 -81 -83 
-85 -81 -73 -85 -81 
-78 -79 -76 -82 -83 
-81 -77 -73 -87 -83 
-84 -75 -74 -88 -86 
-84 -78 -73 -84 -82 
-83 -83 -72 -84 -83 
-82 -81 -78 -82 -86 
-85 -79 -75 -84 -88 
-87 -78 -75 -83 -88 
-84 -76 -77 -89 -84 
-82 -79 -73 -82 -83 
-82 -79 -72 -83 -89 
-82 -78 -72 -84 -83 
-82 -79 -72 -84 -86 
-80 -78 -75 -90 -84 
-80 -78 -71 -83 -85 
-82 -80 -72 -84 -83 
-82 -74 -74 -81 -83 
-87 -80 -68 -83 -84 
-84 -78 -73 -86 -83 
-84 -80 -77 -84 -88 
-82 -80 -73 -85 -86 
-81 -79 -74 -85 -83 
-83 -79 -73 -87 -85 
-82 -79 -72 -84 -88 
-84 -77 -73 -84 -87 
-84 -78 -72 -84 -83 
-85 -81 -71 -90 -83 
-83 -78 -73 -83 -89 
-84 -80 -73 -82 -83 
-84 -80 -75 -90 -84 
-87 -78 -73 -86 -84 
-84 -76 -70 -85 -89 
-86 -81 -75 -85 -90 
-83 -80 -73 -84 -84 
-87 -81 -74 -84 -91 
-82 -78 -75 -83 -84 
-85 -81 -75 -83 -84 
-85 -79 -73 -82 -85 
-85 -76 -75 -84 -84 
-83 -78 -73 -85 -83 
-86 -78 -71 -84 -83 
-83 -80 -70 -87 -87 
-83 -77 -73 -83 -83 
-87 -78 -72 -82 -83 
-89 -79 -75 -86 -83 
-89 -78 -73 -85 -82 
-83 -80 -73 -84 -82 
-82 -78 -73 -84 -83 
-83 -78 -74 -85 -84 
-83 -79 -74 -86 -83 
-84 -81 -74 -86 -83 
-83 -79 -73 -86 -82 
-82 -77 -75 -84 -86 
-82 -79 -73 -83 -83 
-83 -78 -74 -90 -89 
-83 -80 -73 -90 -85 
-83 -80 -73 -84 -82 
-83 -80 -71 -87 -81 
-84 -79 -75 -85 -82 
-84 -78 -73 -82 -81 
-84 -80 -72 -86 -81 
-82 -80 -75 -83 -82 
-85 -78 -73 -84 -81 
-87 -78 -73 -86 -82 
-86 -79 -71 -86 -83 
-86 -78 -73 -86 -89 
-83 -78 -72 -84 -85 
-84 -77 -70 -84 -90 
-84 -77 -74 -84 -89 
-81 -79 -73 -83 -83 
-83 -78 -75 -83 -82 
-82 -79 -72 -84 -83 
-83 -81 -73 -84 -82 
-83 -79 -74 -86 -84 
-82 -78 -74 -85 -88 
-84 -81 -73 -85 -82 
-83 -78 -72 -84 -81 
-84 -79 -73 -82 -81 
-83 -80 -71 -80 -81 
-82 -78 -71 -84 -81 
-81 -79 -72 -89 -82 
-82 -76 -71 -83 -84 
-83 -79 -71 -88 -83 
-84 -78 -72 -84 -82 
-79 -80 -74 -87 -82 
-82 -78 -72 -90 -83 
-82 -79 -72 -86 -81 
-83 -79 -74 -84 -84 
-84 -78 -74 -86 -84 
-80 -76 -71 -86 -83 
-81 -80 -74 -84 -85 
-84 -78 -71 -83 -83 
-89 -80 -73 -83 -85 
-85 -80 -73 -86 -86 
-88 -80 -76 -81 -85 
-89 -82 -74 -87 -85 
-83 -80 -69 -85 -84 
-89 -78 -72 -82 -86 
-83 -79 -81 -83 -86 
-81 -77 -83 -86 -85 
-82 -81 -88 -86 -84 
-81 -81 -82 -83 -85 
-84 -78 -88 -89 -86 
-84 -78 -81 -83 -83 
-87 -77 -80 -85 -88 
-85 -78 -75 -87 -85 
-87 -81 -74 -83 -85 
-87 -81 -75 -83 -85 
-86 -79 -74 -84 -85 
-86 -77 -73 -85 -85 
-85 -77 -74 -85 -85 
-85 -79 -73 -86 -84 
-85 -80 -74 -85 -84 
-84 -79 -73 -84 -86 
-88 -79 -74 -84 -83 
-89 -77 -74 -84 -85 
-88 -78 -74 -84 -86 
-86 -82 -73 -85 -83 
-91 -79 -74 -86 -86 
-84 -79 -71 -84 -87 
-91 -78 -73 -85 -85 
-84 -79 -74 -84 -86 
-90 -80 -71 -83 -86 