228 5
-75 -81 -75 -80 -84 
-79 -81 -79 -81 -83 
-78 -84 -78 -81 -83 
-78 -83 -79 -82 -88 
-78 -82 -78 -81 -88 
-81 -83 -76 -86 -87 
-76 -83 -75 -80 -85 
-76 -86 -77 -80 -85 
-79 -89 -82 -81 -82 
-81 -80 -77 -81 -86 
-76 -82 -79 -81 -83 
-78 -84 -76 -82 -84 
-80 -83 -75 -83 -84 
-74 -83 -76 -81 -82 
-76 -82 -77 -82 -87 
-80 -86 -77 -80 -83 
-74 -83 -79 -84 -87 
-80 -84 -79 -81 -84 
-81 -81 -81 -82 -83 
-79 -84 -77 -83 -83 
-77 -84 -78 -84 -83 
-77 -83 -79 -80 -83 
-77 -83 -79 -80 -87 
-79 -83 -76 -83 -81 
-77 -83 -76 -81 -86 
-79 -81 -80 -81 -85 
-80 -83 -78 -81 -85 
-79 -82 -77 -83 -83 
-80 -81 -78 -81 -83 
-79 -86 -81 -81 -81 
-80 -83 -78 -81 -85 
-76 -83 -80 -82 -84 
-79 -82 -79 -80 -82 
-77 -81 -79 -81 -83 
-78 -84 -77 -81 -85 
-80 -84 -79 -81 -85 
-77 -81 -74 -82 -83 
-79 -85 -78 -81 -83 
-79 -86 -76 -83 -86 
-78 -83 -78 -81 -83 
-77 -82 -80 -80 -83 
-78 -83 -80 -81 -84 
-80 -86 -80 -84 -83 
-80 -86 -77 -81 -83 
-80 -83 -78 -82 -84 
-75 -81 -80 -83 -83 
-80 -85 -81 -81 -87 
-75 -84 -80 -82 -84 
-78 -83 -78 -82 -84 
-78 -84 -81 -82 -83 
-80 -81 -78 -82 -83 
-79 -82 -80 -82 -83 
-78 -81 -78 -81 -84 
-78 -83 -79 -81 -87 
-79 -84 -79 -80 -84 
-80 -84 -81 -83 -85 
-81 -85 -80 -83 -86 
-80 -84 -79 -81 -83 
-81 -82 -80 -84 -84 
-80 -83 -80 -83 -84 
-80 -86 -77 -81 -84 
-80 -82 -77 -84 -83 
-80 -86 -80 -81 -83 
-77 -83 -80 -81 -83 
-78 -85 -80 -81 -85 
-80 -82 -80 -81 -87 
-79 -84 -80 -81 -85 
-79 -83 -78 -80 -84 
-79 -86 -80 -82 -85 
-79 -82 -80 -81 -83 
-75 -82 -81 -83 -83 
-79 -86 -80 -81 -84 
-80 -82 -83 -81 -84 
-76 -82 -80 -83 -84 
-78 -82 -79 -81 -86 
-80 -86 -82 -81 -85 
-77 -84 -76 -84 -86 
-78 -82 -78 -84 -87 
-78 -81 -81 -80 -83 
-78 -82 -80 -81 -84 
-78 -86 -78 -84 -87 
-80 -81 -82 -83 -83 
-80 -84 -78 -82 -83 
-80 -84 -80 -83 -84 
-80 -84 -80 -81 -84 
-80 -82 -79 -84 -84 
-77 -83 -78 -84 -84 
-80 -87 -80 -84 -84 
-80 -83 -78 -81 -83 
-75 -85 -78 -82 -85 
-77 -81 -79 -81 -84 
-77 -82 -80 -80 -83 
-76 -84 -74 -82 -83 
-77 -84 -81 -82 -82 
-79 -86 -79 -82 -87 
-77 -86 -78 -80 -87 
-77 -86 -79 -85 -85 
-77 -77 -77 -81 -84 
-77 -83 -76 -84 -86 
-77 -83 -74 -86 -83 
-77 -82 -76 -86 -85 
-80 -85 -77 -87 -83 
-77 -84 -79 -86 -83 
-79 -81 -82 -82 -87 
-79 -84 -76 -82 -83 
-80 -83 -77 -82 -85 
-79 -84 -79 -82 -86 
-77 -83 -77 -80 -85 
-77 -82 -77 -80 -83 
-77 -83 -79 -81 -86 
-76 -82 -74 -81 -85 
-80 -83 -79 -80 -85 
-80 -81 -77 -82 -86 
-80 -83 -77 -81 -86 
-80 -83 -80 -83 -84 
-82 -86 -77 -81 -81 
-75 -83 -76 -81 -84 
-77 -81 -77 -84 -86 
-77 -83 -77 -81 -83 
-81 -84 -78 -80 -85 
-78 -82 -79 -81 -85 
-80 -83 -77 -81 -85 
-80 -82 -77 -83 -85 
-80 -82 -77 -83 -84 
-77 -81 -78 -83 -85 
-80 -82 -76 -83 -86 
-77 -84 -78 -80 -85 
-78 -83 -80 -82 -86 
-79 -81 -78 -82 -85 
-80 -81 -80 -80 -85 
-77 -82 -80 -83 -87 
-77 -83 -75 -81 -86 
-80 -82 -79 -82 -85 
-78 -83 -78 -81 -84 
-80 -82 -80 -80 -84 
-77 -81 -78 -80 -85 
-78 -83 -77 -80 -87 
-80 -83 -77 -81 -84 
-75 -83 -80 -83 -86 
-80 -81 -77 -80 -85 
-75 -82 -80 -84 -86 
-77 -83 -77 -83 -84 
-80 -84 -76 -80 -84 
-75 -83 -78 -84 -84 
-79 -83 -79 -83 -84 
-77 -84 -80 -84 -86 
-77 -83 -77 -80 -84 
-80 -83 -76 -80 -86 
-77 -83 -78 -84 -83 
-80 -84 -77 -80 -85 
-75 -82 -76 -80 -86 
-80 -83 -77 -84 -86 
-81 -82 -76 -80 -84 
-77 -83 -77 -80 -84 
-80 -83 -77 -80 -86 
-77 -83 -78 -80 -83 
-77 -83 -78 -80 -84 
-77 -83 -77 -80 -83 
-80 -84 -76 -84 -87 
-79 -83 -77 -82 -84 
-79 -82 -76 -80 -86 
-80 -83 -79 -81 -84 
-77 -83 -76 -81 -87 
-77 -82 -77 -81 -85 
-75 -84 -80 -83 -85 
-80 -81 -78 -81 -87 
-77 -82 -81 -80 -86 
-80 -82 -78 -83 -83 
-77 -83 -78 -80 -83 
-77 -83 -79 -83 -84 
-80 -83 -79 -81 -87 
-75 -83 -78 -80 -85 
-77 -82 -79 -83 -84 
-80 -83 -75 -84 -86 
-81 -83 -76 -83 -84 
-76 -82 -78 -81 -86 
-81 -84 -75 -80 -84 
-78 -83 -77 -83 -84 
-80 -83 -78 -80 -83 
-78 -83 -77 -81 -83 
-78 -82 -77 -81 -87 
-78 -82 -79 -81 -85 
-80 -83 -78 -83 -85 
-75 -82 -78 -80 -84 
-75 -83 -78 -81 -82 
-79 -84 -78 -81 -84 
-81 -80 -80 -81 -85 
-78 -83 -77 -81 -84 
-78 -82 -78 -81 -86 
-78 -84 -80 -86 -84 
-78 -78 -86 -84 -84 
-81 -84 -83 -83 -84 
-79 -84 -86 -83 -83 
-79 -84 -79 -82 -88 
-83 -84 -80 -82 -88 
-83 -86 -78 -80 -86 
-80 -84 -79 -81 -87 
-78 -86 -77 -83 -86 
-83 -82 -84 -86 -87 
-80 -83 -78 -83 -89 
-79 -85 -79 -81 -91 
-80 -82 -78 -81 -89 
-77 -84 -79 -80 -84 
-75 -82 -77 -81 -83 
-83 -82 -76 -81 -86 
-80 -88 -77 -81 -85 
-83 -83 -79 -81 -86 
-81 -82 -80 -81 -83 
-81 -87 -77 -84 -84 
-81 -86 -77 -81 -83 
-83 -83 -76 -81 -83 
-83 -86 -78 -80 -84 
-80 -88 -77 -81 -83 
-77 -84 -79 -81 -86 
-81 -88 -75 -82 -84 
-80 -87 -80 -81 -83 
-87 -87 -78 -82 -85 
-87 -85 -80 -80 -84 
-84 -81 -79 -81 -86 
-78 -81 -80 -82 -86 
-80 -84 -79 -81 -87 
-83 -84 -80 -81 -87 
-83 -83 -77 -81 -85 
-81 -83 -78 -81 -84 
-78 -83 -77 -79 -86 
-79 -83 -77 -81 -88 
-81 -82 -77 -81 -90 
-81 -82 -77 -81 -89 