182 6
-79 -85 -81 -76 -83 
-81 -88 -83 -76 -85 
-78 -88 -83 -80 -83 
-81 -87 -79 -81 -88 
-80 -88 -80 -79 -86 
-75 -85 -83 -79 -87 
-79 -87 -80 -76 -84 
-80 -86 -82 -78 -90 
-78 -88 -79 -83 -87 
-82 -86 -74 -76 -83 
-78 -87 -84 -76 -85 
-77 -87 -83 -83 -84 
-76 -85 -75 -76 -89 
-79 -86 -83 -76 -84 
-81 -86 -73 -83 -87 
-75 -86 -74 -76 -83 
-77 -86 -82 -76 -87 
-75 -86 -82 -78 -86 
-75 -85 -75 -77 -86 
-80 -86 -74 -78 -84 
-82 -86 -74 -89 -86 
-81 -85 -75 -76 -85 
-78 -86 -75 -76 -82 
-76 -86 -82 -75 -84 
-80 -85 -75 -76 -82 
-78 -87 -84 -77 -87 
-78 -86 -80 -79 -85 
-81 -86 -84 -78 -83 
-78 -85 -79 -82 -85 
-80 -85 -73 -75 -85 
-79 -84 -75 -83 -81 
-80 -86 -79 -76 -86 
-81 -85 -74 -75 -89 
-80 -87 -78 -81 -85 
-81 -87 -81 -77 -88 
-80 -82 -75 -79 -85 
-81 -82 -76 -77 -85 
-77 -83 -81 -77 -86 
-77 -81 -77 -77 -84 
-83 -81 -73 -75 -84 
-76 -90 -77 -78 -85 
-82 -80 -73 -77 -86 
-79 -82 -77 -75 -84 
-78 -84 -72 -75 -81 
-78 -82 -79 -81 -83 
-76 -91 -72 -78 -87 
-80 -81 -78 -81 -85 
-82 -81 -81 -77 -87 
-81 -87 -76 -77 -83 
-80 -81 -79 -77 -86 
-79 -81 -79 -81 -83 
-79 -80 -79 -78 -84 
-81 -86 -74 -79 -87 
-85 -81 -84 -78 -85 
-81 -83 -77 -77 -83 
-76 -82 -74 -77 -87 
-79 -82 -82 -77 -87 
-77 -82 -84 -78 -88 
-80 -86 -82 -77 -86 
-77 -82 -73 -77 -83 
-76 -82 -74 -75 -84 
-76 -88 -77 -77 -88 
-75 -82 -80 -75 -88 
-77 -81 -79 -76 -83 
-82 -84 -80 -78 -83 
-77 -81 -74 -78 -84 
-77 -81 -72 -78 -87 
-79 -92 -79 -76 -85 
-79 -78 -80 -77 -85 
-75 -81 -77 -77 -85 
-77 -81 -80 -76 -86 
-77 -82 -77 -77 -85 
-82 -83 -74 -77 -87 
-76 -81 -80 -77 -83 
-82 -82 -80 -79 -86 
-82 -83 -82 -77 -88 
-79 -82 -77 -77 -83 
-76 -86 -83 -78 -88 
-77 -87 -73 -78 -85 
-78 -81 -73 -84 -88 
-83 -89 -77 -76 -83 
-80 -85 -80 -77 -88 
-77 -81 -76 -78 -86 
-77 -88 -72 -77 -86 
-77 -85 -78 -79 -86 
-77 -81 -80 -85 -87 
-80 -87 -80 -78 -86 
-80 -82 -79 -90 -85 
-76 -82 -79 -93 -87 
-79 -85 -76 -84 -83 
-79 -90 -78 -78 -87 
-78 -88 -79 -77 -86 
-82 -85 -81 -85 -85 
-79 -81 -81 -84 -85 
-79 -84 -82 -77 -84 
-81 -83 -85 -77 -87 
-77 -91 -80 -78 -84 
-77 -83 -76 -89 -82 
-81 -85 -87 -80 -84 
-79 -83 -84 -76 -90 
-80 -82 -80 -78 -82 
-77 -85 -80 -78 -85 
-80 -86 -82 -82 -82 
-77 -79 -85 -77 -84 
-77 -90 -81 -77 -82 
-79 -80 -80 -80 -84 
-79 -83 -79 -89 -87 
-78 -88 -82 -77 -85 
-78 -90 -82 -78 -87 
-78 -89 -80 -77 -88 
-78 -85 -78 -77 -89 
-79 -80 -80 -79 -86 
-79 -81 -79 -79 -83 
-79 -83 -79 -78 -83 
-77 -87 -84 -78 -85 
-77 -82 -80 -80 -83 
-78 -85 -76 -77 -86 
-81 -85 -77 -80 -90 
-81 -83 -79 -82 -87 
-82 -82 -80 -78 -84 
-82 -81 -79 -85 -86 
-77 -82 -80 -78 -85 
-79 -85 -81 -80 -83 
-80 -86 -76 -78 -89 
-78 -84 -75 -80 -84 
-79 -85 -79 -79 -83 
-83 -81 -78 -78 -87 
-86 -89 -73 -78 -83 
-79 -83 -83 -82 -92 
-79 -83 -79 -82 -86 
-83 -83 -80 -82 -86 
-79 -82 -78 -78 -85 
-79 -89 -72 -79 -83 
-78 -89 -76 -84 -82 
-79 -80 -77 -92 -84 
-77 -80 -75 -91 -82 
-79 -79 -77 -77 -83 
-79 -78 -76 -77 -84 
-79 -81 -80 -77 -82 
-80 -80 -76 -83 -84 
-79 -80 -73 -84 -82 
-79 -77 -80 -73 -88 
-78 -78 -76 -78 -87 
-77 -90 -90 -77 -87 
-79 -82 -78 -78 -89 
-78 -87 -86 -89 -87 
-76 -84 -86 -81 -84 
-78 -79 -76 -77 -89 
-76 -78 -86 -90 -81 
-76 -81 -79 -78 -82 
-78 -80 -77 -91 -89 
-79 -89 -76 -76 -84 
-79 -79 -77 -77 -85 
-77 -78 -82 -81 -86 
-76 -84 -87 -77 -88 
-76 -79 -77 -77 -86 
-79 -80 -77 -78 -88 
-78 -88 -82 -77 -86 
-79 -87 -78 -83 -84 
-79 -83 -78 -76 -85 
-79 -91 -80 -78 -84 
-79 -82 -83 -78 -82 
-78 -78 -81 -83 -84 
-78 -82 -89 -76 -87 
-80 -82 -86 -78 -83 
-79 -81 -82 -77 -89 
-81 -80 -82 -78 -83 
-81 -81 -86 -80 -87 
-79 -84 -75 -79 -85 
-82 -82 -86 -81 -87 
-81 -80 -74 -85 -85 
-81 -81 -85 -89 -84 
-81 -80 -85 -84 -84 
-79 -81 -74 -81 -90 
-80 -91 -74 -80 -84 
-80 -81 -85 -79 -83 
-80 -81 -85 -80 -84 
-79 -83 -76 -79 -83 
-81 -83 -79 -80 -82 
-83 -82 -74 -80 -83 
-82 -82 -81 -78 -85 
-82 -88 -77 -80 -87 