37 8
-82 -86 -84 -92 -89 
-82 -87 -84 -91 -87 
-84 -87 -84 -92 -87 
-83 -87 -85 -92 -86 
-82 -86 -84 -92 -88 
-84 -87 -83 -92 -87 
-83 -87 -84 -93 -86 
-83 -87 -85 -93 -87 
-84 -87 -84 -92 -87 
-83 -87 -82 -92 -87 
-83 -87 -84 -92 -87 
-83 -87 -83 -91 -86 
-83 -87 -84 -92 -86 
-83 -87 -84 -94 -86 
-84 -87 -84 -91 -86 
-83 -87 -83 -91 -87 
-82 -87 -84 -91 -85 
-83 -87 -84 -92 -85 
-82 -87 -84 -93 -86 
-82 -87 -84 -91 -86 
-82 -87 -84 -92 -86 
-85 -88 -85 -92 -86 
-82 -87 -85 -90 -85 
-82 -87 -84 -93 -87 
-83 -87 -84 -92 -86 
-83 -87 -84 -92 -87 
-82 -87 -84 -90 -87 
-83 -88 -84 -91 -90 
-84 -87 -84 -90 -89 
-87 -89 -84 -92 -87 
-88 -88 -85 -91 -87 
-90 -86 -85 -92 -87 
-90 -88 -86 -92 -88 
-90 -87 -86 -92 -87 
-87 -90 -86 -92 -86 
-86 -87 -85 -90 -90 
-86 -87 -82 -90 -90 
